allele	position	GT	ref.reads	alt1.reads	alt2.reads	total.reads	length	var_sites	perc_ref	perc_alt1	perc_alt2	perc_variant
10100_Gorai.010G161400.1_Adi026	1743	1/1	0	7	NA	7	2477	3	0	100	NA	0.121114251110214
10100_Gorai.010G161400.1_Adi026	1784	1/1	0	4	NA	4	2477	3	0	100	NA	0.121114251110214
10100_Gorai.010G161400.1_Adi026	2375	1/1	0	5	NA	5	2477	3	0	100	NA	0.121114251110214
10100_Gorai.010G161400.1_Adi026_3	683	1/1	0	8	NA	8	2477	3	0	100	NA	0.121114251110214
10100_Gorai.010G161400.1_Adi026_3	686	1/1	0	8	NA	8	2477	3	0	100	NA	0.121114251110214
10100_Gorai.010G161400.1_Adi026_3	1743	1/1	0	11	NA	11	2477	3	0	100	NA	0.121114251110214
10249_Gorai.004G099900.1_Adi026	645	1/1	0	20	NA	20	1910	1	0	100	NA	0.0523560209424084
10249_Gorai.004G099900.1_Adi026_3	645	1/1	1	31	NA	32	1910	1	3	97	NA	0.0523560209424084
1028_Gorai.013G094000.2_Adi026	861	0/1	22	18	NA	40	1767	3	55	45	NA	0.169779286926995
1028_Gorai.013G094000.2_Adi026	984	1/1	5	28	NA	33	1767	3	15	85	NA	0.169779286926995
1028_Gorai.013G094000.2_Adi026	1117	0/1	18	24	NA	42	1767	3	43	57	NA	0.169779286926995
1028_Gorai.013G094000.2_Adi026_3	861	0/1	20	15	NA	35	1767	2	57	43	NA	0.113186191284663
1028_Gorai.013G094000.2_Adi026_3	984	1/1	2	37	NA	39	1767	2	5	95	NA	0.113186191284663
10375_Gorai.003G120400.2_P1_Adi026	1821	1/1	3	9	NA	12	2208	1	25	75	NA	0.0452898550724638
10375_Gorai.003G120400.2_P1_Adi026_3	1821	1/1	3	5	NA	8	2208	1	38	62	NA	0.0452898550724638
10378_Gorai.008G223500.4_P1_Adi026	445	0/1	8	3	NA	11	1492	1	73	27	NA	0.0670241286863271
10447_Gorai.007G227000.1_Adi026	546	0/1	5	2	NA	7	2069	3	71	29	NA	0.14499758337361
10447_Gorai.007G227000.1_Adi026	863	0/1	5	2	NA	7	2069	3	71	29	NA	0.14499758337361
10447_Gorai.007G227000.1_Adi026	1681	0/1	9	3	NA	12	2069	3	75	25	NA	0.14499758337361
11201_Gorai.009G235000.3_Adi026	137	1/1	3	9	NA	12	1088	8	25	75	NA	0.735294117647059
11201_Gorai.009G235000.3_Adi026	140	1/1	3	9	NA	12	1088	8	25	75	NA	0.735294117647059
11201_Gorai.009G235000.3_Adi026	146	1/1	3	11	NA	14	1088	8	21	79	NA	0.735294117647059
11201_Gorai.009G235000.3_Adi026	152	1/1	3	13	NA	16	1088	8	19	81	NA	0.735294117647059
11201_Gorai.009G235000.3_Adi026	176	1/1	3	13	NA	16	1088	8	19	81	NA	0.735294117647059
11201_Gorai.009G235000.3_Adi026	239	1/1	2	9	NA	11	1088	8	18	82	NA	0.735294117647059
11201_Gorai.009G235000.3_Adi026	254	1/1	2	8	NA	10	1088	8	20	80	NA	0.735294117647059
11201_Gorai.009G235000.3_Adi026	285	1/1	1	8	NA	9	1088	8	11	89	NA	0.735294117647059
11201_Gorai.009G235000.3_Adi026_3	152	1/1	1	19	NA	20	1088	4	5	95	NA	0.367647058823529
11201_Gorai.009G235000.3_Adi026_3	239	1/1	0	13	NA	13	1088	4	0	100	NA	0.367647058823529
11201_Gorai.009G235000.3_Adi026_3	254	1/1	0	12	NA	12	1088	4	0	100	NA	0.367647058823529
11201_Gorai.009G235000.3_Adi026_3	285	1/1	0	8	NA	8	1088	4	0	100	NA	0.367647058823529
11217_Gorai.002G050300.2_P1_Adi026	217	0/1	14	16	NA	30	1365	14	47	53	NA	1.02564102564103
11217_Gorai.002G050300.2_P1_Adi026	220	0/1	14	17	NA	31	1365	14	45	55	NA	1.02564102564103
11217_Gorai.002G050300.2_P1_Adi026	253	0/1	20	15	NA	35	1365	14	57	43	NA	1.02564102564103
11217_Gorai.002G050300.2_P1_Adi026	362	1/1	0	9	NA	9	1365	14	0	100	NA	1.02564102564103
11217_Gorai.002G050300.2_P1_Adi026	388	0/1	5	4	NA	9	1365	14	56	44	NA	1.02564102564103
11217_Gorai.002G050300.2_P1_Adi026	398	1/1	0	9	NA	9	1365	14	0	100	NA	1.02564102564103
11217_Gorai.002G050300.2_P1_Adi026	418	1/1	0	7	NA	7	1365	14	0	100	NA	1.02564102564103
11217_Gorai.002G050300.2_P1_Adi026	430	1/1	0	7	NA	7	1365	14	0	100	NA	1.02564102564103
11217_Gorai.002G050300.2_P1_Adi026	1054	1/1	12	21	NA	33	1365	14	36	64	NA	1.02564102564103
11217_Gorai.002G050300.2_P1_Adi026	1060	1/1	11	22	NA	33	1365	14	33	67	NA	1.02564102564103
11217_Gorai.002G050300.2_P1_Adi026	1099	1/1	8	31	NA	39	1365	14	21	79	NA	1.02564102564103
11217_Gorai.002G050300.2_P1_Adi026	1135	1/1	6	39	NA	45	1365	14	13	87	NA	1.02564102564103
11217_Gorai.002G050300.2_P1_Adi026	1198	1/1	6	40	NA	46	1365	14	13	87	NA	1.02564102564103
11217_Gorai.002G050300.2_P1_Adi026	1261	1/1	0	28	NA	28	1365	14	0	100	NA	1.02564102564103
11217_Gorai.002G050300.2_P1_Adi026_3	217	1/1	6	23	NA	29	1365	10	21	79	NA	0.732600732600733
11217_Gorai.002G050300.2_P1_Adi026_3	220	1/1	6	23	NA	29	1365	10	21	79	NA	0.732600732600733
11217_Gorai.002G050300.2_P1_Adi026_3	398	1/1	0	9	NA	9	1365	10	0	100	NA	0.732600732600733
11217_Gorai.002G050300.2_P1_Adi026_3	418	1/1	0	8	NA	8	1365	10	0	100	NA	0.732600732600733
11217_Gorai.002G050300.2_P1_Adi026_3	430	1/1	0	7	NA	7	1365	10	0	100	NA	0.732600732600733
11217_Gorai.002G050300.2_P1_Adi026_3	455	1/1	0	2	NA	2	1365	10	0	100	NA	0.732600732600733
11217_Gorai.002G050300.2_P1_Adi026_3	456	1/1	0	2	NA	2	1365	10	0	100	NA	0.732600732600733
11217_Gorai.002G050300.2_P1_Adi026_3	1135	1/1	2	54	NA	56	1365	10	4	96	NA	0.732600732600733
11217_Gorai.002G050300.2_P1_Adi026_3	1198	1/1	2	44	NA	46	1365	10	4	96	NA	0.732600732600733
11217_Gorai.002G050300.2_P1_Adi026_3	1261	1/1	0	31	NA	31	1365	10	0	100	NA	0.732600732600733
11382_Gorai.009G038200.1_Adi026	138	1/1	4	3	NA	7	2362	4	57	43	NA	0.169348010160881
11382_Gorai.009G038200.1_Adi026	143	1/1	5	3	NA	8	2362	4	62	38	NA	0.169348010160881
11382_Gorai.009G038200.1_Adi026	158	1/1	5	2	NA	7	2362	4	71	29	NA	0.169348010160881
11382_Gorai.009G038200.1_Adi026	182	1/1	5	2	NA	7	2362	4	71	29	NA	0.169348010160881
1189_Gorai.008G016300.1_P1_Adi026	181	1/1	8	16	NA	24	3823	6	33	67	NA	0.156944807742611
1189_Gorai.008G016300.1_P1_Adi026	260	1/1	0	21	NA	21	3823	6	0	100	NA	0.156944807742611
1189_Gorai.008G016300.1_P1_Adi026	275	1/1	0	19	NA	19	3823	6	0	100	NA	0.156944807742611
1189_Gorai.008G016300.1_P1_Adi026	2847	1/1	2	28	NA	30	3823	6	7	93	NA	0.156944807742611
1189_Gorai.008G016300.1_P1_Adi026	3348	1/1	6	10	NA	16	3823	6	38	62	NA	0.156944807742611
1189_Gorai.008G016300.1_P1_Adi026	3553	1/1	0	14	NA	14	3823	6	0	100	NA	0.156944807742611
1189_Gorai.008G016300.1_P1_Adi026_3	274	0/1	6	17	NA	23	3823	11	26	74	NA	0.287732147528119
1189_Gorai.008G016300.1_P1_Adi026_3	278	1/1	0	24	NA	24	3823	11	0	100	NA	0.287732147528119
1189_Gorai.008G016300.1_P1_Adi026_3	302	1/1	0	23	NA	23	3823	11	0	100	NA	0.287732147528119
1189_Gorai.008G016300.1_P1_Adi026_3	356	1/1	0	37	NA	37	3823	11	0	100	NA	0.287732147528119
1189_Gorai.008G016300.1_P1_Adi026_3	400	0/1	23	29	NA	52	3823	11	44	56	NA	0.287732147528119
1189_Gorai.008G016300.1_P1_Adi026_3	467	1/1	0	55	NA	55	3823	11	0	100	NA	0.287732147528119
1189_Gorai.008G016300.1_P1_Adi026_3	560	0/1	28	25	NA	53	3823	11	53	47	NA	0.287732147528119
1189_Gorai.008G016300.1_P1_Adi026_3	563	0/1	28	26	NA	54	3823	11	52	48	NA	0.287732147528119
1189_Gorai.008G016300.1_P1_Adi026_3	2847	1/1	2	22	NA	24	3823	11	8	92	NA	0.287732147528119
1189_Gorai.008G016300.1_P1_Adi026_3	3348	0/1	8	7	NA	15	3823	11	53	47	NA	0.287732147528119
1189_Gorai.008G016300.1_P1_Adi026_3	3553	1/1	0	9	NA	9	3823	11	0	100	NA	0.287732147528119
12126_Gorai.001G182500.1_Adi026	83	0/1	5	3	NA	8	1131	3	62	38	NA	0.26525198938992
12126_Gorai.001G182500.1_Adi026	527	0/1	7	3	NA	10	1131	3	70	30	NA	0.26525198938992
12126_Gorai.001G182500.1_Adi026	532	0/1	5	3	NA	8	1131	3	62	38	NA	0.26525198938992
12798_Gorai.008G004800.1_Adi026	733	1/1	0	8	NA	8	2041	2	0	100	NA	0.0979911807937286
12798_Gorai.008G004800.1_Adi026	1709	0/1	5	3	NA	8	2041	2	62	38	NA	0.0979911807937286
1316_Gorai.010G255400.1_Adi026	663	0/1	7	12	NA	19	6082	15	37	63	NA	0.246629398224268
1316_Gorai.010G255400.1_Adi026	717	1/1	4	13	NA	17	6082	15	24	76	NA	0.246629398224268
1316_Gorai.010G255400.1_Adi026	728	1/1	5	12	NA	17	6082	15	29	71	NA	0.246629398224268
1316_Gorai.010G255400.1_Adi026	899	1/1	6	21	NA	27	6082	15	22	78	NA	0.246629398224268
1316_Gorai.010G255400.1_Adi026	1086	1/1	2	8	NA	10	6082	15	20	80	NA	0.246629398224268
1316_Gorai.010G255400.1_Adi026	2718	1/1	0	2	NA	2	6082	15	0	100	NA	0.246629398224268
1316_Gorai.010G255400.1_Adi026	2719	1/1	0	2	NA	2	6082	15	0	100	NA	0.246629398224268
1316_Gorai.010G255400.1_Adi026	2984	1/1	8	15	NA	23	6082	15	35	65	NA	0.246629398224268
1316_Gorai.010G255400.1_Adi026	3101	1/1	9	11	NA	20	6082	15	45	55	NA	0.246629398224268
1316_Gorai.010G255400.1_Adi026	3153	1/1	8	14	NA	22	6082	15	36	64	NA	0.246629398224268
1316_Gorai.010G255400.1_Adi026	3242	1/1	0	20	NA	20	6082	15	0	100	NA	0.246629398224268
1316_Gorai.010G255400.1_Adi026	3260	1/1	0	18	NA	18	6082	15	0	100	NA	0.246629398224268
1316_Gorai.010G255400.1_Adi026	3730	1/1	0	11	NA	11	6082	15	0	100	NA	0.246629398224268
1316_Gorai.010G255400.1_Adi026	3864	1/1	0	7	NA	7	6082	15	0	100	NA	0.246629398224268
1316_Gorai.010G255400.1_Adi026	4087	1/1	0	13	NA	13	6082	15	0	100	NA	0.246629398224268
1316_Gorai.010G255400.1_Adi026_3	323	1/1	0	2	NA	2	6082	16	0	100	NA	0.263071358105886
1316_Gorai.010G255400.1_Adi026_3	325	1/1	0	2	NA	2	6082	16	0	100	NA	0.263071358105886
1316_Gorai.010G255400.1_Adi026_3	332	1/1	0	3	NA	3	6082	16	0	100	NA	0.263071358105886
1316_Gorai.010G255400.1_Adi026_3	663	0/1	12	11	NA	23	6082	16	52	48	NA	0.263071358105886
1316_Gorai.010G255400.1_Adi026_3	688	0/1	15	9	NA	24	6082	16	62	38	NA	0.263071358105886
1316_Gorai.010G255400.1_Adi026_3	717	0/1	7	17	NA	24	6082	16	29	71	NA	0.263071358105886
1316_Gorai.010G255400.1_Adi026_3	728	0/1	6	18	NA	24	6082	16	25	75	NA	0.263071358105886
1316_Gorai.010G255400.1_Adi026_3	899	1/1	3	17	NA	20	6082	16	15	85	NA	0.263071358105886
1316_Gorai.010G255400.1_Adi026_3	1086	1/1	2	10	NA	12	6082	16	17	83	NA	0.263071358105886
1316_Gorai.010G255400.1_Adi026_3	2984	1/1	13	16	NA	29	6082	16	45	55	NA	0.263071358105886
1316_Gorai.010G255400.1_Adi026_3	3101	1/1	11	15	NA	26	6082	16	42	58	NA	0.263071358105886
1316_Gorai.010G255400.1_Adi026_3	3153	1/1	11	19	NA	30	6082	16	37	63	NA	0.263071358105886
1316_Gorai.010G255400.1_Adi026_3	3242	1/1	1	24	NA	25	6082	16	4	96	NA	0.263071358105886
1316_Gorai.010G255400.1_Adi026_3	3260	1/1	1	23	NA	24	6082	16	4	96	NA	0.263071358105886
1316_Gorai.010G255400.1_Adi026_3	3730	1/1	0	7	NA	7	6082	16	0	100	NA	0.263071358105886
1316_Gorai.010G255400.1_Adi026_3	3864	1/1	0	5	NA	5	6082	16	0	100	NA	0.263071358105886
13380_Gorai.012G123900.8_Adi026	1200	1/1	1	8	NA	9	1773	2	11	89	NA	0.112803158488438
13380_Gorai.012G123900.8_Adi026	1347	1/1	0	8	NA	8	1773	2	0	100	NA	0.112803158488438
13380_Gorai.012G123900.8_Adi026_3	1347	1/1	0	8	NA	8	1773	2	0	100	NA	0.112803158488438
13380_Gorai.012G123900.8_Adi026_3	1419	1/1	0	4	NA	4	1773	2	0	100	NA	0.112803158488438
13692_Gorai.005G223700.2_P1_Adi026_3	1306	1/1	0	4	NA	4	1445	1	0	100	NA	0.069204152249135
13692_Gorai.005G223700.2_P2_Adi026	780	0/1	5	6	NA	11	1345	7	45	55	NA	0.520446096654275
13692_Gorai.005G223700.2_P2_Adi026	900	1/1	2	13	NA	15	1345	7	13	87	NA	0.520446096654275
13692_Gorai.005G223700.2_P2_Adi026	971	1/1	2	8	NA	10	1345	7	20	80	NA	0.520446096654275
13692_Gorai.005G223700.2_P2_Adi026	981	1/1	2	7	NA	9	1345	7	22	78	NA	0.520446096654275
13692_Gorai.005G223700.2_P2_Adi026	988	0/1	6	3	NA	9	1345	7	67	33	NA	0.520446096654275
13692_Gorai.005G223700.2_P2_Adi026	990	1/1	2	7	NA	9	1345	7	22	78	NA	0.520446096654275
13692_Gorai.005G223700.2_P2_Adi026	1008	1/1	2	5	NA	7	1345	7	29	71	NA	0.520446096654275
13692_Gorai.005G223700.2_P2_Adi026_3	771	1/1	0	5	NA	5	1345	9	0	100	NA	0.669144981412639
13692_Gorai.005G223700.2_P2_Adi026_3	777	0/1	2	3	NA	5	1345	9	40	60	NA	0.669144981412639
13692_Gorai.005G223700.2_P2_Adi026_3	780	0/1	3	2	NA	5	1345	9	60	40	NA	0.669144981412639
13692_Gorai.005G223700.2_P2_Adi026_3	789	1/1	0	6	NA	6	1345	9	0	100	NA	0.669144981412639
13692_Gorai.005G223700.2_P2_Adi026_3	900	1/1	0	9	NA	9	1345	9	0	100	NA	0.669144981412639
13692_Gorai.005G223700.2_P2_Adi026_3	971	1/1	0	5	NA	5	1345	9	0	100	NA	0.669144981412639
13692_Gorai.005G223700.2_P2_Adi026_3	981	1/1	0	5	NA	5	1345	9	0	100	NA	0.669144981412639
13692_Gorai.005G223700.2_P2_Adi026_3	990	1/1	0	5	NA	5	1345	9	0	100	NA	0.669144981412639
13692_Gorai.005G223700.2_P2_Adi026_3	1008	1/1	0	5	NA	5	1345	9	0	100	NA	0.669144981412639
1413_Gorai.001G037900.1_P2_Adi026	224	1/1	0	41	NA	41	3048	35	0	100	NA	1.14829396325459
1413_Gorai.001G037900.1_P2_Adi026	225	1/1	0	42	NA	42	3048	35	0	100	NA	1.14829396325459
1413_Gorai.001G037900.1_P2_Adi026	293	1/1	0	42	NA	42	3048	35	0	100	NA	1.14829396325459
1413_Gorai.001G037900.1_P2_Adi026	335	1/1	0	34	NA	34	3048	35	0	100	NA	1.14829396325459
1413_Gorai.001G037900.1_P2_Adi026	375	0/1	11	16	NA	27	3048	35	41	59	NA	1.14829396325459
1413_Gorai.001G037900.1_P2_Adi026	404	1/1	0	24	NA	24	3048	35	0	100	NA	1.14829396325459
1413_Gorai.001G037900.1_P2_Adi026	481	1/2	0	5	5	10	3048	35	0	50	50	1.14829396325459
1413_Gorai.001G037900.1_P2_Adi026	482	1/2	0	5	5	10	3048	35	0	50	50	1.14829396325459
1413_Gorai.001G037900.1_P2_Adi026	507	1/1	0	9	NA	9	3048	35	0	100	NA	1.14829396325459
1413_Gorai.001G037900.1_P2_Adi026	514	1/1	0	8	NA	8	3048	35	0	100	NA	1.14829396325459
1413_Gorai.001G037900.1_P2_Adi026	565	1/1	0	8	NA	8	3048	35	0	100	NA	1.14829396325459
1413_Gorai.001G037900.1_P2_Adi026	1857	1/1	8	23	NA	31	3048	35	26	74	NA	1.14829396325459
1413_Gorai.001G037900.1_P2_Adi026	1934	1/1	1	39	NA	40	3048	35	2	98	NA	1.14829396325459
1413_Gorai.001G037900.1_P2_Adi026	2090	1/1	0	16	NA	16	3048	35	0	100	NA	1.14829396325459
1413_Gorai.001G037900.1_P2_Adi026	2094	0/1	3	12	NA	15	3048	35	20	80	NA	1.14829396325459
1413_Gorai.001G037900.1_P2_Adi026	2098	1/1	0	14	NA	14	3048	35	0	100	NA	1.14829396325459
1413_Gorai.001G037900.1_P2_Adi026	2116	1/1	0	9	NA	9	3048	35	0	100	NA	1.14829396325459
1413_Gorai.001G037900.1_P2_Adi026	2185	1/1	0	4	NA	4	3048	35	0	100	NA	1.14829396325459
1413_Gorai.001G037900.1_P2_Adi026	2195	1/1	0	3	NA	3	3048	35	0	100	NA	1.14829396325459
1413_Gorai.001G037900.1_P2_Adi026	2196	1/1	0	4	NA	4	3048	35	0	100	NA	1.14829396325459
1413_Gorai.001G037900.1_P2_Adi026	2215	0/1	3	5	NA	8	3048	35	38	62	NA	1.14829396325459
1413_Gorai.001G037900.1_P2_Adi026	2221	1/1	0	8	NA	8	3048	35	0	100	NA	1.14829396325459
1413_Gorai.001G037900.1_P2_Adi026	2225	1/1	0	10	NA	10	3048	35	0	100	NA	1.14829396325459
1413_Gorai.001G037900.1_P2_Adi026	2233	1/1	0	10	NA	10	3048	35	0	100	NA	1.14829396325459
1413_Gorai.001G037900.1_P2_Adi026	2267	0/1	9	7	NA	16	3048	35	56	44	NA	1.14829396325459
1413_Gorai.001G037900.1_P2_Adi026	2275	1/1	0	19	NA	19	3048	35	0	100	NA	1.14829396325459
1413_Gorai.001G037900.1_P2_Adi026	2282	1/1	0	19	NA	19	3048	35	0	100	NA	1.14829396325459
1413_Gorai.001G037900.1_P2_Adi026	2288	1/1	0	20	NA	20	3048	35	0	100	NA	1.14829396325459
1413_Gorai.001G037900.1_P2_Adi026	2348	0/1	17	10	NA	27	3048	35	63	37	NA	1.14829396325459
1413_Gorai.001G037900.1_P2_Adi026	2360	1/1	0	29	NA	29	3048	35	0	100	NA	1.14829396325459
1413_Gorai.001G037900.1_P2_Adi026	2432	1/1	0	24	NA	24	3048	35	0	100	NA	1.14829396325459
1413_Gorai.001G037900.1_P2_Adi026	2459	1/1	0	23	NA	23	3048	35	0	100	NA	1.14829396325459
1413_Gorai.001G037900.1_P2_Adi026	2469	1/1	0	19	NA	19	3048	35	0	100	NA	1.14829396325459
1413_Gorai.001G037900.1_P2_Adi026	2471	1/1	0	19	NA	19	3048	35	0	100	NA	1.14829396325459
1413_Gorai.001G037900.1_P2_Adi026	2580	0/1	4	5	NA	9	3048	35	44	56	NA	1.14829396325459
1413_Gorai.001G037900.1_P2_Adi026_3	156	0/1	12	11	NA	23	3048	48	52	48	NA	1.5748031496063
1413_Gorai.001G037900.1_P2_Adi026_3	170	0/1	11	12	NA	23	3048	48	48	52	NA	1.5748031496063
1413_Gorai.001G037900.1_P2_Adi026_3	201	0/1	11	17	NA	28	3048	48	39	61	NA	1.5748031496063
1413_Gorai.001G037900.1_P2_Adi026_3	202	0/1	11	17	NA	28	3048	48	39	61	NA	1.5748031496063
1413_Gorai.001G037900.1_P2_Adi026_3	217	0/1	17	10	NA	27	3048	48	63	37	NA	1.5748031496063
1413_Gorai.001G037900.1_P2_Adi026_3	224	1/1	1	27	NA	28	3048	48	4	96	NA	1.5748031496063
1413_Gorai.001G037900.1_P2_Adi026_3	225	1/1	1	27	NA	28	3048	48	4	96	NA	1.5748031496063
1413_Gorai.001G037900.1_P2_Adi026_3	293	1/1	1	27	NA	28	3048	48	4	96	NA	1.5748031496063
1413_Gorai.001G037900.1_P2_Adi026_3	323	0/1	17	6	NA	23	3048	48	74	26	NA	1.5748031496063
1413_Gorai.001G037900.1_P2_Adi026_3	335	1/1	1	21	NA	22	3048	48	5	95	NA	1.5748031496063
1413_Gorai.001G037900.1_P2_Adi026_3	359	1/2	1	7	16	24	3048	48	4	29	67	1.5748031496063
1413_Gorai.001G037900.1_P2_Adi026_3	404	1/1	1	17	NA	18	3048	48	6	94	NA	1.5748031496063
1413_Gorai.001G037900.1_P2_Adi026_3	417	0/1	4	12	NA	16	3048	48	25	75	NA	1.5748031496063
1413_Gorai.001G037900.1_P2_Adi026_3	482	1/1	0	10	NA	10	3048	48	0	100	NA	1.5748031496063
1413_Gorai.001G037900.1_P2_Adi026_3	507	1/1	1	6	NA	7	3048	48	14	86	NA	1.5748031496063
1413_Gorai.001G037900.1_P2_Adi026_3	514	1/1	1	6	NA	7	3048	48	14	86	NA	1.5748031496063
1413_Gorai.001G037900.1_P2_Adi026_3	518	0/1	4	4	NA	8	3048	48	50	50	NA	1.5748031496063
1413_Gorai.001G037900.1_P2_Adi026_3	565	1/1	3	6	NA	9	3048	48	33	67	NA	1.5748031496063
1413_Gorai.001G037900.1_P2_Adi026_3	593	1/1	3	4	NA	7	3048	48	43	57	NA	1.5748031496063
1413_Gorai.001G037900.1_P2_Adi026_3	594	1/1	3	4	NA	7	3048	48	43	57	NA	1.5748031496063
1413_Gorai.001G037900.1_P2_Adi026_3	1732	1/1	7	25	NA	32	3048	48	22	78	NA	1.5748031496063
1413_Gorai.001G037900.1_P2_Adi026_3	1803	1/1	13	23	NA	36	3048	48	36	64	NA	1.5748031496063
1413_Gorai.001G037900.1_P2_Adi026_3	1823	0/1	14	23	NA	37	3048	48	38	62	NA	1.5748031496063
1413_Gorai.001G037900.1_P2_Adi026_3	1934	0/1	10	35	NA	45	3048	48	22	78	NA	1.5748031496063
1413_Gorai.001G037900.1_P2_Adi026_3	2090	1/1	0	28	NA	28	3048	48	0	100	NA	1.5748031496063
1413_Gorai.001G037900.1_P2_Adi026_3	2221	1/1	0	20	NA	20	3048	48	0	100	NA	1.5748031496063
1413_Gorai.001G037900.1_P2_Adi026_3	2225	1/1	0	19	NA	19	3048	48	0	100	NA	1.5748031496063
1413_Gorai.001G037900.1_P2_Adi026_3	2233	1/1	0	18	NA	18	3048	48	0	100	NA	1.5748031496063
1413_Gorai.001G037900.1_P2_Adi026_3	2275	1/1	1	19	NA	20	3048	48	5	95	NA	1.5748031496063
1413_Gorai.001G037900.1_P2_Adi026_3	2282	1/1	1	21	NA	22	3048	48	5	95	NA	1.5748031496063
1413_Gorai.001G037900.1_P2_Adi026_3	2288	1/1	1	21	NA	22	3048	48	5	95	NA	1.5748031496063
1413_Gorai.001G037900.1_P2_Adi026_3	2301	0/1	13	12	NA	25	3048	48	52	48	NA	1.5748031496063
1413_Gorai.001G037900.1_P2_Adi026_3	2307	0/1	13	12	NA	25	3048	48	52	48	NA	1.5748031496063
1413_Gorai.001G037900.1_P2_Adi026_3	2314	0/1	15	11	NA	26	3048	48	58	42	NA	1.5748031496063
1413_Gorai.001G037900.1_P2_Adi026_3	2323	0/1	12	15	NA	27	3048	48	44	56	NA	1.5748031496063
1413_Gorai.001G037900.1_P2_Adi026_3	2341	0/1	10	16	NA	26	3048	48	38	62	NA	1.5748031496063
1413_Gorai.001G037900.1_P2_Adi026_3	2360	1/1	1	27	NA	28	3048	48	4	96	NA	1.5748031496063
1413_Gorai.001G037900.1_P2_Adi026_3	2432	1/1	4	23	NA	27	3048	48	15	85	NA	1.5748031496063
1413_Gorai.001G037900.1_P2_Adi026_3	2458	0/1	15	9	NA	24	3048	48	62	38	NA	1.5748031496063
1413_Gorai.001G037900.1_P2_Adi026_3	2459	1/1	4	19	NA	23	3048	48	17	83	NA	1.5748031496063
1413_Gorai.001G037900.1_P2_Adi026_3	2469	1/1	4	17	NA	21	3048	48	19	81	NA	1.5748031496063
1413_Gorai.001G037900.1_P2_Adi026_3	2471	1/1	4	17	NA	21	3048	48	19	81	NA	1.5748031496063
1413_Gorai.001G037900.1_P2_Adi026_3	2581	1/1	2	6	NA	8	3048	48	25	75	NA	1.5748031496063
1413_Gorai.001G037900.1_P2_Adi026_3	2589	1/1	2	3	NA	5	3048	48	40	60	NA	1.5748031496063
1413_Gorai.001G037900.1_P2_Adi026_3	2592	1/1	2	3	NA	5	3048	48	40	60	NA	1.5748031496063
1413_Gorai.001G037900.1_P2_Adi026_3	2594	1/1	2	3	NA	5	3048	48	40	60	NA	1.5748031496063
1413_Gorai.001G037900.1_P2_Adi026_3	2598	1/1	2	3	NA	5	3048	48	40	60	NA	1.5748031496063
1413_Gorai.001G037900.1_P2_Adi026_3	2622	1/1	1	3	NA	4	3048	48	25	75	NA	1.5748031496063
14421_Gorai.012G106000.2_Adi026	65	1/1	1	6	NA	7	1567	1	14	86	NA	0.0638162093171666
14421_Gorai.012G106000.2_Adi026_3	1082	1/1	9	8	NA	17	1567	1	53	47	NA	0.0638162093171666
14985_Gorai.005G078200.3_Adi026	129	1/1	3	7	NA	10	1815	10	30	70	NA	0.550964187327824
14985_Gorai.005G078200.3_Adi026	147	1/1	3	12	NA	15	1815	10	20	80	NA	0.550964187327824
14985_Gorai.005G078200.3_Adi026	165	1/1	1	18	NA	19	1815	10	5	95	NA	0.550964187327824
14985_Gorai.005G078200.3_Adi026	201	1/1	2	19	NA	21	1815	10	10	90	NA	0.550964187327824
14985_Gorai.005G078200.3_Adi026	207	1/1	4	18	NA	22	1815	10	18	82	NA	0.550964187327824
14985_Gorai.005G078200.3_Adi026	222	1/1	6	18	NA	24	1815	10	25	75	NA	0.550964187327824
14985_Gorai.005G078200.3_Adi026	228	1/1	12	13	NA	25	1815	10	48	52	NA	0.550964187327824
14985_Gorai.005G078200.3_Adi026	231	1/1	7	18	NA	25	1815	10	28	72	NA	0.550964187327824
14985_Gorai.005G078200.3_Adi026	240	1/1	9	19	NA	28	1815	10	32	68	NA	0.550964187327824
14985_Gorai.005G078200.3_Adi026	686	1/1	3	8	NA	11	1815	10	27	73	NA	0.550964187327824
14985_Gorai.005G078200.3_Adi026_3	165	1/1	0	28	NA	28	1815	1	0	100	NA	0.0550964187327824
15300_Gorai.011G069100.2_Adi026	277	0/1	6	3	NA	9	1943	3	67	33	NA	0.154400411734431
15300_Gorai.011G069100.2_Adi026	288	0/1	6	3	NA	9	1943	3	67	33	NA	0.154400411734431
15300_Gorai.011G069100.2_Adi026	426	0/1	11	3	NA	14	1943	3	79	21	NA	0.154400411734431
15967_Gorai.009G226900.2_P2_Adi026	1501	1/1	1	9	NA	10	1899	1	10	90	NA	0.0526592943654555
15967_Gorai.009G226900.2_P2_Adi026_3	1199	1/1	0	4	NA	4	1899	2	0	100	NA	0.105318588730911
15967_Gorai.009G226900.2_P2_Adi026_3	1628	1/1	1	3	NA	4	1899	2	25	75	NA	0.105318588730911
1609_Gorai.007G247300.1_P2_Adi026	1149	1/1	8	31	NA	39	2301	1	21	79	NA	0.0434593654932638
1609_Gorai.007G247300.1_P2_Adi026_3	1149	1/1	11	35	NA	46	2301	1	24	76	NA	0.0434593654932638
16799_Gorai.001G133200.2_Adi026	1821	1/1	0	15	NA	15	2376	1	0	100	NA	0.0420875420875421
17633_Gorai.007G129100.7_Adi026	1121	0/1	6	5	NA	11	1611	1	55	45	NA	0.0620732464307883
1845_Gorai.010G178200.3_Adi026	156	1/1	9	7	NA	16	822	22	56	44	NA	2.67639902676399
1845_Gorai.010G178200.3_Adi026	174	1/1	5	8	NA	13	822	22	38	62	NA	2.67639902676399
1845_Gorai.010G178200.3_Adi026	200	1/1	8	11	NA	19	822	22	42	58	NA	2.67639902676399
1845_Gorai.010G178200.3_Adi026	201	1/1	8	11	NA	19	822	22	42	58	NA	2.67639902676399
1845_Gorai.010G178200.3_Adi026	208	1/1	8	12	NA	20	822	22	40	60	NA	2.67639902676399
1845_Gorai.010G178200.3_Adi026	213	1/1	8	12	NA	20	822	22	40	60	NA	2.67639902676399
1845_Gorai.010G178200.3_Adi026	232	1/1	8	12	NA	20	822	22	40	60	NA	2.67639902676399
1845_Gorai.010G178200.3_Adi026	233	1/1	8	12	NA	20	822	22	40	60	NA	2.67639902676399
1845_Gorai.010G178200.3_Adi026	248	0/1	7	14	NA	21	822	22	33	67	NA	2.67639902676399
1845_Gorai.010G178200.3_Adi026	274	0/1	3	20	NA	23	822	22	13	87	NA	2.67639902676399
1845_Gorai.010G178200.3_Adi026	291	0/1	4	20	NA	24	822	22	17	83	NA	2.67639902676399
1845_Gorai.010G178200.3_Adi026	343	1/1	2	18	NA	20	822	22	10	90	NA	2.67639902676399
1845_Gorai.010G178200.3_Adi026	348	0/1	5	18	NA	23	822	22	22	78	NA	2.67639902676399
1845_Gorai.010G178200.3_Adi026	349	0/1	5	18	NA	23	822	22	22	78	NA	2.67639902676399
1845_Gorai.010G178200.3_Adi026	357	0/1	15	9	NA	24	822	22	62	38	NA	2.67639902676399
1845_Gorai.010G178200.3_Adi026	433	0/1	9	13	NA	22	822	22	41	59	NA	2.67639902676399
1845_Gorai.010G178200.3_Adi026	450	0/1	7	11	NA	18	822	22	39	61	NA	2.67639902676399
1845_Gorai.010G178200.3_Adi026	460	0/1	8	10	NA	18	822	22	44	56	NA	2.67639902676399
1845_Gorai.010G178200.3_Adi026	463	0/1	8	10	NA	18	822	22	44	56	NA	2.67639902676399
1845_Gorai.010G178200.3_Adi026	465	0/1	8	10	NA	18	822	22	44	56	NA	2.67639902676399
1845_Gorai.010G178200.3_Adi026	497	1/1	5	6	NA	11	822	22	45	55	NA	2.67639902676399
1845_Gorai.010G178200.3_Adi026	512	1/1	8	5	NA	13	822	22	62	38	NA	2.67639902676399
1845_Gorai.010G178200.3_Adi026_3	174	0/1	18	5	NA	23	822	4	78	22	NA	0.48661800486618
1845_Gorai.010G178200.3_Adi026_3	348	1/1	0	24	NA	24	822	4	0	100	NA	0.48661800486618
1845_Gorai.010G178200.3_Adi026_3	349	1/1	0	24	NA	24	822	4	0	100	NA	0.48661800486618
1845_Gorai.010G178200.3_Adi026_3	391	0/1	17	7	NA	24	822	4	71	29	NA	0.48661800486618
18821_Gorai.009G001000.2_Adi026	641	1/1	0	10	NA	10	1848	1	0	100	NA	0.0541125541125541
18825_Gorai.004G127500.3_Adi026	78	0/1	6	12	NA	18	1259	17	33	67	NA	1.35027799841144
18825_Gorai.004G127500.3_Adi026	114	0/1	16	8	NA	24	1259	17	67	33	NA	1.35027799841144
18825_Gorai.004G127500.3_Adi026	117	0/1	16	10	NA	26	1259	17	62	38	NA	1.35027799841144
18825_Gorai.004G127500.3_Adi026	147	0/1	20	11	NA	31	1259	17	65	35	NA	1.35027799841144
18825_Gorai.004G127500.3_Adi026	153	0/1	20	11	NA	31	1259	17	65	35	NA	1.35027799841144
18825_Gorai.004G127500.3_Adi026	192	0/1	21	13	NA	34	1259	17	62	38	NA	1.35027799841144
18825_Gorai.004G127500.3_Adi026	204	0/1	22	14	NA	36	1259	17	61	39	NA	1.35027799841144
18825_Gorai.004G127500.3_Adi026	207	0/1	22	14	NA	36	1259	17	61	39	NA	1.35027799841144
18825_Gorai.004G127500.3_Adi026	210	0/1	19	17	NA	36	1259	17	53	47	NA	1.35027799841144
18825_Gorai.004G127500.3_Adi026	216	0/1	22	14	NA	36	1259	17	61	39	NA	1.35027799841144
18825_Gorai.004G127500.3_Adi026	225	0/1	23	14	NA	37	1259	17	62	38	NA	1.35027799841144
18825_Gorai.004G127500.3_Adi026	234	0/1	24	14	NA	38	1259	17	63	37	NA	1.35027799841144
18825_Gorai.004G127500.3_Adi026	273	0/1	22	19	NA	41	1259	17	54	46	NA	1.35027799841144
18825_Gorai.004G127500.3_Adi026	338	0/1	15	18	NA	33	1259	17	45	55	NA	1.35027799841144
18825_Gorai.004G127500.3_Adi026	453	0/1	9	33	NA	42	1259	17	21	79	NA	1.35027799841144
18825_Gorai.004G127500.3_Adi026	883	1/1	0	44	NA	44	1259	17	0	100	NA	1.35027799841144
18825_Gorai.004G127500.3_Adi026	1075	1/1	0	19	NA	19	1259	17	0	100	NA	1.35027799841144
18825_Gorai.004G127500.3_Adi026_3	210	1/1	8	15	NA	23	1259	35	35	65	NA	2.77998411437649
18825_Gorai.004G127500.3_Adi026_3	255	1/1	15	23	NA	38	1259	35	39	61	NA	2.77998411437649
18825_Gorai.004G127500.3_Adi026_3	261	1/1	16	22	NA	38	1259	35	42	58	NA	2.77998411437649
18825_Gorai.004G127500.3_Adi026_3	285	0/1	16	23	NA	39	1259	35	41	59	NA	2.77998411437649
18825_Gorai.004G127500.3_Adi026_3	338	0/1	20	18	NA	38	1259	35	53	47	NA	2.77998411437649
18825_Gorai.004G127500.3_Adi026_3	378	0/1	33	14	NA	47	1259	35	70	30	NA	2.77998411437649
18825_Gorai.004G127500.3_Adi026_3	453	0/1	14	27	NA	41	1259	35	34	66	NA	2.77998411437649
18825_Gorai.004G127500.3_Adi026_3	465	0/1	12	15	NA	27	1259	35	44	56	NA	2.77998411437649
18825_Gorai.004G127500.3_Adi026_3	480	0/1	20	15	NA	35	1259	35	57	43	NA	2.77998411437649
18825_Gorai.004G127500.3_Adi026_3	483	0/1	19	15	NA	34	1259	35	56	44	NA	2.77998411437649
18825_Gorai.004G127500.3_Adi026_3	492	1/1	19	14	NA	33	1259	35	58	42	NA	2.77998411437649
18825_Gorai.004G127500.3_Adi026_3	521	0/1	19	15	NA	34	1259	35	56	44	NA	2.77998411437649
18825_Gorai.004G127500.3_Adi026_3	552	1/1	3	14	NA	17	1259	35	18	82	NA	2.77998411437649
18825_Gorai.004G127500.3_Adi026_3	573	0/1	18	12	NA	30	1259	35	60	40	NA	2.77998411437649
18825_Gorai.004G127500.3_Adi026_3	591	0/1	15	12	NA	27	1259	35	56	44	NA	2.77998411437649
18825_Gorai.004G127500.3_Adi026_3	606	0/1	12	15	NA	27	1259	35	44	56	NA	2.77998411437649
18825_Gorai.004G127500.3_Adi026_3	844	1/1	4	27	NA	31	1259	35	13	87	NA	2.77998411437649
18825_Gorai.004G127500.3_Adi026_3	859	0/1	18	17	NA	35	1259	35	51	49	NA	2.77998411437649
18825_Gorai.004G127500.3_Adi026_3	880	0/1	18	17	NA	35	1259	35	51	49	NA	2.77998411437649
18825_Gorai.004G127500.3_Adi026_3	883	1/1	1	34	NA	35	1259	35	3	97	NA	2.77998411437649
18825_Gorai.004G127500.3_Adi026_3	889	0/1	18	18	NA	36	1259	35	50	50	NA	2.77998411437649
18825_Gorai.004G127500.3_Adi026_3	910	0/1	18	22	NA	40	1259	35	45	55	NA	2.77998411437649
18825_Gorai.004G127500.3_Adi026_3	955	0/1	19	24	NA	43	1259	35	44	56	NA	2.77998411437649
18825_Gorai.004G127500.3_Adi026_3	970	0/1	18	21	NA	39	1259	35	46	54	NA	2.77998411437649
18825_Gorai.004G127500.3_Adi026_3	979	0/1	18	21	NA	39	1259	35	46	54	NA	2.77998411437649
18825_Gorai.004G127500.3_Adi026_3	994	0/1	19	15	NA	34	1259	35	56	44	NA	2.77998411437649
18825_Gorai.004G127500.3_Adi026_3	997	0/1	15	20	NA	35	1259	35	43	57	NA	2.77998411437649
18825_Gorai.004G127500.3_Adi026_3	1033	0/1	8	16	NA	24	1259	35	33	67	NA	2.77998411437649
18825_Gorai.004G127500.3_Adi026_3	1039	0/1	9	17	NA	26	1259	35	35	65	NA	2.77998411437649
18825_Gorai.004G127500.3_Adi026_3	1066	0/1	9	14	NA	23	1259	35	39	61	NA	2.77998411437649
18825_Gorai.004G127500.3_Adi026_3	1075	1/1	2	20	NA	22	1259	35	9	91	NA	2.77998411437649
18825_Gorai.004G127500.3_Adi026_3	1081	1/2	2	13	6	21	1259	35	10	62	29	2.77998411437649
18825_Gorai.004G127500.3_Adi026_3	1096	0/1	5	9	NA	14	1259	35	36	64	NA	2.77998411437649
18825_Gorai.004G127500.3_Adi026_3	1102	0/1	5	8	NA	13	1259	35	38	62	NA	2.77998411437649
18825_Gorai.004G127500.3_Adi026_3	1135	0/1	3	7	NA	10	1259	35	30	70	NA	2.77998411437649
18966_Gorai.006G049000.1_P1_Adi026	108	1/1	8	7	NA	15	1705	16	53	47	NA	0.93841642228739
18966_Gorai.006G049000.1_P1_Adi026	123	0/1	9	7	NA	16	1705	16	56	44	NA	0.93841642228739
18966_Gorai.006G049000.1_P1_Adi026	144	0/1	11	6	NA	17	1705	16	65	35	NA	0.93841642228739
18966_Gorai.006G049000.1_P1_Adi026	180	0/1	20	6	NA	26	1705	16	77	23	NA	0.93841642228739
18966_Gorai.006G049000.1_P1_Adi026	225	0/1	20	8	NA	28	1705	16	71	29	NA	0.93841642228739
18966_Gorai.006G049000.1_P1_Adi026	679	1/1	5	6	NA	11	1705	16	45	55	NA	0.93841642228739
18966_Gorai.006G049000.1_P1_Adi026	730	0/1	8	7	NA	15	1705	16	53	47	NA	0.93841642228739
18966_Gorai.006G049000.1_P1_Adi026	748	0/1	10	4	NA	14	1705	16	71	29	NA	0.93841642228739
18966_Gorai.006G049000.1_P1_Adi026	769	1/2	0	7	8	15	1705	16	0	47	53	0.93841642228739
18966_Gorai.006G049000.1_P1_Adi026	799	0/1	10	7	NA	17	1705	16	59	41	NA	0.93841642228739
18966_Gorai.006G049000.1_P1_Adi026	805	0/1	6	11	NA	17	1705	16	35	65	NA	0.93841642228739
18966_Gorai.006G049000.1_P1_Adi026	853	0/1	12	6	NA	18	1705	16	67	33	NA	0.93841642228739
18966_Gorai.006G049000.1_P1_Adi026	874	1/1	5	8	NA	13	1705	16	38	62	NA	0.93841642228739
18966_Gorai.006G049000.1_P1_Adi026	901	1/1	6	5	NA	11	1705	16	55	45	NA	0.93841642228739
18966_Gorai.006G049000.1_P1_Adi026	904	1/1	6	4	NA	10	1705	16	60	40	NA	0.93841642228739
18966_Gorai.006G049000.1_P1_Adi026	910	1/1	6	5	NA	11	1705	16	55	45	NA	0.93841642228739
18966_Gorai.006G049000.1_P1_Adi026_3	72	1/1	5	8	NA	13	1705	20	38	62	NA	1.17302052785924
18966_Gorai.006G049000.1_P1_Adi026_3	96	1/1	5	11	NA	16	1705	20	31	69	NA	1.17302052785924
18966_Gorai.006G049000.1_P1_Adi026_3	102	1/1	6	11	NA	17	1705	20	35	65	NA	1.17302052785924
18966_Gorai.006G049000.1_P1_Adi026_3	108	1/1	6	12	NA	18	1705	20	33	67	NA	1.17302052785924
18966_Gorai.006G049000.1_P1_Adi026_3	123	1/1	8	14	NA	22	1705	20	36	64	NA	1.17302052785924
18966_Gorai.006G049000.1_P1_Adi026_3	159	1/1	12	16	NA	28	1705	20	43	57	NA	1.17302052785924
18966_Gorai.006G049000.1_P1_Adi026_3	216	1/1	15	15	NA	30	1705	20	50	50	NA	1.17302052785924
18966_Gorai.006G049000.1_P1_Adi026_3	769	1/1	2	16	NA	18	1705	20	11	89	NA	1.17302052785924
18966_Gorai.006G049000.1_P1_Adi026_3	805	1/1	2	16	NA	18	1705	20	11	89	NA	1.17302052785924
18966_Gorai.006G049000.1_P1_Adi026_3	808	0/1	12	6	NA	18	1705	20	67	33	NA	1.17302052785924
18966_Gorai.006G049000.1_P1_Adi026_3	1099	1/1	8	18	NA	26	1705	20	31	69	NA	1.17302052785924
18966_Gorai.006G049000.1_P1_Adi026_3	1393	1/1	31	27	NA	58	1705	20	53	47	NA	1.17302052785924
18966_Gorai.006G049000.1_P1_Adi026_3	1402	1/1	33	26	NA	59	1705	20	56	44	NA	1.17302052785924
18966_Gorai.006G049000.1_P1_Adi026_3	1474	1/1	30	35	NA	65	1705	20	46	54	NA	1.17302052785924
18966_Gorai.006G049000.1_P1_Adi026_3	1483	1/1	32	34	NA	66	1705	20	48	52	NA	1.17302052785924
18966_Gorai.006G049000.1_P1_Adi026_3	1495	1/1	19	35	NA	54	1705	20	35	65	NA	1.17302052785924
18966_Gorai.006G049000.1_P1_Adi026_3	1512	0/1	46	17	NA	63	1705	20	73	27	NA	1.17302052785924
18966_Gorai.006G049000.1_P1_Adi026_3	1552	1/1	18	34	NA	52	1705	20	35	65	NA	1.17302052785924
18966_Gorai.006G049000.1_P1_Adi026_3	1612	1/1	12	22	NA	34	1705	20	35	65	NA	1.17302052785924
18966_Gorai.006G049000.1_P1_Adi026_3	1628	1/1	12	17	NA	29	1705	20	41	59	NA	1.17302052785924
19284_Gorai.006G004600.1_Adi026	354	0/1	15	4	NA	19	1770	6	79	21	NA	0.338983050847458
19284_Gorai.006G004600.1_Adi026	536	0/1	12	5	NA	17	1770	6	71	29	NA	0.338983050847458
19284_Gorai.006G004600.1_Adi026	1598	0/1	5	2	NA	7	1770	6	71	29	NA	0.338983050847458
19284_Gorai.006G004600.1_Adi026	1599	0/1	5	2	NA	7	1770	6	71	29	NA	0.338983050847458
19284_Gorai.006G004600.1_Adi026	1638	0/1	5	2	NA	7	1770	6	71	29	NA	0.338983050847458
19284_Gorai.006G004600.1_Adi026	1654	0/1	5	2	NA	7	1770	6	71	29	NA	0.338983050847458
19864_Gorai.001G236500.2_P3_Adi026	996	1/1	0	21	NA	21	1320	6	0	100	NA	0.454545454545455
19864_Gorai.001G236500.2_P3_Adi026	1045	0/1	12	11	NA	23	1320	6	52	48	NA	0.454545454545455
19864_Gorai.001G236500.2_P3_Adi026	1047	1/1	1	21	NA	22	1320	6	5	95	NA	0.454545454545455
19864_Gorai.001G236500.2_P3_Adi026	1069	0/1	12	8	NA	20	1320	6	60	40	NA	0.454545454545455
19864_Gorai.001G236500.2_P3_Adi026	1103	0/1	14	7	NA	21	1320	6	67	33	NA	0.454545454545455
19864_Gorai.001G236500.2_P3_Adi026	1110	1/1	2	19	NA	21	1320	6	10	90	NA	0.454545454545455
19864_Gorai.001G236500.2_P3_Adi026_3	314	1/1	5	4	NA	9	1320	24	56	44	NA	1.81818181818182
19864_Gorai.001G236500.2_P3_Adi026_3	897	1/1	0	7	NA	7	1320	24	0	100	NA	1.81818181818182
19864_Gorai.001G236500.2_P3_Adi026_3	911	0/1	3	6	NA	9	1320	24	33	67	NA	1.81818181818182
19864_Gorai.001G236500.2_P3_Adi026_3	939	0/1	5	8	NA	13	1320	24	38	62	NA	1.81818181818182
19864_Gorai.001G236500.2_P3_Adi026_3	948	0/1	9	9	NA	18	1320	24	50	50	NA	1.81818181818182
19864_Gorai.001G236500.2_P3_Adi026_3	960	0/1	10	9	NA	19	1320	24	53	47	NA	1.81818181818182
19864_Gorai.001G236500.2_P3_Adi026_3	963	0/1	9	12	NA	21	1320	24	43	57	NA	1.81818181818182
19864_Gorai.001G236500.2_P3_Adi026_3	972	1/2	0	9	14	23	1320	24	0	39	61	1.81818181818182
19864_Gorai.001G236500.2_P3_Adi026_3	981	0/1	10	14	NA	24	1320	24	42	58	NA	1.81818181818182
19864_Gorai.001G236500.2_P3_Adi026_3	987	0/1	15	10	NA	25	1320	24	60	40	NA	1.81818181818182
19864_Gorai.001G236500.2_P3_Adi026_3	990	0/1	15	11	NA	26	1320	24	58	42	NA	1.81818181818182
19864_Gorai.001G236500.2_P3_Adi026_3	996	1/1	0	26	NA	26	1320	24	0	100	NA	1.81818181818182
19864_Gorai.001G236500.2_P3_Adi026_3	1011	0/1	12	17	NA	29	1320	24	41	59	NA	1.81818181818182
19864_Gorai.001G236500.2_P3_Adi026_3	1021	0/1	22	9	NA	31	1320	24	71	29	NA	1.81818181818182
19864_Gorai.001G236500.2_P3_Adi026_3	1026	0/1	12	19	NA	31	1320	24	39	61	NA	1.81818181818182
19864_Gorai.001G236500.2_P3_Adi026_3	1041	0/1	12	18	NA	30	1320	24	40	60	NA	1.81818181818182
19864_Gorai.001G236500.2_P3_Adi026_3	1047	1/1	4	29	NA	33	1320	24	12	88	NA	1.81818181818182
19864_Gorai.001G236500.2_P3_Adi026_3	1068	0/1	22	11	NA	33	1320	24	67	33	NA	1.81818181818182
19864_Gorai.001G236500.2_P3_Adi026_3	1073	0/1	22	11	NA	33	1320	24	67	33	NA	1.81818181818182
19864_Gorai.001G236500.2_P3_Adi026_3	1104	0/1	16	15	NA	31	1320	24	52	48	NA	1.81818181818182
19864_Gorai.001G236500.2_P3_Adi026_3	1110	1/1	6	24	NA	30	1320	24	20	80	NA	1.81818181818182
19864_Gorai.001G236500.2_P3_Adi026_3	1116	0/1	16	13	NA	29	1320	24	55	45	NA	1.81818181818182
19864_Gorai.001G236500.2_P3_Adi026_3	1179	0/1	10	4	NA	14	1320	24	71	29	NA	1.81818181818182
19864_Gorai.001G236500.2_P3_Adi026_3	1180	1/1	6	8	NA	14	1320	24	43	57	NA	1.81818181818182
19901_Gorai.012G089500.2_P2_Adi026	302	0/1	5	2	NA	7	1169	3	71	29	NA	0.256629597946963
19901_Gorai.012G089500.2_P2_Adi026	583	0/1	5	3	NA	8	1169	3	62	38	NA	0.256629597946963
19901_Gorai.012G089500.2_P2_Adi026	644	0/1	9	3	NA	12	1169	3	75	25	NA	0.256629597946963
19957_Gorai.004G097000.1_Adi026	603	0/1	7	4	NA	11	1010	1	64	36	NA	0.099009900990099
20156_Gorai.004G099500.2_Adi026_3	597	1/1	0	4	NA	4	1382	1	0	100	NA	0.0723589001447178
20686_Gorai.013G120800.2_P1_Adi026	1240	1/1	10	16	NA	26	1773	7	38	62	NA	0.394811054709532
20686_Gorai.013G120800.2_P1_Adi026	1243	1/1	0	18	NA	18	1773	7	0	100	NA	0.394811054709532
20686_Gorai.013G120800.2_P1_Adi026	1352	1/1	30	16	NA	46	1773	7	65	35	NA	0.394811054709532
20686_Gorai.013G120800.2_P1_Adi026	1580	1/1	16	21	NA	37	1773	7	43	57	NA	0.394811054709532
20686_Gorai.013G120800.2_P1_Adi026	1595	1/1	13	21	NA	34	1773	7	38	62	NA	0.394811054709532
20686_Gorai.013G120800.2_P1_Adi026	1637	1/1	8	18	NA	26	1773	7	31	69	NA	0.394811054709532
20686_Gorai.013G120800.2_P1_Adi026	1664	1/1	5	14	NA	19	1773	7	26	74	NA	0.394811054709532
20686_Gorai.013G120800.2_P1_Adi026_3	1088	0/1	8	10	NA	18	1773	1	44	56	NA	0.0564015792442188
20686_Gorai.013G120800.2_P2_Adi026	222	1/1	0	9	NA	9	1560	5	0	100	NA	0.320512820512821
20686_Gorai.013G120800.2_P2_Adi026	268	1/1	0	10	NA	10	1560	5	0	100	NA	0.320512820512821
20686_Gorai.013G120800.2_P2_Adi026	342	1/1	0	9	NA	9	1560	5	0	100	NA	0.320512820512821
20686_Gorai.013G120800.2_P2_Adi026	369	1/1	0	8	NA	8	1560	5	0	100	NA	0.320512820512821
20686_Gorai.013G120800.2_P2_Adi026	379	1/1	0	8	NA	8	1560	5	0	100	NA	0.320512820512821
20686_Gorai.013G120800.2_P2_Adi026_3	195	1/1	0	11	NA	11	1560	6	0	100	NA	0.384615384615385
20686_Gorai.013G120800.2_P2_Adi026_3	222	1/1	0	12	NA	12	1560	6	0	100	NA	0.384615384615385
20686_Gorai.013G120800.2_P2_Adi026_3	268	1/1	0	11	NA	11	1560	6	0	100	NA	0.384615384615385
20686_Gorai.013G120800.2_P2_Adi026_3	293	0/1	6	5	NA	11	1560	6	55	45	NA	0.384615384615385
20686_Gorai.013G120800.2_P2_Adi026_3	342	1/1	0	9	NA	9	1560	6	0	100	NA	0.384615384615385
20686_Gorai.013G120800.2_P2_Adi026_3	369	1/1	0	8	NA	8	1560	6	0	100	NA	0.384615384615385
20698_Gorai.012G015200.1_Adi026	662	0/1	17	3	NA	20	2080	7	85	15	NA	0.336538461538462
20698_Gorai.012G015200.1_Adi026	675	0/1	16	4	NA	20	2080	7	80	20	NA	0.336538461538462
20698_Gorai.012G015200.1_Adi026	1033	0/1	11	4	NA	15	2080	7	73	27	NA	0.336538461538462
20698_Gorai.012G015200.1_Adi026	1190	0/1	9	5	NA	14	2080	7	64	36	NA	0.336538461538462
20698_Gorai.012G015200.1_Adi026	1256	0/1	7	3	NA	10	2080	7	70	30	NA	0.336538461538462
20698_Gorai.012G015200.1_Adi026	1264	0/1	7	3	NA	10	2080	7	70	30	NA	0.336538461538462
20698_Gorai.012G015200.1_Adi026	1877	0/1	8	4	NA	12	2080	7	67	33	NA	0.336538461538462
20778_Gorai.005G183500.2_P2_Adi026	389	0/1	8	4	NA	12	1328	2	67	33	NA	0.150602409638554
20778_Gorai.005G183500.2_P2_Adi026	782	0/1	5	2	NA	7	1328	2	71	29	NA	0.150602409638554
20969_Gorai.009G224800.1_P1_Adi026	36	0/1	5	4	NA	9	1086	15	56	44	NA	1.38121546961326
20969_Gorai.009G224800.1_P1_Adi026	63	0/1	6	4	NA	10	1086	15	60	40	NA	1.38121546961326
20969_Gorai.009G224800.1_P1_Adi026	102	0/1	8	3	NA	11	1086	15	73	27	NA	1.38121546961326
20969_Gorai.009G224800.1_P1_Adi026	109	0/1	8	3	NA	11	1086	15	73	27	NA	1.38121546961326
20969_Gorai.009G224800.1_P1_Adi026	111	0/1	8	3	NA	11	1086	15	73	27	NA	1.38121546961326
20969_Gorai.009G224800.1_P1_Adi026	132	0/1	8	3	NA	11	1086	15	73	27	NA	1.38121546961326
20969_Gorai.009G224800.1_P1_Adi026	138	0/1	7	3	NA	10	1086	15	70	30	NA	1.38121546961326
20969_Gorai.009G224800.1_P1_Adi026	144	0/1	7	3	NA	10	1086	15	70	30	NA	1.38121546961326
20969_Gorai.009G224800.1_P1_Adi026	165	0/1	6	3	NA	9	1086	15	67	33	NA	1.38121546961326
20969_Gorai.009G224800.1_P1_Adi026	180	0/1	7	3	NA	10	1086	15	70	30	NA	1.38121546961326
20969_Gorai.009G224800.1_P1_Adi026	184	0/1	9	3	NA	12	1086	15	75	25	NA	1.38121546961326
20969_Gorai.009G224800.1_P1_Adi026	192	0/1	7	3	NA	10	1086	15	70	30	NA	1.38121546961326
20969_Gorai.009G224800.1_P1_Adi026	213	0/1	7	3	NA	10	1086	15	70	30	NA	1.38121546961326
20969_Gorai.009G224800.1_P1_Adi026	966	0/1	5	2	NA	7	1086	15	71	29	NA	1.38121546961326
20969_Gorai.009G224800.1_P1_Adi026	969	0/1	5	2	NA	7	1086	15	71	29	NA	1.38121546961326
22470_Gorai.008G061000.1_P1_Adi026_3	1355	1/1	0	12	NA	12	1452	2	0	100	NA	0.137741046831956
22470_Gorai.008G061000.1_P1_Adi026_3	1377	1/1	0	10	NA	10	1452	2	0	100	NA	0.137741046831956
22470_Gorai.008G061000.1_P2_Adi026	396	1/1	0	4	NA	4	1017	8	0	100	NA	0.786627335299902
22470_Gorai.008G061000.1_P2_Adi026	401	1/1	0	4	NA	4	1017	8	0	100	NA	0.786627335299902
22470_Gorai.008G061000.1_P2_Adi026	407	1/1	0	4	NA	4	1017	8	0	100	NA	0.786627335299902
22470_Gorai.008G061000.1_P2_Adi026	408	1/1	0	4	NA	4	1017	8	0	100	NA	0.786627335299902
22470_Gorai.008G061000.1_P2_Adi026	471	1/1	0	13	NA	13	1017	8	0	100	NA	0.786627335299902
22470_Gorai.008G061000.1_P2_Adi026	492	1/1	0	14	NA	14	1017	8	0	100	NA	0.786627335299902
22470_Gorai.008G061000.1_P2_Adi026	564	1/1	1	14	NA	15	1017	8	7	93	NA	0.786627335299902
22470_Gorai.008G061000.1_P2_Adi026	632	1/1	1	7	NA	8	1017	8	12	88	NA	0.786627335299902
22470_Gorai.008G061000.1_P2_Adi026_3	437	0/1	6	6	NA	12	1017	8	50	50	NA	0.786627335299902
22470_Gorai.008G061000.1_P2_Adi026_3	471	1/1	0	12	NA	12	1017	8	0	100	NA	0.786627335299902
22470_Gorai.008G061000.1_P2_Adi026_3	492	1/1	0	12	NA	12	1017	8	0	100	NA	0.786627335299902
22470_Gorai.008G061000.1_P2_Adi026_3	530	0/1	7	6	NA	13	1017	8	54	46	NA	0.786627335299902
22470_Gorai.008G061000.1_P2_Adi026_3	564	0/1	3	8	NA	11	1017	8	27	73	NA	0.786627335299902
22470_Gorai.008G061000.1_P2_Adi026_3	592	0/1	3	7	NA	10	1017	8	30	70	NA	0.786627335299902
22470_Gorai.008G061000.1_P2_Adi026_3	621	0/1	3	4	NA	7	1017	8	43	57	NA	0.786627335299902
22470_Gorai.008G061000.1_P2_Adi026_3	632	0/1	3	4	NA	7	1017	8	43	57	NA	0.786627335299902
22558_Gorai.007G062300.1_Adi026	230	0/1	5	3	NA	8	1666	1	62	38	NA	0.0600240096038415
23081_Gorai.010G082500.1_Adi026_3	483	1/1	0	6	NA	6	1730	1	0	100	NA	0.0578034682080925
23196_Gorai.007G238700.2_P1_Adi026	412	0/1	5	3	NA	8	1384	1	62	38	NA	0.0722543352601156
23196_Gorai.007G238700.2_P2_Adi026_3	59	1/1	0	7	NA	7	1535	4	0	100	NA	0.260586319218241
23196_Gorai.007G238700.2_P2_Adi026_3	68	1/1	0	9	NA	9	1535	4	0	100	NA	0.260586319218241
23196_Gorai.007G238700.2_P2_Adi026_3	80	1/1	0	9	NA	9	1535	4	0	100	NA	0.260586319218241
23196_Gorai.007G238700.2_P2_Adi026_3	81	1/1	0	9	NA	9	1535	4	0	100	NA	0.260586319218241
23627_Gorai.009G068200.1_P3_Adi026	572	1/1	0	10	NA	10	1383	1	0	100	NA	0.0723065798987708
23627_Gorai.009G068200.1_P3_Adi026_3	224	0/1	1	9	NA	10	1383	3	10	90	NA	0.216919739696312
23627_Gorai.009G068200.1_P3_Adi026_3	272	0/1	1	7	NA	8	1383	3	12	88	NA	0.216919739696312
23627_Gorai.009G068200.1_P3_Adi026_3	307	1/1	0	8	NA	8	1383	3	0	100	NA	0.216919739696312
24559_Gorai.013G093200.1_Adi026	182	0/1	5	4	NA	9	1124	4	56	44	NA	0.355871886120996
24559_Gorai.013G093200.1_Adi026	210	0/1	5	4	NA	9	1124	4	56	44	NA	0.355871886120996
24559_Gorai.013G093200.1_Adi026	258	0/1	6	3	NA	9	1124	4	67	33	NA	0.355871886120996
24559_Gorai.013G093200.1_Adi026	952	0/1	5	4	NA	9	1124	4	56	44	NA	0.355871886120996
25296_Gorai.011G095000.1_Adi026	606	1/1	2	8	NA	10	2026	1	20	80	NA	0.0493583415597236
26234_Gorai.008G042900.1_Adi026	255	0/1	8	3	NA	11	1023	8	73	27	NA	0.782013685239492
26234_Gorai.008G042900.1_Adi026	323	0/1	10	4	NA	14	1023	8	71	29	NA	0.782013685239492
26234_Gorai.008G042900.1_Adi026	350	0/1	14	5	NA	19	1023	8	74	26	NA	0.782013685239492
26234_Gorai.008G042900.1_Adi026	574	0/1	6	4	NA	10	1023	8	60	40	NA	0.782013685239492
26234_Gorai.008G042900.1_Adi026	599	0/1	5	2	NA	7	1023	8	71	29	NA	0.782013685239492
26234_Gorai.008G042900.1_Adi026	835	0/1	7	4	NA	11	1023	8	64	36	NA	0.782013685239492
26234_Gorai.008G042900.1_Adi026	865	0/1	8	4	NA	12	1023	8	67	33	NA	0.782013685239492
26234_Gorai.008G042900.1_Adi026	868	0/1	8	4	NA	12	1023	8	67	33	NA	0.782013685239492
26615_Gorai.002G267900.1_Adi026	57	1/1	0	5	NA	5	1350	6	0	100	NA	0.444444444444444
26615_Gorai.002G267900.1_Adi026	60	1/1	0	5	NA	5	1350	6	0	100	NA	0.444444444444444
26615_Gorai.002G267900.1_Adi026	156	1/1	0	8	NA	8	1350	6	0	100	NA	0.444444444444444
26615_Gorai.002G267900.1_Adi026	204	1/1	0	7	NA	7	1350	6	0	100	NA	0.444444444444444
26615_Gorai.002G267900.1_Adi026	216	1/1	0	4	NA	4	1350	6	0	100	NA	0.444444444444444
26615_Gorai.002G267900.1_Adi026	231	1/1	0	4	NA	4	1350	6	0	100	NA	0.444444444444444
26615_Gorai.002G267900.1_Adi026_3	57	1/1	0	7	NA	7	1350	4	0	100	NA	0.296296296296296
26615_Gorai.002G267900.1_Adi026_3	60	1/1	0	7	NA	7	1350	4	0	100	NA	0.296296296296296
26615_Gorai.002G267900.1_Adi026_3	156	1/1	0	12	NA	12	1350	4	0	100	NA	0.296296296296296
26615_Gorai.002G267900.1_Adi026_3	204	1/1	0	12	NA	12	1350	4	0	100	NA	0.296296296296296
28497_Gorai.012G187500.1_Adi026	917	1/1	1	7	NA	8	1142	1	12	88	NA	0.0875656742556918
2952_Gorai.003G119600.1_Adi026	824	0/1	6	4	NA	10	3180	1	60	40	NA	0.0314465408805031
3084_Gorai.009G072000.2_Adi026	1172	1/1	7	30	NA	37	2185	1	19	81	NA	0.045766590389016
3084_Gorai.009G072000.2_Adi026_3	1172	1/1	8	39	NA	47	2185	1	17	83	NA	0.045766590389016
3275_Gorai.006G000100.1_Adi026_3	3614	1/1	1	14	NA	15	4647	1	7	93	NA	0.021519259737465
3351_Gorai.012G128100.3_P2_Adi026	311	0/1	14	5	NA	19	914	23	74	26	NA	2.5164113785558
3351_Gorai.012G128100.3_P2_Adi026	339	0/1	11	5	NA	16	914	23	69	31	NA	2.5164113785558
3351_Gorai.012G128100.3_P2_Adi026	354	0/1	12	5	NA	17	914	23	71	29	NA	2.5164113785558
3351_Gorai.012G128100.3_P2_Adi026	361	0/1	11	5	NA	16	914	23	69	31	NA	2.5164113785558
3351_Gorai.012G128100.3_P2_Adi026	365	0/1	11	6	NA	17	914	23	65	35	NA	2.5164113785558
3351_Gorai.012G128100.3_P2_Adi026	377	0/1	13	6	NA	19	914	23	68	32	NA	2.5164113785558
3351_Gorai.012G128100.3_P2_Adi026	378	0/1	13	6	NA	19	914	23	68	32	NA	2.5164113785558
3351_Gorai.012G128100.3_P2_Adi026	398	0/1	14	5	NA	19	914	23	74	26	NA	2.5164113785558
3351_Gorai.012G128100.3_P2_Adi026	437	0/1	15	5	NA	20	914	23	75	25	NA	2.5164113785558
3351_Gorai.012G128100.3_P2_Adi026	443	0/1	15	5	NA	20	914	23	75	25	NA	2.5164113785558
3351_Gorai.012G128100.3_P2_Adi026	465	0/1	14	4	NA	18	914	23	78	22	NA	2.5164113785558
3351_Gorai.012G128100.3_P2_Adi026	467	0/1	14	4	NA	18	914	23	78	22	NA	2.5164113785558
3351_Gorai.012G128100.3_P2_Adi026	468	0/1	14	4	NA	18	914	23	78	22	NA	2.5164113785558
3351_Gorai.012G128100.3_P2_Adi026	506	0/1	12	3	NA	15	914	23	80	20	NA	2.5164113785558
3351_Gorai.012G128100.3_P2_Adi026	750	0/1	22	4	NA	26	914	23	85	15	NA	2.5164113785558
3351_Gorai.012G128100.3_P2_Adi026	769	0/1	22	4	NA	26	914	23	85	15	NA	2.5164113785558
3351_Gorai.012G128100.3_P2_Adi026	778	0/1	21	4	NA	25	914	23	84	16	NA	2.5164113785558
3351_Gorai.012G128100.3_P2_Adi026	796	0/1	19	4	NA	23	914	23	83	17	NA	2.5164113785558
3351_Gorai.012G128100.3_P2_Adi026	799	0/1	19	4	NA	23	914	23	83	17	NA	2.5164113785558
3351_Gorai.012G128100.3_P2_Adi026	811	0/1	18	4	NA	22	914	23	82	18	NA	2.5164113785558
3351_Gorai.012G128100.3_P2_Adi026	828	0/1	18	4	NA	22	914	23	82	18	NA	2.5164113785558
3351_Gorai.012G128100.3_P2_Adi026	829	0/1	18	4	NA	22	914	23	82	18	NA	2.5164113785558
3351_Gorai.012G128100.3_P2_Adi026	830	0/1	18	4	NA	22	914	23	82	18	NA	2.5164113785558
3505_Gorai.009G172900.1_P1_Adi026	858	1/1	2	2	NA	4	2614	12	50	50	NA	0.459066564651875
3505_Gorai.009G172900.1_P1_Adi026	966	1/1	3	3	NA	6	2614	12	50	50	NA	0.459066564651875
3505_Gorai.009G172900.1_P1_Adi026	1761	1/1	6	6	NA	12	2614	12	50	50	NA	0.459066564651875
3505_Gorai.009G172900.1_P1_Adi026	1779	1/1	6	6	NA	12	2614	12	50	50	NA	0.459066564651875
3505_Gorai.009G172900.1_P1_Adi026	1788	1/1	6	6	NA	12	2614	12	50	50	NA	0.459066564651875
3505_Gorai.009G172900.1_P1_Adi026	1818	1/1	3	6	NA	9	2614	12	33	67	NA	0.459066564651875
3505_Gorai.009G172900.1_P1_Adi026	1929	1/1	0	7	NA	7	2614	12	0	100	NA	0.459066564651875
3505_Gorai.009G172900.1_P1_Adi026	1935	0/1	5	3	NA	8	2614	12	62	38	NA	0.459066564651875
3505_Gorai.009G172900.1_P1_Adi026	1959	1/1	0	8	NA	8	2614	12	0	100	NA	0.459066564651875
3505_Gorai.009G172900.1_P1_Adi026	1973	1/1	0	9	NA	9	2614	12	0	100	NA	0.459066564651875
3505_Gorai.009G172900.1_P1_Adi026	1988	1/1	0	7	NA	7	2614	12	0	100	NA	0.459066564651875
3505_Gorai.009G172900.1_P1_Adi026	1995	1/1	0	6	NA	6	2614	12	0	100	NA	0.459066564651875
3505_Gorai.009G172900.1_P1_Adi026_3	999	1/1	0	4	NA	4	2614	2	0	100	NA	0.0765110941086457
3505_Gorai.009G172900.1_P1_Adi026_3	1404	1/1	0	8	NA	8	2614	2	0	100	NA	0.0765110941086457
3505_Gorai.009G172900.1_P2_Adi026_3	1891	1/1	1	5	NA	6	2851	1	17	83	NA	0.0350754121360926
4143_Gorai.008G286900.1_Adi026	116	1/1	1	15	NA	16	1762	8	6	94	NA	0.454029511918275
4143_Gorai.008G286900.1_Adi026	155	1/1	1	15	NA	16	1762	8	6	94	NA	0.454029511918275
4143_Gorai.008G286900.1_Adi026	169	1/1	1	15	NA	16	1762	8	6	94	NA	0.454029511918275
4143_Gorai.008G286900.1_Adi026	184	1/1	2	15	NA	17	1762	8	12	88	NA	0.454029511918275
4143_Gorai.008G286900.1_Adi026	216	1/1	3	15	NA	18	1762	8	17	83	NA	0.454029511918275
4143_Gorai.008G286900.1_Adi026	226	1/1	3	12	NA	15	1762	8	20	80	NA	0.454029511918275
4143_Gorai.008G286900.1_Adi026	227	1/1	3	12	NA	15	1762	8	20	80	NA	0.454029511918275
4143_Gorai.008G286900.1_Adi026	273	1/1	4	7	NA	11	1762	8	36	64	NA	0.454029511918275
4143_Gorai.008G286900.1_Adi026_3	78	1/1	0	15	NA	15	1762	3	0	100	NA	0.170261066969353
4143_Gorai.008G286900.1_Adi026_3	116	1/1	0	20	NA	20	1762	3	0	100	NA	0.170261066969353
4143_Gorai.008G286900.1_Adi026_3	155	1/1	0	27	NA	27	1762	3	0	100	NA	0.170261066969353
4165_Gorai.005G207300.1_Adi026	788	1/1	23	3	NA	26	2593	3	88	12	NA	0.115696104897802
4165_Gorai.005G207300.1_Adi026	1058	1/1	8	15	NA	23	2593	3	35	65	NA	0.115696104897802
4165_Gorai.005G207300.1_Adi026	1358	0/1	6	8	NA	14	2593	3	43	57	NA	0.115696104897802
4165_Gorai.005G207300.1_Adi026_3	1058	1/1	7	16	NA	23	2593	2	30	70	NA	0.0771307365985345
4165_Gorai.005G207300.1_Adi026_3	1508	1/1	10	5	NA	15	2593	2	67	33	NA	0.0771307365985345
4304_Gorai.010G125400.1_Adi026	74	0/1	17	4	NA	21	2200	17	81	19	NA	0.772727272727273
4304_Gorai.010G125400.1_Adi026	141	0/1	33	4	NA	37	2200	17	89	11	NA	0.772727272727273
4304_Gorai.010G125400.1_Adi026	152	0/1	31	6	NA	37	2200	17	84	16	NA	0.772727272727273
4304_Gorai.010G125400.1_Adi026	204	0/1	41	5	NA	46	2200	17	89	11	NA	0.772727272727273
4304_Gorai.010G125400.1_Adi026	216	0/1	40	5	NA	45	2200	17	89	11	NA	0.772727272727273
4304_Gorai.010G125400.1_Adi026	217	0/1	40	5	NA	45	2200	17	89	11	NA	0.772727272727273
4304_Gorai.010G125400.1_Adi026	223	0/1	40	8	NA	48	2200	17	83	17	NA	0.772727272727273
4304_Gorai.010G125400.1_Adi026	241	0/1	41	9	NA	50	2200	17	82	18	NA	0.772727272727273
4304_Gorai.010G125400.1_Adi026	259	0/1	40	9	NA	49	2200	17	82	18	NA	0.772727272727273
4304_Gorai.010G125400.1_Adi026	260	0/1	40	9	NA	49	2200	17	82	18	NA	0.772727272727273
4304_Gorai.010G125400.1_Adi026	270	0/1	41	9	NA	50	2200	17	82	18	NA	0.772727272727273
4304_Gorai.010G125400.1_Adi026	271	0/1	41	9	NA	50	2200	17	82	18	NA	0.772727272727273
4304_Gorai.010G125400.1_Adi026	292	0/1	39	11	NA	50	2200	17	78	22	NA	0.772727272727273
4304_Gorai.010G125400.1_Adi026	372	0/1	43	6	NA	49	2200	17	88	12	NA	0.772727272727273
4304_Gorai.010G125400.1_Adi026	389	0/1	32	15	NA	47	2200	17	68	32	NA	0.772727272727273
4304_Gorai.010G125400.1_Adi026	716	0/1	18	9	NA	27	2200	17	67	33	NA	0.772727272727273
4304_Gorai.010G125400.1_Adi026	1635	0/1	12	5	NA	17	2200	17	71	29	NA	0.772727272727273
5533_Gorai.003G156900.1_P1_Adi026	1047	1/1	3	12	NA	15	2249	8	20	80	NA	0.355713650511338
5533_Gorai.003G156900.1_P1_Adi026	1068	1/1	3	16	NA	19	2249	8	16	84	NA	0.355713650511338
5533_Gorai.003G156900.1_P1_Adi026	1077	1/1	3	16	NA	19	2249	8	16	84	NA	0.355713650511338
5533_Gorai.003G156900.1_P1_Adi026	1098	1/1	3	19	NA	22	2249	8	14	86	NA	0.355713650511338
5533_Gorai.003G156900.1_P1_Adi026	1203	0/1	8	12	NA	20	2249	8	40	60	NA	0.355713650511338
5533_Gorai.003G156900.1_P1_Adi026	1272	1/1	5	9	NA	14	2249	8	36	64	NA	0.355713650511338
5533_Gorai.003G156900.1_P1_Adi026	1273	1/1	5	9	NA	14	2249	8	36	64	NA	0.355713650511338
5533_Gorai.003G156900.1_P1_Adi026	1278	1/1	5	8	NA	13	2249	8	38	62	NA	0.355713650511338
5533_Gorai.003G156900.1_P1_Adi026_3	1047	1/1	0	9	NA	9	2249	5	0	100	NA	0.222321031569586
5533_Gorai.003G156900.1_P1_Adi026_3	1068	1/1	0	16	NA	16	2249	5	0	100	NA	0.222321031569586
5533_Gorai.003G156900.1_P1_Adi026_3	1077	1/1	0	17	NA	17	2249	5	0	100	NA	0.222321031569586
5533_Gorai.003G156900.1_P1_Adi026_3	1098	1/1	0	19	NA	19	2249	5	0	100	NA	0.222321031569586
5533_Gorai.003G156900.1_P1_Adi026_3	1200	0/1	12	13	NA	25	2249	5	48	52	NA	0.222321031569586
5895_Gorai.004G031700.6_P2_Adi026	27	0/1	7	3	NA	10	1400	18	70	30	NA	1.28571428571429
5895_Gorai.004G031700.6_P2_Adi026	87	0/1	12	4	NA	16	1400	18	75	25	NA	1.28571428571429
5895_Gorai.004G031700.6_P2_Adi026	90	0/1	13	3	NA	16	1400	18	81	19	NA	1.28571428571429
5895_Gorai.004G031700.6_P2_Adi026	111	0/1	9	7	NA	16	1400	18	56	44	NA	1.28571428571429
5895_Gorai.004G031700.6_P2_Adi026	114	0/1	13	3	NA	16	1400	18	81	19	NA	1.28571428571429
5895_Gorai.004G031700.6_P2_Adi026	117	0/1	12	4	NA	16	1400	18	75	25	NA	1.28571428571429
5895_Gorai.004G031700.6_P2_Adi026	119	0/1	12	4	NA	16	1400	18	75	25	NA	1.28571428571429
5895_Gorai.004G031700.6_P2_Adi026	120	0/1	5	11	NA	16	1400	18	31	69	NA	1.28571428571429
5895_Gorai.004G031700.6_P2_Adi026	129	0/1	13	3	NA	16	1400	18	81	19	NA	1.28571428571429
5895_Gorai.004G031700.6_P2_Adi026	132	0/1	13	3	NA	16	1400	18	81	19	NA	1.28571428571429
5895_Gorai.004G031700.6_P2_Adi026	138	0/1	12	3	NA	15	1400	18	80	20	NA	1.28571428571429
5895_Gorai.004G031700.6_P2_Adi026	150	0/1	13	3	NA	16	1400	18	81	19	NA	1.28571428571429
5895_Gorai.004G031700.6_P2_Adi026	592	0/1	8	3	NA	11	1400	18	73	27	NA	1.28571428571429
5895_Gorai.004G031700.6_P2_Adi026	649	0/1	9	3	NA	12	1400	18	75	25	NA	1.28571428571429
5895_Gorai.004G031700.6_P2_Adi026	652	0/1	9	3	NA	12	1400	18	75	25	NA	1.28571428571429
5895_Gorai.004G031700.6_P2_Adi026	800	0/1	7	3	NA	10	1400	18	70	30	NA	1.28571428571429
5895_Gorai.004G031700.6_P2_Adi026	852	0/1	8	3	NA	11	1400	18	73	27	NA	1.28571428571429
5895_Gorai.004G031700.6_P2_Adi026	924	0/1	7	3	NA	10	1400	18	70	30	NA	1.28571428571429
5895_Gorai.004G031700.6_P3_Adi026	302	0/1	13	2	NA	15	1579	9	87	13	NA	0.569981000633312
5895_Gorai.004G031700.6_P3_Adi026	327	0/1	12	2	NA	14	1579	9	86	14	NA	0.569981000633312
5895_Gorai.004G031700.6_P3_Adi026	358	0/1	11	2	NA	13	1579	9	85	15	NA	0.569981000633312
5895_Gorai.004G031700.6_P3_Adi026	393	0/1	9	2	NA	11	1579	9	82	18	NA	0.569981000633312
5895_Gorai.004G031700.6_P3_Adi026	397	0/1	9	2	NA	11	1579	9	82	18	NA	0.569981000633312
5895_Gorai.004G031700.6_P3_Adi026	411	0/1	6	2	NA	8	1579	9	75	25	NA	0.569981000633312
5895_Gorai.004G031700.6_P3_Adi026	414	0/1	6	2	NA	8	1579	9	75	25	NA	0.569981000633312
5895_Gorai.004G031700.6_P3_Adi026	431	0/1	6	2	NA	8	1579	9	75	25	NA	0.569981000633312
5895_Gorai.004G031700.6_P3_Adi026	432	1/1	6	2	NA	8	1579	9	75	25	NA	0.569981000633312
5895_Gorai.004G031700.6_P3_Adi026_3	396	1/1	1	5	NA	6	1579	2	17	83	NA	0.126662444585181
5895_Gorai.004G031700.6_P3_Adi026_3	420	1/1	1	5	NA	6	1579	2	17	83	NA	0.126662444585181
5900_Gorai.001G247800.5_Adi026	2210	0/1	7	3	NA	10	3400	1	70	30	NA	0.0294117647058824
5978_Gorai.002G218100.6_P2_Adi026	21	0/1	5	2	NA	7	1820	49	71	29	NA	2.69230769230769
5978_Gorai.002G218100.6_P2_Adi026	775	0/1	14	3	NA	17	1820	49	82	18	NA	2.69230769230769
5978_Gorai.002G218100.6_P2_Adi026	777	0/1	14	3	NA	17	1820	49	82	18	NA	2.69230769230769
5978_Gorai.002G218100.6_P2_Adi026	779	0/1	14	3	NA	17	1820	49	82	18	NA	2.69230769230769
5978_Gorai.002G218100.6_P2_Adi026	787	0/1	16	3	NA	19	1820	49	84	16	NA	2.69230769230769
5978_Gorai.002G218100.6_P2_Adi026	794	0/1	17	3	NA	20	1820	49	85	15	NA	2.69230769230769
5978_Gorai.002G218100.6_P2_Adi026	798	0/1	17	3	NA	20	1820	49	85	15	NA	2.69230769230769
5978_Gorai.002G218100.6_P2_Adi026	825	0/1	21	7	NA	28	1820	49	75	25	NA	2.69230769230769
5978_Gorai.002G218100.6_P2_Adi026	843	0/1	28	5	NA	33	1820	49	85	15	NA	2.69230769230769
5978_Gorai.002G218100.6_P2_Adi026	858	0/1	34	7	NA	41	1820	49	83	17	NA	2.69230769230769
5978_Gorai.002G218100.6_P2_Adi026	863	0/1	35	7	NA	42	1820	49	83	17	NA	2.69230769230769
5978_Gorai.002G218100.6_P2_Adi026	880	0/1	40	7	NA	47	1820	49	85	15	NA	2.69230769230769
5978_Gorai.002G218100.6_P2_Adi026	882	0/1	40	7	NA	47	1820	49	85	15	NA	2.69230769230769
5978_Gorai.002G218100.6_P2_Adi026	887	0/1	33	14	NA	47	1820	49	70	30	NA	2.69230769230769
5978_Gorai.002G218100.6_P2_Adi026	891	0/1	41	7	NA	48	1820	49	85	15	NA	2.69230769230769
5978_Gorai.002G218100.6_P2_Adi026	894	0/1	34	15	NA	49	1820	49	69	31	NA	2.69230769230769
5978_Gorai.002G218100.6_P2_Adi026	900	0/1	42	8	NA	50	1820	49	84	16	NA	2.69230769230769
5978_Gorai.002G218100.6_P2_Adi026	915	0/1	43	8	NA	51	1820	49	84	16	NA	2.69230769230769
5978_Gorai.002G218100.6_P2_Adi026	942	0/1	38	12	NA	50	1820	49	76	24	NA	2.69230769230769
5978_Gorai.002G218100.6_P2_Adi026	952	0/1	51	11	NA	62	1820	49	82	18	NA	2.69230769230769
5978_Gorai.002G218100.6_P2_Adi026	970	0/1	52	12	NA	64	1820	49	81	19	NA	2.69230769230769
5978_Gorai.002G218100.6_P2_Adi026	981	0/1	56	12	NA	68	1820	49	82	18	NA	2.69230769230769
5978_Gorai.002G218100.6_P2_Adi026	984	0/1	56	12	NA	68	1820	49	82	18	NA	2.69230769230769
5978_Gorai.002G218100.6_P2_Adi026	990	0/1	59	11	NA	70	1820	49	84	16	NA	2.69230769230769
5978_Gorai.002G218100.6_P2_Adi026	998	0/1	57	13	NA	70	1820	49	81	19	NA	2.69230769230769
5978_Gorai.002G218100.6_P2_Adi026	1032	0/1	47	22	NA	69	1820	49	68	32	NA	2.69230769230769
5978_Gorai.002G218100.6_P2_Adi026	1056	0/1	47	18	NA	65	1820	49	72	28	NA	2.69230769230769
5978_Gorai.002G218100.6_P2_Adi026	1061	0/1	57	8	NA	65	1820	49	88	12	NA	2.69230769230769
5978_Gorai.002G218100.6_P2_Adi026	1065	0/1	53	12	NA	65	1820	49	82	18	NA	2.69230769230769
5978_Gorai.002G218100.6_P2_Adi026	1068	0/1	57	8	NA	65	1820	49	88	12	NA	2.69230769230769
5978_Gorai.002G218100.6_P2_Adi026	1083	0/1	48	17	NA	65	1820	49	74	26	NA	2.69230769230769
5978_Gorai.002G218100.6_P2_Adi026	1098	0/1	46	13	NA	59	1820	49	78	22	NA	2.69230769230769
5978_Gorai.002G218100.6_P2_Adi026	1115	0/1	43	13	NA	56	1820	49	77	23	NA	2.69230769230769
5978_Gorai.002G218100.6_P2_Adi026	1120	0/1	40	13	NA	53	1820	49	75	25	NA	2.69230769230769
5978_Gorai.002G218100.6_P2_Adi026	1132	0/1	41	9	NA	50	1820	49	82	18	NA	2.69230769230769
5978_Gorai.002G218100.6_P2_Adi026	1142	0/1	31	7	NA	38	1820	49	82	18	NA	2.69230769230769
5978_Gorai.002G218100.6_P2_Adi026	1148	0/1	33	9	NA	42	1820	49	79	21	NA	2.69230769230769
5978_Gorai.002G218100.6_P2_Adi026	1150	0/1	32	9	NA	41	1820	49	78	22	NA	2.69230769230769
5978_Gorai.002G218100.6_P2_Adi026	1151	0/1	29	12	NA	41	1820	49	71	29	NA	2.69230769230769
5978_Gorai.002G218100.6_P2_Adi026	1154	0/1	30	9	NA	39	1820	49	77	23	NA	2.69230769230769
5978_Gorai.002G218100.6_P2_Adi026	1170	0/1	26	7	NA	33	1820	49	79	21	NA	2.69230769230769
5978_Gorai.002G218100.6_P2_Adi026	1181	0/1	25	5	NA	30	1820	49	83	17	NA	2.69230769230769
5978_Gorai.002G218100.6_P2_Adi026	1199	0/1	21	5	NA	26	1820	49	81	19	NA	2.69230769230769
5978_Gorai.002G218100.6_P2_Adi026	1208	0/1	20	4	NA	24	1820	49	83	17	NA	2.69230769230769
5978_Gorai.002G218100.6_P2_Adi026	1211	0/1	19	4	NA	23	1820	49	83	17	NA	2.69230769230769
5978_Gorai.002G218100.6_P2_Adi026	1212	0/1	18	4	NA	22	1820	49	82	18	NA	2.69230769230769
5978_Gorai.002G218100.6_P2_Adi026	1365	0/1	21	4	NA	25	1820	49	84	16	NA	2.69230769230769
5978_Gorai.002G218100.6_P2_Adi026	1665	0/1	29	5	NA	34	1820	49	85	15	NA	2.69230769230769
5978_Gorai.002G218100.6_P2_Adi026	1667	0/1	29	5	NA	34	1820	49	85	15	NA	2.69230769230769
608_Gorai.005G157100.1_Adi026	3370	0/1	16	24	NA	40	5439	2	40	60	NA	0.0367714653428939
608_Gorai.005G157100.1_Adi026	3595	1/1	8	26	NA	34	5439	2	24	76	NA	0.0367714653428939
608_Gorai.005G157100.1_Adi026_3	3370	1/1	11	21	NA	32	5439	2	34	66	NA	0.0367714653428939
608_Gorai.005G157100.1_Adi026_3	3595	1/1	14	16	NA	30	5439	2	47	53	NA	0.0367714653428939
6171_Gorai.008G228900.3_P3_Adi026	148	0/1	5	5	NA	10	2098	7	50	50	NA	0.333651096282173
6171_Gorai.008G228900.3_P3_Adi026	240	1/1	0	16	NA	16	2098	7	0	100	NA	0.333651096282173
6171_Gorai.008G228900.3_P3_Adi026	249	0/1	11	6	NA	17	2098	7	65	35	NA	0.333651096282173
6171_Gorai.008G228900.3_P3_Adi026	315	1/1	0	10	NA	10	2098	7	0	100	NA	0.333651096282173
6171_Gorai.008G228900.3_P3_Adi026	342	1/1	0	9	NA	9	2098	7	0	100	NA	0.333651096282173
6171_Gorai.008G228900.3_P3_Adi026	345	1/1	0	9	NA	9	2098	7	0	100	NA	0.333651096282173
6171_Gorai.008G228900.3_P3_Adi026	384	1/1	0	5	NA	5	2098	7	0	100	NA	0.333651096282173
6171_Gorai.008G228900.3_P3_Adi026_3	81	1/1	2	6	NA	8	2098	8	25	75	NA	0.381315538608198
6171_Gorai.008G228900.3_P3_Adi026_3	102	1/1	2	9	NA	11	2098	8	18	82	NA	0.381315538608198
6171_Gorai.008G228900.3_P3_Adi026_3	108	1/1	2	9	NA	11	2098	8	18	82	NA	0.381315538608198
6171_Gorai.008G228900.3_P3_Adi026_3	240	1/1	2	20	NA	22	2098	8	9	91	NA	0.381315538608198
6171_Gorai.008G228900.3_P3_Adi026_3	315	1/1	0	10	NA	10	2098	8	0	100	NA	0.381315538608198
6171_Gorai.008G228900.3_P3_Adi026_3	342	1/1	0	7	NA	7	2098	8	0	100	NA	0.381315538608198
6171_Gorai.008G228900.3_P3_Adi026_3	345	1/1	0	7	NA	7	2098	8	0	100	NA	0.381315538608198
6171_Gorai.008G228900.3_P3_Adi026_3	384	1/1	0	5	NA	5	2098	8	0	100	NA	0.381315538608198
6252_Gorai.013G105000.3_Adi026	1118	1/1	3	10	NA	13	3310	2	23	77	NA	0.0604229607250755
6252_Gorai.013G105000.3_Adi026	1127	1/1	3	10	NA	13	3310	2	23	77	NA	0.0604229607250755
6794_Gorai.009G193900.2_Adi026	992	1/1	0	5	NA	5	4679	13	0	100	NA	0.277837144689036
6794_Gorai.009G193900.2_Adi026	1012	1/1	0	5	NA	5	4679	13	0	100	NA	0.277837144689036
6794_Gorai.009G193900.2_Adi026	1052	1/1	0	8	NA	8	4679	13	0	100	NA	0.277837144689036
6794_Gorai.009G193900.2_Adi026	1061	1/1	0	8	NA	8	4679	13	0	100	NA	0.277837144689036
6794_Gorai.009G193900.2_Adi026	1101	1/1	0	8	NA	8	4679	13	0	100	NA	0.277837144689036
6794_Gorai.009G193900.2_Adi026	1541	1/1	4	5	NA	9	4679	13	44	56	NA	0.277837144689036
6794_Gorai.009G193900.2_Adi026	1555	1/1	4	6	NA	10	4679	13	40	60	NA	0.277837144689036
6794_Gorai.009G193900.2_Adi026	1575	1/1	4	9	NA	13	4679	13	31	69	NA	0.277837144689036
6794_Gorai.009G193900.2_Adi026	1596	1/1	1	10	NA	11	4679	13	9	91	NA	0.277837144689036
6794_Gorai.009G193900.2_Adi026	1608	1/1	0	11	NA	11	4679	13	0	100	NA	0.277837144689036
6794_Gorai.009G193900.2_Adi026	1664	1/1	0	11	NA	11	4679	13	0	100	NA	0.277837144689036
6794_Gorai.009G193900.2_Adi026	1730	1/1	0	11	NA	11	4679	13	0	100	NA	0.277837144689036
6794_Gorai.009G193900.2_Adi026	4303	1/1	0	8	NA	8	4679	13	0	100	NA	0.277837144689036
6794_Gorai.009G193900.2_Adi026_3	992	1/1	0	5	NA	5	4679	18	0	100	NA	0.38469758495405
6794_Gorai.009G193900.2_Adi026_3	1012	1/1	0	5	NA	5	4679	18	0	100	NA	0.38469758495405
6794_Gorai.009G193900.2_Adi026_3	1033	1/1	0	4	NA	4	4679	18	0	100	NA	0.38469758495405
6794_Gorai.009G193900.2_Adi026_3	1044	1/1	0	4	NA	4	4679	18	0	100	NA	0.38469758495405
6794_Gorai.009G193900.2_Adi026_3	1052	1/1	0	6	NA	6	4679	18	0	100	NA	0.38469758495405
6794_Gorai.009G193900.2_Adi026_3	1061	1/1	0	6	NA	6	4679	18	0	100	NA	0.38469758495405
6794_Gorai.009G193900.2_Adi026_3	1096	1/1	0	4	NA	4	4679	18	0	100	NA	0.38469758495405
6794_Gorai.009G193900.2_Adi026_3	1097	1/1	0	4	NA	4	4679	18	0	100	NA	0.38469758495405
6794_Gorai.009G193900.2_Adi026_3	1101	1/1	0	4	NA	4	4679	18	0	100	NA	0.38469758495405
6794_Gorai.009G193900.2_Adi026_3	1105	1/1	0	4	NA	4	4679	18	0	100	NA	0.38469758495405
6794_Gorai.009G193900.2_Adi026_3	1114	1/1	0	4	NA	4	4679	18	0	100	NA	0.38469758495405
6794_Gorai.009G193900.2_Adi026_3	1121	1/1	0	4	NA	4	4679	18	0	100	NA	0.38469758495405
6794_Gorai.009G193900.2_Adi026_3	1555	1/1	1	4	NA	5	4679	18	20	80	NA	0.38469758495405
6794_Gorai.009G193900.2_Adi026_3	1575	1/1	1	7	NA	8	4679	18	12	88	NA	0.38469758495405
6794_Gorai.009G193900.2_Adi026_3	1596	1/1	1	9	NA	10	4679	18	10	90	NA	0.38469758495405
6794_Gorai.009G193900.2_Adi026_3	1608	1/1	1	10	NA	11	4679	18	9	91	NA	0.38469758495405
6794_Gorai.009G193900.2_Adi026_3	1664	1/1	1	10	NA	11	4679	18	9	91	NA	0.38469758495405
6794_Gorai.009G193900.2_Adi026_3	1730	1/1	0	10	NA	10	4679	18	0	100	NA	0.38469758495405
7271_Gorai.005G267000.2_P1_Adi026	1242	1/1	15	20	NA	35	2217	27	43	57	NA	1.21786197564276
7271_Gorai.005G267000.2_P1_Adi026	1251	1/1	15	20	NA	35	2217	27	43	57	NA	1.21786197564276
7271_Gorai.005G267000.2_P1_Adi026	1296	1/1	9	23	NA	32	2217	27	28	72	NA	1.21786197564276
7271_Gorai.005G267000.2_P1_Adi026	1324	1/1	9	19	NA	28	2217	27	32	68	NA	1.21786197564276
7271_Gorai.005G267000.2_P1_Adi026	1375	1/1	5	16	NA	21	2217	27	24	76	NA	1.21786197564276
7271_Gorai.005G267000.2_P1_Adi026	1376	1/1	5	15	NA	20	2217	27	25	75	NA	1.21786197564276
7271_Gorai.005G267000.2_P1_Adi026	1378	1/1	5	15	NA	20	2217	27	25	75	NA	1.21786197564276
7271_Gorai.005G267000.2_P1_Adi026	1387	1/1	5	15	NA	20	2217	27	25	75	NA	1.21786197564276
7271_Gorai.005G267000.2_P1_Adi026	1407	1/1	4	14	NA	18	2217	27	22	78	NA	1.21786197564276
7271_Gorai.005G267000.2_P1_Adi026	1410	1/1	4	14	NA	18	2217	27	22	78	NA	1.21786197564276
7271_Gorai.005G267000.2_P1_Adi026	1434	1/1	4	14	NA	18	2217	27	22	78	NA	1.21786197564276
7271_Gorai.005G267000.2_P1_Adi026	1452	1/1	4	12	NA	16	2217	27	25	75	NA	1.21786197564276
7271_Gorai.005G267000.2_P1_Adi026	1467	1/1	4	11	NA	15	2217	27	27	73	NA	1.21786197564276
7271_Gorai.005G267000.2_P1_Adi026	1470	1/1	4	11	NA	15	2217	27	27	73	NA	1.21786197564276
7271_Gorai.005G267000.2_P1_Adi026	1486	0/1	8	5	NA	13	2217	27	62	38	NA	1.21786197564276
7271_Gorai.005G267000.2_P1_Adi026	1521	1/1	0	10	NA	10	2217	27	0	100	NA	1.21786197564276
7271_Gorai.005G267000.2_P1_Adi026	1914	1/1	0	2	NA	2	2217	27	0	100	NA	1.21786197564276
7271_Gorai.005G267000.2_P1_Adi026	1934	1/1	0	6	NA	6	2217	27	0	100	NA	1.21786197564276
7271_Gorai.005G267000.2_P1_Adi026	1977	1/1	0	13	NA	13	2217	27	0	100	NA	1.21786197564276
7271_Gorai.005G267000.2_P1_Adi026	1985	1/1	0	14	NA	14	2217	27	0	100	NA	1.21786197564276
7271_Gorai.005G267000.2_P1_Adi026	2037	1/1	0	18	NA	18	2217	27	0	100	NA	1.21786197564276
7271_Gorai.005G267000.2_P1_Adi026	2079	1/1	0	18	NA	18	2217	27	0	100	NA	1.21786197564276
7271_Gorai.005G267000.2_P1_Adi026	2100	1/1	0	15	NA	15	2217	27	0	100	NA	1.21786197564276
7271_Gorai.005G267000.2_P1_Adi026	2102	0/1	8	7	NA	15	2217	27	53	47	NA	1.21786197564276
7271_Gorai.005G267000.2_P1_Adi026	2113	1/1	0	15	NA	15	2217	27	0	100	NA	1.21786197564276
7271_Gorai.005G267000.2_P1_Adi026	2133	1/1	0	13	NA	13	2217	27	0	100	NA	1.21786197564276
7271_Gorai.005G267000.2_P1_Adi026	2194	1/1	0	6	NA	6	2217	27	0	100	NA	1.21786197564276
7271_Gorai.005G267000.2_P1_Adi026_3	1164	1/1	11	33	NA	44	2217	11	25	75	NA	0.49616599007668
7271_Gorai.005G267000.2_P1_Adi026_3	1521	1/1	1	18	NA	19	2217	11	5	95	NA	0.49616599007668
7271_Gorai.005G267000.2_P1_Adi026_3	1934	1/1	0	12	NA	12	2217	11	0	100	NA	0.49616599007668
7271_Gorai.005G267000.2_P1_Adi026_3	1977	1/1	0	20	NA	20	2217	11	0	100	NA	0.49616599007668
7271_Gorai.005G267000.2_P1_Adi026_3	1985	1/1	0	22	NA	22	2217	11	0	100	NA	0.49616599007668
7271_Gorai.005G267000.2_P1_Adi026_3	2037	1/1	0	25	NA	25	2217	11	0	100	NA	0.49616599007668
7271_Gorai.005G267000.2_P1_Adi026_3	2079	1/1	0	21	NA	21	2217	11	0	100	NA	0.49616599007668
7271_Gorai.005G267000.2_P1_Adi026_3	2100	1/1	0	22	NA	22	2217	11	0	100	NA	0.49616599007668
7271_Gorai.005G267000.2_P1_Adi026_3	2113	1/1	0	21	NA	21	2217	11	0	100	NA	0.49616599007668
7271_Gorai.005G267000.2_P1_Adi026_3	2133	1/1	0	17	NA	17	2217	11	0	100	NA	0.49616599007668
7271_Gorai.005G267000.2_P1_Adi026_3	2194	1/1	0	7	NA	7	2217	11	0	100	NA	0.49616599007668
7442_Gorai.012G040400.1_P1_Adi026	1561	0/1	9	19	NA	28	2057	2	32	68	NA	0.0972289742343218
7442_Gorai.012G040400.1_P1_Adi026	1644	1/1	1	26	NA	27	2057	2	4	96	NA	0.0972289742343218
7442_Gorai.012G040400.1_P1_Adi026_3	1561	0/1	11	21	NA	32	2057	3	34	66	NA	0.145843461351483
7442_Gorai.012G040400.1_P1_Adi026_3	1572	0/1	21	10	NA	31	2057	3	68	32	NA	0.145843461351483
7442_Gorai.012G040400.1_P1_Adi026_3	1644	1/1	3	27	NA	30	2057	3	10	90	NA	0.145843461351483
7780_Gorai.002G102000.1_P1_Adi026	964	1/1	0	4	NA	4	1736	1	0	100	NA	0.0576036866359447
7780_Gorai.002G102000.1_P3_Adi026_3	1125	1/1	4	7	NA	11	1700	1	36	64	NA	0.0588235294117647
7856_Gorai.003G086000.1_P3_Adi026	712	1/1	11	30	NA	41	1792	1	27	73	NA	0.0558035714285714
7856_Gorai.003G086000.1_P3_Adi026_3	712	1/1	16	25	NA	41	1792	1	39	61	NA	0.0558035714285714
8047_Gorai.004G175700.3_Adi026	579	0/1	6	3	NA	9	2193	1	67	33	NA	0.0455996352029184
8061_Gorai.002G118200.4_P1_Adi026	359	1/1	8	7	NA	15	1634	1	53	47	NA	0.0611995104039168
8061_Gorai.002G118200.4_P1_Adi026_3	292	1/1	0	14	NA	14	1634	1	0	100	NA	0.0611995104039168
8187_Gorai.006G138300.1_Adi026	111	0/1	6	4	NA	10	3557	3	60	40	NA	0.0843407365757661
8187_Gorai.006G138300.1_Adi026	2422	0/1	5	2	NA	7	3557	3	71	29	NA	0.0843407365757661
8187_Gorai.006G138300.1_Adi026	3197	0/1	6	3	NA	9	3557	3	67	33	NA	0.0843407365757661
8902_Gorai.009G043400.2_P1_Adi026	189	0/1	27	4	NA	31	1367	24	87	13	NA	1.75566934893928
8902_Gorai.009G043400.2_P1_Adi026	216	0/1	28	5	NA	33	1367	24	85	15	NA	1.75566934893928
8902_Gorai.009G043400.2_P1_Adi026	217	0/1	28	5	NA	33	1367	24	85	15	NA	1.75566934893928
8902_Gorai.009G043400.2_P1_Adi026	232	0/1	28	5	NA	33	1367	24	85	15	NA	1.75566934893928
8902_Gorai.009G043400.2_P1_Adi026	256	0/1	28	6	NA	34	1367	24	82	18	NA	1.75566934893928
8902_Gorai.009G043400.2_P1_Adi026	262	0/1	27	6	NA	33	1367	24	82	18	NA	1.75566934893928
8902_Gorai.009G043400.2_P1_Adi026	284	0/1	25	9	NA	34	1367	24	74	26	NA	1.75566934893928
8902_Gorai.009G043400.2_P1_Adi026	289	0/1	25	9	NA	34	1367	24	74	26	NA	1.75566934893928
8902_Gorai.009G043400.2_P1_Adi026	315	0/1	28	10	NA	38	1367	24	74	26	NA	1.75566934893928
8902_Gorai.009G043400.2_P1_Adi026	333	0/1	31	11	NA	42	1367	24	74	26	NA	1.75566934893928
8902_Gorai.009G043400.2_P1_Adi026	345	0/1	31	10	NA	41	1367	24	76	24	NA	1.75566934893928
8902_Gorai.009G043400.2_P1_Adi026	369	0/1	34	13	NA	47	1367	24	72	28	NA	1.75566934893928
8902_Gorai.009G043400.2_P1_Adi026	375	0/1	34	13	NA	47	1367	24	72	28	NA	1.75566934893928
8902_Gorai.009G043400.2_P1_Adi026	401	0/1	39	12	NA	51	1367	24	76	24	NA	1.75566934893928
8902_Gorai.009G043400.2_P1_Adi026	440	0/1	35	10	NA	45	1367	24	78	22	NA	1.75566934893928
8902_Gorai.009G043400.2_P1_Adi026	441	0/1	31	14	NA	45	1367	24	69	31	NA	1.75566934893928
8902_Gorai.009G043400.2_P1_Adi026	448	0/1	33	10	NA	43	1367	24	77	23	NA	1.75566934893928
8902_Gorai.009G043400.2_P1_Adi026	451	0/1	33	10	NA	43	1367	24	77	23	NA	1.75566934893928
8902_Gorai.009G043400.2_P1_Adi026	474	0/1	32	9	NA	41	1367	24	78	22	NA	1.75566934893928
8902_Gorai.009G043400.2_P1_Adi026	493	0/1	31	7	NA	38	1367	24	82	18	NA	1.75566934893928
8902_Gorai.009G043400.2_P1_Adi026	497	0/1	31	7	NA	38	1367	24	82	18	NA	1.75566934893928
8902_Gorai.009G043400.2_P1_Adi026	506	0/1	29	7	NA	36	1367	24	81	19	NA	1.75566934893928
8902_Gorai.009G043400.2_P1_Adi026	519	0/1	28	4	NA	32	1367	24	88	12	NA	1.75566934893928
8902_Gorai.009G043400.2_P1_Adi026	1320	0/1	9	4	NA	13	1367	24	69	31	NA	1.75566934893928
8902_Gorai.009G043400.2_P3_Adi026	55	1/1	2	3	NA	5	1204	10	40	60	NA	0.830564784053156
8902_Gorai.009G043400.2_P3_Adi026	184	0/1	6	10	NA	16	1204	10	38	62	NA	0.830564784053156
8902_Gorai.009G043400.2_P3_Adi026	217	0/1	3	17	NA	20	1204	10	15	85	NA	0.830564784053156
8902_Gorai.009G043400.2_P3_Adi026	328	0/1	6	6	NA	12	1204	10	50	50	NA	0.830564784053156
8902_Gorai.009G043400.2_P3_Adi026	343	0/1	12	8	NA	20	1204	10	60	40	NA	0.830564784053156
8902_Gorai.009G043400.2_P3_Adi026	403	1/1	5	13	NA	18	1204	10	28	72	NA	0.830564784053156
8902_Gorai.009G043400.2_P3_Adi026	911	1/1	4	10	NA	14	1204	10	29	71	NA	0.830564784053156
8902_Gorai.009G043400.2_P3_Adi026	917	0/1	6	9	NA	15	1204	10	40	60	NA	0.830564784053156
8902_Gorai.009G043400.2_P3_Adi026	962	0/1	6	9	NA	15	1204	10	40	60	NA	0.830564784053156
8902_Gorai.009G043400.2_P3_Adi026	983	1/1	6	8	NA	14	1204	10	43	57	NA	0.830564784053156
8902_Gorai.009G043400.2_P3_Adi026_3	217	1/1	7	12	NA	19	1204	9	37	63	NA	0.747508305647841
8902_Gorai.009G043400.2_P3_Adi026_3	351	1/1	14	12	NA	26	1204	9	54	46	NA	0.747508305647841
8902_Gorai.009G043400.2_P3_Adi026_3	370	1/1	3	12	NA	15	1204	9	20	80	NA	0.747508305647841
8902_Gorai.009G043400.2_P3_Adi026_3	403	1/1	4	21	NA	25	1204	9	16	84	NA	0.747508305647841
8902_Gorai.009G043400.2_P3_Adi026_3	415	1/1	13	12	NA	25	1204	9	52	48	NA	0.747508305647841
8902_Gorai.009G043400.2_P3_Adi026_3	445	0/1	11	13	NA	24	1204	9	46	54	NA	0.747508305647841
8902_Gorai.009G043400.2_P3_Adi026_3	492	0/1	11	6	NA	17	1204	9	65	35	NA	0.747508305647841
8902_Gorai.009G043400.2_P3_Adi026_3	499	1/1	7	9	NA	16	1204	9	44	56	NA	0.747508305647841
8902_Gorai.009G043400.2_P3_Adi026_3	911	0/1	3	11	NA	14	1204	9	21	79	NA	0.747508305647841
9057_Gorai.009G271600.2_P1_Adi026	1178	1/1	0	12	NA	12	1659	6	0	100	NA	0.361663652802893
9057_Gorai.009G271600.2_P1_Adi026	1229	0/1	7	8	NA	15	1659	6	47	53	NA	0.361663652802893
9057_Gorai.009G271600.2_P1_Adi026	1291	1/1	0	15	NA	15	1659	6	0	100	NA	0.361663652802893
9057_Gorai.009G271600.2_P1_Adi026	1313	1/1	0	15	NA	15	1659	6	0	100	NA	0.361663652802893
9057_Gorai.009G271600.2_P1_Adi026	1321	1/1	0	14	NA	14	1659	6	0	100	NA	0.361663652802893
9057_Gorai.009G271600.2_P1_Adi026	1325	0/1	7	7	NA	14	1659	6	50	50	NA	0.361663652802893
9057_Gorai.009G271600.2_P1_Adi026_3	1133	1/1	1	5	NA	6	1659	10	17	83	NA	0.602772754671489
9057_Gorai.009G271600.2_P1_Adi026_3	1142	1/1	1	6	NA	7	1659	10	14	86	NA	0.602772754671489
9057_Gorai.009G271600.2_P1_Adi026_3	1158	0/1	4	5	NA	9	1659	10	44	56	NA	0.602772754671489
9057_Gorai.009G271600.2_P1_Adi026_3	1178	1/1	1	10	NA	11	1659	10	9	91	NA	0.602772754671489
9057_Gorai.009G271600.2_P1_Adi026_3	1283	0/1	6	8	NA	14	1659	10	43	57	NA	0.602772754671489
9057_Gorai.009G271600.2_P1_Adi026_3	1291	1/1	0	13	NA	13	1659	10	0	100	NA	0.602772754671489
9057_Gorai.009G271600.2_P1_Adi026_3	1313	1/1	0	10	NA	10	1659	10	0	100	NA	0.602772754671489
9057_Gorai.009G271600.2_P1_Adi026_3	1321	1/1	1	10	NA	11	1659	10	9	91	NA	0.602772754671489
9057_Gorai.009G271600.2_P1_Adi026_3	1335	1/1	2	9	NA	11	1659	10	18	82	NA	0.602772754671489
9057_Gorai.009G271600.2_P1_Adi026_3	1350	1/1	2	9	NA	11	1659	10	18	82	NA	0.602772754671489
9156_Gorai.009G268200.2_P2_Adi026	978	1/1	3	5	NA	8	2374	22	38	62	NA	0.92670598146588
9156_Gorai.009G268200.2_P2_Adi026	1464	1/1	0	37	NA	37	2374	22	0	100	NA	0.92670598146588
9156_Gorai.009G268200.2_P2_Adi026	1527	1/1	4	44	NA	48	2374	22	8	92	NA	0.92670598146588
9156_Gorai.009G268200.2_P2_Adi026	1629	0/1	45	11	NA	56	2374	22	80	20	NA	0.92670598146588
9156_Gorai.009G268200.2_P2_Adi026	1647	0/1	47	15	NA	62	2374	22	76	24	NA	0.92670598146588
9156_Gorai.009G268200.2_P2_Adi026	1650	0/1	41	21	NA	62	2374	22	66	34	NA	0.92670598146588
9156_Gorai.009G268200.2_P2_Adi026	1662	0/1	26	29	NA	55	2374	22	47	53	NA	0.92670598146588
9156_Gorai.009G268200.2_P2_Adi026	1686	0/1	44	21	NA	65	2374	22	68	32	NA	0.92670598146588
9156_Gorai.009G268200.2_P2_Adi026	1692	0/1	18	47	NA	65	2374	22	28	72	NA	0.92670598146588
9156_Gorai.009G268200.2_P2_Adi026	1707	0/1	16	24	NA	40	2374	22	40	60	NA	0.92670598146588
9156_Gorai.009G268200.2_P2_Adi026	1761	0/1	41	19	NA	60	2374	22	68	32	NA	0.92670598146588
9156_Gorai.009G268200.2_P2_Adi026	1767	0/1	41	18	NA	59	2374	22	69	31	NA	0.92670598146588
9156_Gorai.009G268200.2_P2_Adi026	1794	0/1	40	14	NA	54	2374	22	74	26	NA	0.92670598146588
9156_Gorai.009G268200.2_P2_Adi026	1803	0/1	48	7	NA	55	2374	22	87	13	NA	0.92670598146588
9156_Gorai.009G268200.2_P2_Adi026	1824	0/1	36	11	NA	47	2374	22	77	23	NA	0.92670598146588
9156_Gorai.009G268200.2_P2_Adi026	2031	1/1	7	11	NA	18	2374	22	39	61	NA	0.92670598146588
9156_Gorai.009G268200.2_P2_Adi026	2098	0/1	14	23	NA	37	2374	22	38	62	NA	0.92670598146588
9156_Gorai.009G268200.2_P2_Adi026	2130	0/1	13	25	NA	38	2374	22	34	66	NA	0.92670598146588
9156_Gorai.009G268200.2_P2_Adi026	2131	0/1	25	13	NA	38	2374	22	66	34	NA	0.92670598146588
9156_Gorai.009G268200.2_P2_Adi026	2178	1/1	6	20	NA	26	2374	22	23	77	NA	0.92670598146588
9156_Gorai.009G268200.2_P2_Adi026	2193	0/1	16	20	NA	36	2374	22	44	56	NA	0.92670598146588
9156_Gorai.009G268200.2_P2_Adi026	2196	1/1	14	20	NA	34	2374	22	41	59	NA	0.92670598146588
9156_Gorai.009G268200.2_P2_Adi026_3	1406	1/1	12	2	NA	14	2374	21	86	14	NA	0.88458298230834
9156_Gorai.009G268200.2_P2_Adi026_3	1418	1/1	11	4	NA	15	2374	21	73	27	NA	0.88458298230834
9156_Gorai.009G268200.2_P2_Adi026_3	1455	0/1	18	11	NA	29	2374	21	62	38	NA	0.88458298230834
9156_Gorai.009G268200.2_P2_Adi026_3	1458	1/1	7	22	NA	29	2374	21	24	76	NA	0.88458298230834
9156_Gorai.009G268200.2_P2_Adi026_3	1464	1/1	6	23	NA	29	2374	21	21	79	NA	0.88458298230834
9156_Gorai.009G268200.2_P2_Adi026_3	1470	0/1	22	6	NA	28	2374	21	79	21	NA	0.88458298230834
9156_Gorai.009G268200.2_P2_Adi026_3	1491	0/1	16	12	NA	28	2374	21	57	43	NA	0.88458298230834
9156_Gorai.009G268200.2_P2_Adi026_3	1527	1/1	1	35	NA	36	2374	21	3	97	NA	0.88458298230834
9156_Gorai.009G268200.2_P2_Adi026_3	1587	0/1	44	10	NA	54	2374	21	81	19	NA	0.88458298230834
9156_Gorai.009G268200.2_P2_Adi026_3	1608	0/1	46	10	NA	56	2374	21	82	18	NA	0.88458298230834
9156_Gorai.009G268200.2_P2_Adi026_3	1629	0/1	53	8	NA	61	2374	21	87	13	NA	0.88458298230834
9156_Gorai.009G268200.2_P2_Adi026_3	1641	0/1	30	32	NA	62	2374	21	48	52	NA	0.88458298230834
9156_Gorai.009G268200.2_P2_Adi026_3	1650	0/1	26	33	NA	59	2374	21	44	56	NA	0.88458298230834
9156_Gorai.009G268200.2_P2_Adi026_3	1662	0/1	29	27	NA	56	2374	21	52	48	NA	0.88458298230834
9156_Gorai.009G268200.2_P2_Adi026_3	1692	0/1	34	30	NA	64	2374	21	53	47	NA	0.88458298230834
9156_Gorai.009G268200.2_P2_Adi026_3	1695	0/1	32	33	NA	65	2374	21	49	51	NA	0.88458298230834
9156_Gorai.009G268200.2_P2_Adi026_3	1707	0/1	25	33	NA	58	2374	21	43	57	NA	0.88458298230834
9156_Gorai.009G268200.2_P2_Adi026_3	1710	0/1	33	33	NA	66	2374	21	50	50	NA	0.88458298230834
9156_Gorai.009G268200.2_P2_Adi026_3	2098	0/1	17	19	NA	36	2374	21	47	53	NA	0.88458298230834
9156_Gorai.009G268200.2_P2_Adi026_3	2130	0/1	17	25	NA	42	2374	21	40	60	NA	0.88458298230834
9156_Gorai.009G268200.2_P2_Adi026_3	2131	0/1	25	17	NA	42	2374	21	60	40	NA	0.88458298230834
923_Gorai.005G170300.2_P1_Adi026	29	1/1	5	2	NA	7	2892	9	71	29	NA	0.311203319502075
923_Gorai.005G170300.2_P1_Adi026	37	1/1	6	2	NA	8	2892	9	75	25	NA	0.311203319502075
923_Gorai.005G170300.2_P1_Adi026	38	1/1	6	2	NA	8	2892	9	75	25	NA	0.311203319502075
923_Gorai.005G170300.2_P1_Adi026	51	1/1	6	2	NA	8	2892	9	75	25	NA	0.311203319502075
923_Gorai.005G170300.2_P1_Adi026	54	1/1	6	2	NA	8	2892	9	75	25	NA	0.311203319502075
923_Gorai.005G170300.2_P1_Adi026	55	1/1	6	2	NA	8	2892	9	75	25	NA	0.311203319502075
923_Gorai.005G170300.2_P1_Adi026	62	1/1	6	2	NA	8	2892	9	75	25	NA	0.311203319502075
923_Gorai.005G170300.2_P1_Adi026	76	1/1	7	2	NA	9	2892	9	78	22	NA	0.311203319502075
923_Gorai.005G170300.2_P1_Adi026	83	1/1	8	2	NA	10	2892	9	80	20	NA	0.311203319502075
9263_Gorai.004G098000.1_P1_Adi026	212	0/1	21	22	NA	43	1251	21	49	51	NA	1.67865707434053
9263_Gorai.004G098000.1_P1_Adi026	240	1/1	2	41	NA	43	1251	21	5	95	NA	1.67865707434053
9263_Gorai.004G098000.1_P1_Adi026	243	1/1	2	41	NA	43	1251	21	5	95	NA	1.67865707434053
9263_Gorai.004G098000.1_P1_Adi026	261	1/1	2	42	NA	44	1251	21	5	95	NA	1.67865707434053
9263_Gorai.004G098000.1_P1_Adi026	264	1/1	2	43	NA	45	1251	21	4	96	NA	1.67865707434053
9263_Gorai.004G098000.1_P1_Adi026	372	0/1	33	13	NA	46	1251	21	72	28	NA	1.67865707434053
9263_Gorai.004G098000.1_P1_Adi026	384	0/1	15	31	NA	46	1251	21	33	67	NA	1.67865707434053
9263_Gorai.004G098000.1_P1_Adi026	420	0/1	22	19	NA	41	1251	21	54	46	NA	1.67865707434053
9263_Gorai.004G098000.1_P1_Adi026	423	0/1	19	22	NA	41	1251	21	46	54	NA	1.67865707434053
9263_Gorai.004G098000.1_P1_Adi026	435	0/1	21	19	NA	40	1251	21	52	48	NA	1.67865707434053
9263_Gorai.004G098000.1_P1_Adi026	437	0/1	18	22	NA	40	1251	21	45	55	NA	1.67865707434053
9263_Gorai.004G098000.1_P1_Adi026	588	0/1	16	13	NA	29	1251	21	55	45	NA	1.67865707434053
9263_Gorai.004G098000.1_P1_Adi026	606	0/1	20	10	NA	30	1251	21	67	33	NA	1.67865707434053
9263_Gorai.004G098000.1_P1_Adi026	630	0/1	20	6	NA	26	1251	21	77	23	NA	1.67865707434053
9263_Gorai.004G098000.1_P1_Adi026	654	0/1	23	12	NA	35	1251	21	66	34	NA	1.67865707434053
9263_Gorai.004G098000.1_P1_Adi026	777	1/1	0	28	NA	28	1251	21	0	100	NA	1.67865707434053
9263_Gorai.004G098000.1_P1_Adi026	780	1/1	0	28	NA	28	1251	21	0	100	NA	1.67865707434053
9263_Gorai.004G098000.1_P1_Adi026	872	0/1	6	5	NA	11	1251	21	55	45	NA	1.67865707434053
9263_Gorai.004G098000.1_P1_Adi026	988	1/1	3	11	NA	14	1251	21	21	79	NA	1.67865707434053
9263_Gorai.004G098000.1_P1_Adi026	1051	0/1	8	10	NA	18	1251	21	44	56	NA	1.67865707434053
9263_Gorai.004G098000.1_P1_Adi026	1054	0/1	8	10	NA	18	1251	21	44	56	NA	1.67865707434053
9263_Gorai.004G098000.1_P1_Adi026_3	138	0/1	23	10	NA	33	1251	21	70	30	NA	1.67865707434053
9263_Gorai.004G098000.1_P1_Adi026_3	177	0/1	24	21	NA	45	1251	21	53	47	NA	1.67865707434053
9263_Gorai.004G098000.1_P1_Adi026_3	195	0/1	23	28	NA	51	1251	21	45	55	NA	1.67865707434053
9263_Gorai.004G098000.1_P1_Adi026_3	240	0/1	20	33	NA	53	1251	21	38	62	NA	1.67865707434053
9263_Gorai.004G098000.1_P1_Adi026_3	243	0/1	20	34	NA	54	1251	21	37	63	NA	1.67865707434053
9263_Gorai.004G098000.1_P1_Adi026_3	261	0/1	14	39	NA	53	1251	21	26	74	NA	1.67865707434053
9263_Gorai.004G098000.1_P1_Adi026_3	264	0/1	13	39	NA	52	1251	21	25	75	NA	1.67865707434053
9263_Gorai.004G098000.1_P1_Adi026_3	360	0/1	37	12	NA	49	1251	21	76	24	NA	1.67865707434053
9263_Gorai.004G098000.1_P1_Adi026_3	372	0/1	34	14	NA	48	1251	21	71	29	NA	1.67865707434053
9263_Gorai.004G098000.1_P1_Adi026_3	384	0/1	17	29	NA	46	1251	21	37	63	NA	1.67865707434053
9263_Gorai.004G098000.1_P1_Adi026_3	420	0/1	21	23	NA	44	1251	21	48	52	NA	1.67865707434053
9263_Gorai.004G098000.1_P1_Adi026_3	437	1/1	14	26	NA	40	1251	21	35	65	NA	1.67865707434053
9263_Gorai.004G098000.1_P1_Adi026_3	514	0/1	17	23	NA	40	1251	21	42	57	NA	1.67865707434053
9263_Gorai.004G098000.1_P1_Adi026_3	606	0/1	30	16	NA	46	1251	21	65	35	NA	1.67865707434053
9263_Gorai.004G098000.1_P1_Adi026_3	630	0/1	34	16	NA	50	1251	21	68	32	NA	1.67865707434053
9263_Gorai.004G098000.1_P1_Adi026_3	654	0/1	26	17	NA	43	1251	21	60	40	NA	1.67865707434053
9263_Gorai.004G098000.1_P1_Adi026_3	777	1/1	0	17	NA	17	1251	21	0	100	NA	1.67865707434053
9263_Gorai.004G098000.1_P1_Adi026_3	780	1/1	0	17	NA	17	1251	21	0	100	NA	1.67865707434053
9263_Gorai.004G098000.1_P1_Adi026_3	825	1/1	0	6	NA	6	1251	21	0	100	NA	1.67865707434053
9263_Gorai.004G098000.1_P1_Adi026_3	827	1/1	0	5	NA	5	1251	21	0	100	NA	1.67865707434053
9263_Gorai.004G098000.1_P1_Adi026_3	834	1/1	0	5	NA	5	1251	21	0	100	NA	1.67865707434053
959_Gorai.001G017000.1_P2_Adi026	1168	1/1	0	5	NA	5	1319	1	0	100	NA	0.0758150113722517
