allele	position	GT	ref.reads	alt1.reads	alt2.reads	total.reads	length	var_sites	perc_ref	perc_alt1	perc_alt2	perc_variant
10149_Gorai.006G244400.2_P2_Adi022	1376	0/1	18	7	NA	25	1602	1	72	28	NA	0.0624219725343321
10249_Gorai.004G099900.1_Adi022	1343	1/1	9	34	NA	43	1910	2	21	79	NA	0.104712041884817
10249_Gorai.004G099900.1_Adi022	1561	1/1	5	45	NA	50	1910	2	10	90	NA	0.104712041884817
10249_Gorai.004G099900.1_Adi022_3	220	1/1	11	9	NA	20	1910	4	55	45	NA	0.209424083769634
10249_Gorai.004G099900.1_Adi022_3	1343	1/1	16	43	NA	59	1910	4	27	73	NA	0.209424083769634
10249_Gorai.004G099900.1_Adi022_3	1561	1/1	1	51	NA	52	1910	4	2	98	NA	0.209424083769634
10249_Gorai.004G099900.1_Adi022_3	1834	0/1	6	17	NA	23	1910	4	26	74	NA	0.209424083769634
1028_Gorai.013G094000.2_Adi022	271	0/1	79	16	NA	95	1767	7	83	17	NA	0.396151669496321
1028_Gorai.013G094000.2_Adi022	310	0/1	81	17	NA	98	1767	7	83	17	NA	0.396151669496321
1028_Gorai.013G094000.2_Adi022	782	0/1	73	25	NA	98	1767	7	74	26	NA	0.396151669496321
1028_Gorai.013G094000.2_Adi022	905	0/1	69	21	NA	90	1767	7	77	23	NA	0.396151669496321
1028_Gorai.013G094000.2_Adi022	928	0/1	58	19	NA	77	1767	7	75	25	NA	0.396151669496321
1028_Gorai.013G094000.2_Adi022	1438	0/1	44	11	NA	55	1767	7	80	20	NA	0.396151669496321
1028_Gorai.013G094000.2_Adi022	1678	0/1	17	5	NA	22	1767	7	77	23	NA	0.396151669496321
10375_Gorai.003G120400.2_P2_Adi022	694	0/1	6	3	NA	9	1648	9	67	33	NA	0.546116504854369
10375_Gorai.003G120400.2_P2_Adi022	702	0/1	6	3	NA	9	1648	9	67	33	NA	0.546116504854369
10375_Gorai.003G120400.2_P2_Adi022	705	0/1	6	3	NA	9	1648	9	67	33	NA	0.546116504854369
10375_Gorai.003G120400.2_P2_Adi022	708	0/1	6	3	NA	9	1648	9	67	33	NA	0.546116504854369
10375_Gorai.003G120400.2_P2_Adi022	717	0/1	6	3	NA	9	1648	9	67	33	NA	0.546116504854369
10375_Gorai.003G120400.2_P2_Adi022	739	0/1	6	3	NA	9	1648	9	67	33	NA	0.546116504854369
10375_Gorai.003G120400.2_P2_Adi022	758	0/1	6	3	NA	9	1648	9	67	33	NA	0.546116504854369
10375_Gorai.003G120400.2_P2_Adi022	1123	0/1	5	2	NA	7	1648	9	71	29	NA	0.546116504854369
10375_Gorai.003G120400.2_P2_Adi022	1550	0/1	5	2	NA	7	1648	9	71	29	NA	0.546116504854369
11217_Gorai.002G050300.2_P1_Adi022	217	1/1	3	22	NA	25	1365	27	12	88	NA	1.97802197802198
11217_Gorai.002G050300.2_P1_Adi022	220	1/1	3	22	NA	25	1365	27	12	88	NA	1.97802197802198
11217_Gorai.002G050300.2_P1_Adi022	289	1/1	1	21	NA	22	1365	27	5	95	NA	1.97802197802198
11217_Gorai.002G050300.2_P1_Adi022	365	1/1	0	11	NA	11	1365	27	0	100	NA	1.97802197802198
11217_Gorai.002G050300.2_P1_Adi022	376	0/1	5	3	NA	8	1365	27	62	38	NA	1.97802197802198
11217_Gorai.002G050300.2_P1_Adi022	388	1/1	0	2	NA	2	1365	27	0	100	NA	1.97802197802198
11217_Gorai.002G050300.2_P1_Adi022	389	1/1	0	2	NA	2	1365	27	0	100	NA	1.97802197802198
11217_Gorai.002G050300.2_P1_Adi022	393	1/1	0	2	NA	2	1365	27	0	100	NA	1.97802197802198
11217_Gorai.002G050300.2_P1_Adi022	398	1/1	0	2	NA	2	1365	27	0	100	NA	1.97802197802198
11217_Gorai.002G050300.2_P1_Adi022	408	1/1	0	2	NA	2	1365	27	0	100	NA	1.97802197802198
11217_Gorai.002G050300.2_P1_Adi022	410	1/1	0	2	NA	2	1365	27	0	100	NA	1.97802197802198
11217_Gorai.002G050300.2_P1_Adi022	412	1/1	0	2	NA	2	1365	27	0	100	NA	1.97802197802198
11217_Gorai.002G050300.2_P1_Adi022	418	1/1	0	2	NA	2	1365	27	0	100	NA	1.97802197802198
11217_Gorai.002G050300.2_P1_Adi022	430	1/1	0	2	NA	2	1365	27	0	100	NA	1.97802197802198
11217_Gorai.002G050300.2_P1_Adi022	432	1/1	0	2	NA	2	1365	27	0	100	NA	1.97802197802198
11217_Gorai.002G050300.2_P1_Adi022	434	1/1	0	2	NA	2	1365	27	0	100	NA	1.97802197802198
11217_Gorai.002G050300.2_P1_Adi022	562	1/1	0	11	NA	11	1365	27	0	100	NA	1.97802197802198
11217_Gorai.002G050300.2_P1_Adi022	1027	1/1	16	13	NA	29	1365	27	55	45	NA	1.97802197802198
11217_Gorai.002G050300.2_P1_Adi022	1054	1/1	17	14	NA	31	1365	27	55	45	NA	1.97802197802198
11217_Gorai.002G050300.2_P1_Adi022	1060	1/1	17	16	NA	33	1365	27	52	48	NA	1.97802197802198
11217_Gorai.002G050300.2_P1_Adi022	1099	1/1	15	24	NA	39	1365	27	38	62	NA	1.97802197802198
11217_Gorai.002G050300.2_P1_Adi022	1112	1/1	13	30	NA	43	1365	27	30	70	NA	1.97802197802198
11217_Gorai.002G050300.2_P1_Adi022	1135	1/1	11	37	NA	48	1365	27	23	77	NA	1.97802197802198
11217_Gorai.002G050300.2_P1_Adi022	1153	0/1	34	17	NA	51	1365	27	67	33	NA	1.97802197802198
11217_Gorai.002G050300.2_P1_Adi022	1198	1/1	6	48	NA	54	1365	27	11	89	NA	1.97802197802198
11217_Gorai.002G050300.2_P1_Adi022	1216	0/1	34	19	NA	53	1365	27	64	36	NA	1.97802197802198
11217_Gorai.002G050300.2_P1_Adi022	1294	0/1	11	20	NA	31	1365	27	35	65	NA	1.97802197802198
11217_Gorai.002G050300.2_P1_Adi022_3	25	1/1	1	4	NA	5	1365	14	20	80	NA	1.02564102564103
11217_Gorai.002G050300.2_P1_Adi022_3	52	1/1	1	7	NA	8	1365	14	12	88	NA	1.02564102564103
11217_Gorai.002G050300.2_P1_Adi022_3	77	1/1	2	11	NA	13	1365	14	15	85	NA	1.02564102564103
11217_Gorai.002G050300.2_P1_Adi022_3	217	1/1	0	27	NA	27	1365	14	0	100	NA	1.02564102564103
11217_Gorai.002G050300.2_P1_Adi022_3	220	1/1	0	27	NA	27	1365	14	0	100	NA	1.02564102564103
11217_Gorai.002G050300.2_P1_Adi022_3	289	1/1	0	26	NA	26	1365	14	0	100	NA	1.02564102564103
11217_Gorai.002G050300.2_P1_Adi022_3	365	1/1	0	13	NA	13	1365	14	0	100	NA	1.02564102564103
11217_Gorai.002G050300.2_P1_Adi022_3	562	1/1	0	7	NA	7	1365	14	0	100	NA	1.02564102564103
11217_Gorai.002G050300.2_P1_Adi022_3	592	0/1	6	6	NA	12	1365	14	50	50	NA	1.02564102564103
11217_Gorai.002G050300.2_P1_Adi022_3	703	1/1	9	21	NA	30	1365	14	30	70	NA	1.02564102564103
11217_Gorai.002G050300.2_P1_Adi022_3	1112	0/1	36	23	NA	59	1365	14	61	39	NA	1.02564102564103
11217_Gorai.002G050300.2_P1_Adi022_3	1135	1/1	11	55	NA	66	1365	14	17	83	NA	1.02564102564103
11217_Gorai.002G050300.2_P1_Adi022_3	1198	1/1	6	57	NA	63	1365	14	10	90	NA	1.02564102564103
11217_Gorai.002G050300.2_P1_Adi022_3	1249	0/1	35	5	NA	40	1365	14	88	12	NA	1.02564102564103
11426_Gorai.011G126700.1_Adi022	994	1/1	12	5	NA	17	1706	33	71	29	NA	1.93434935521688
11426_Gorai.011G126700.1_Adi022	1006	1/1	14	8	NA	22	1706	33	64	36	NA	1.93434935521688
11426_Gorai.011G126700.1_Adi022	1009	1/1	14	9	NA	23	1706	33	61	39	NA	1.93434935521688
11426_Gorai.011G126700.1_Adi022	1024	1/1	14	14	NA	28	1706	33	50	50	NA	1.93434935521688
11426_Gorai.011G126700.1_Adi022	1038	0/1	25	6	NA	31	1706	33	81	19	NA	1.93434935521688
11426_Gorai.011G126700.1_Adi022	1068	1/1	14	24	NA	38	1706	33	37	63	NA	1.93434935521688
11426_Gorai.011G126700.1_Adi022	1071	1/1	14	24	NA	38	1706	33	37	63	NA	1.93434935521688
11426_Gorai.011G126700.1_Adi022	1076	1/1	14	24	NA	38	1706	33	37	63	NA	1.93434935521688
11426_Gorai.011G126700.1_Adi022	1077	1/1	14	25	NA	39	1706	33	36	64	NA	1.93434935521688
11426_Gorai.011G126700.1_Adi022	1116	0/1	26	11	NA	37	1706	33	70	30	NA	1.93434935521688
11426_Gorai.011G126700.1_Adi022	1119	1/1	5	30	NA	35	1706	33	14	86	NA	1.93434935521688
11426_Gorai.011G126700.1_Adi022	1132	1/1	3	38	NA	41	1706	33	7	93	NA	1.93434935521688
11426_Gorai.011G126700.1_Adi022	1200	0/1	12	46	NA	58	1706	33	21	79	NA	1.93434935521688
11426_Gorai.011G126700.1_Adi022	1207	0/1	12	45	NA	57	1706	33	21	79	NA	1.93434935521688
11426_Gorai.011G126700.1_Adi022	1237	0/1	18	48	NA	66	1706	33	27	73	NA	1.93434935521688
11426_Gorai.011G126700.1_Adi022	1245	0/1	18	43	NA	61	1706	33	30	70	NA	1.93434935521688
11426_Gorai.011G126700.1_Adi022	1264	0/1	38	20	NA	58	1706	33	66	34	NA	1.93434935521688
11426_Gorai.011G126700.1_Adi022	1268	0/1	20	38	NA	58	1706	33	34	66	NA	1.93434935521688
11426_Gorai.011G126700.1_Adi022	1273	0/1	20	37	NA	57	1706	33	35	65	NA	1.93434935521688
11426_Gorai.011G126700.1_Adi022	1297	0/1	18	37	NA	55	1706	33	33	67	NA	1.93434935521688
11426_Gorai.011G126700.1_Adi022	1303	0/1	29	26	NA	55	1706	33	53	47	NA	1.93434935521688
11426_Gorai.011G126700.1_Adi022	1330	0/1	43	17	NA	60	1706	33	72	28	NA	1.93434935521688
11426_Gorai.011G126700.1_Adi022	1413	1/1	15	44	NA	59	1706	33	25	75	NA	1.93434935521688
11426_Gorai.011G126700.1_Adi022	1468	0/1	12	33	NA	45	1706	33	27	73	NA	1.93434935521688
11426_Gorai.011G126700.1_Adi022	1482	0/1	10	40	NA	50	1706	33	20	80	NA	1.93434935521688
11426_Gorai.011G126700.1_Adi022	1513	0/1	9	36	NA	45	1706	33	20	80	NA	1.93434935521688
11426_Gorai.011G126700.1_Adi022	1531	0/1	9	22	NA	31	1706	33	29	71	NA	1.93434935521688
11426_Gorai.011G126700.1_Adi022	1534	0/1	31	10	NA	41	1706	33	76	24	NA	1.93434935521688
11426_Gorai.011G126700.1_Adi022	1540	0/1	9	32	NA	41	1706	33	22	78	NA	1.93434935521688
11426_Gorai.011G126700.1_Adi022	1559	0/1	8	30	NA	38	1706	33	21	79	NA	1.93434935521688
11426_Gorai.011G126700.1_Adi022	1570	0/1	25	8	NA	33	1706	33	76	24	NA	1.93434935521688
11426_Gorai.011G126700.1_Adi022	1616	1/1	1	18	NA	19	1706	33	5	95	NA	1.93434935521688
11426_Gorai.011G126700.1_Adi022	1630	1/1	1	17	NA	18	1706	33	6	94	NA	1.93434935521688
11426_Gorai.011G126700.1_Adi022_3	584	0/1	9	6	NA	15	1706	20	60	40	NA	1.17233294255569
11426_Gorai.011G126700.1_Adi022_3	608	0/1	7	11	NA	18	1706	20	39	61	NA	1.17233294255569
11426_Gorai.011G126700.1_Adi022_3	654	0/1	6	13	NA	19	1706	20	32	68	NA	1.17233294255569
11426_Gorai.011G126700.1_Adi022_3	1132	1/1	0	60	NA	60	1706	20	0	100	NA	1.17233294255569
11426_Gorai.011G126700.1_Adi022_3	1200	0/1	7	58	NA	65	1706	20	11	89	NA	1.17233294255569
11426_Gorai.011G126700.1_Adi022_3	1207	0/1	7	55	NA	62	1706	20	11	89	NA	1.17233294255569
11426_Gorai.011G126700.1_Adi022_3	1237	0/1	9	57	NA	66	1706	20	14	86	NA	1.17233294255569
11426_Gorai.011G126700.1_Adi022_3	1245	0/1	9	57	NA	66	1706	20	14	86	NA	1.17233294255569
11426_Gorai.011G126700.1_Adi022_3	1268	0/1	10	55	NA	65	1706	20	15	85	NA	1.17233294255569
11426_Gorai.011G126700.1_Adi022_3	1273	0/1	10	55	NA	65	1706	20	15	85	NA	1.17233294255569
11426_Gorai.011G126700.1_Adi022_3	1297	0/1	10	51	NA	61	1706	20	16	84	NA	1.17233294255569
11426_Gorai.011G126700.1_Adi022_3	1413	0/1	17	31	NA	48	1706	20	35	65	NA	1.17233294255569
11426_Gorai.011G126700.1_Adi022_3	1468	0/1	14	37	NA	51	1706	20	27	73	NA	1.17233294255569
11426_Gorai.011G126700.1_Adi022_3	1475	0/1	39	16	NA	55	1706	20	71	29	NA	1.17233294255569
11426_Gorai.011G126700.1_Adi022_3	1482	0/1	15	38	NA	53	1706	20	28	72	NA	1.17233294255569
11426_Gorai.011G126700.1_Adi022_3	1513	0/1	14	41	NA	55	1706	20	25	75	NA	1.17233294255569
11426_Gorai.011G126700.1_Adi022_3	1540	0/1	13	40	NA	53	1706	20	25	75	NA	1.17233294255569
11426_Gorai.011G126700.1_Adi022_3	1559	1/1	8	38	NA	46	1706	20	17	83	NA	1.17233294255569
11426_Gorai.011G126700.1_Adi022_3	1630	1/1	0	29	NA	29	1706	20	0	100	NA	1.17233294255569
11426_Gorai.011G126700.1_Adi022_3	1640	1/1	0	27	NA	27	1706	20	0	100	NA	1.17233294255569
1189_Gorai.008G016300.1_P1_Adi022	237	0/1	40	11	NA	51	3823	3	78	22	NA	0.0784724038713053
1189_Gorai.008G016300.1_P1_Adi022	3275	1/1	11	14	NA	25	3823	3	44	56	NA	0.0784724038713053
1189_Gorai.008G016300.1_P1_Adi022	3500	1/1	0	9	NA	9	3823	3	0	100	NA	0.0784724038713053
123_Gorai.011G217300.1_Adi022	435	0/1	53	20	NA	73	6696	6	73	27	NA	0.0896057347670251
123_Gorai.011G217300.1_Adi022	4147	0/1	67	19	NA	86	6696	6	78	22	NA	0.0896057347670251
123_Gorai.011G217300.1_Adi022	5928	0/1	44	11	NA	55	6696	6	80	20	NA	0.0896057347670251
123_Gorai.011G217300.1_Adi022	6152	0/1	47	21	NA	68	6696	6	69	31	NA	0.0896057347670251
123_Gorai.011G217300.1_Adi022	6245	0/1	58	17	NA	75	6696	6	77	23	NA	0.0896057347670251
123_Gorai.011G217300.1_Adi022	6635	0/1	11	4	NA	15	6696	6	73	27	NA	0.0896057347670251
12798_Gorai.008G004800.1_Adi022	90	0/1	11	3	NA	14	2041	4	79	21	NA	0.195982361587457
12798_Gorai.008G004800.1_Adi022	269	0/1	10	4	NA	14	2041	4	71	29	NA	0.195982361587457
12798_Gorai.008G004800.1_Adi022	739	0/1	13	3	NA	16	2041	4	81	19	NA	0.195982361587457
12798_Gorai.008G004800.1_Adi022	1001	0/1	4	3	NA	7	2041	4	57	43	NA	0.195982361587457
1316_Gorai.010G255400.1_Adi022	640	1/1	2	31	NA	33	6082	5	6	94	NA	0.0822097994080895
1316_Gorai.010G255400.1_Adi022	3081	1/1	6	23	NA	29	6082	5	21	79	NA	0.0822097994080895
1316_Gorai.010G255400.1_Adi022	3320	1/1	8	30	NA	38	6082	5	21	79	NA	0.0822097994080895
1316_Gorai.010G255400.1_Adi022	4544	1/1	3	7	NA	10	6082	5	30	70	NA	0.0822097994080895
1316_Gorai.010G255400.1_Adi022	5443	1/1	0	7	NA	7	6082	5	0	100	NA	0.0822097994080895
1316_Gorai.010G255400.1_Adi022_3	640	1/1	4	29	NA	33	6082	3	12	88	NA	0.0493258796448537
1316_Gorai.010G255400.1_Adi022_3	3081	1/1	6	16	NA	22	6082	3	27	73	NA	0.0493258796448537
1316_Gorai.010G255400.1_Adi022_3	4544	1/1	1	4	NA	5	6082	3	20	80	NA	0.0493258796448537
13314_Gorai.009G198600.1_Adi022	671	1/1	5	5	NA	10	1969	1	50	50	NA	0.0507872016251905
13380_Gorai.012G123900.8_Adi022	561	0/1	49	6	NA	55	1773	8	89	11	NA	0.451212633953751
13380_Gorai.012G123900.8_Adi022	1144	0/1	36	8	NA	44	1773	8	82	18	NA	0.451212633953751
13380_Gorai.012G123900.8_Adi022	1197	0/1	37	11	NA	48	1773	8	77	23	NA	0.451212633953751
13380_Gorai.012G123900.8_Adi022	1316	0/1	24	10	NA	34	1773	8	71	29	NA	0.451212633953751
13380_Gorai.012G123900.8_Adi022	1359	0/1	20	7	NA	27	1773	8	74	26	NA	0.451212633953751
13380_Gorai.012G123900.8_Adi022	1433	0/1	8	3	NA	11	1773	8	73	27	NA	0.451212633953751
13380_Gorai.012G123900.8_Adi022	1711	0/1	18	6	NA	24	1773	8	75	25	NA	0.451212633953751
13380_Gorai.012G123900.8_Adi022	1723	0/1	15	6	NA	21	1773	8	71	29	NA	0.451212633953751
13692_Gorai.005G223700.2_P2_Adi022	742	1/1	0	5	NA	5	1345	8	0	100	NA	0.594795539033457
13692_Gorai.005G223700.2_P2_Adi022	780	1/1	0	7	NA	7	1345	8	0	100	NA	0.594795539033457
13692_Gorai.005G223700.2_P2_Adi022	900	1/1	0	12	NA	12	1345	8	0	100	NA	0.594795539033457
13692_Gorai.005G223700.2_P2_Adi022	971	1/1	2	6	NA	8	1345	8	25	75	NA	0.594795539033457
13692_Gorai.005G223700.2_P2_Adi022	978	1/1	2	6	NA	8	1345	8	25	75	NA	0.594795539033457
13692_Gorai.005G223700.2_P2_Adi022	981	1/1	2	6	NA	8	1345	8	25	75	NA	0.594795539033457
13692_Gorai.005G223700.2_P2_Adi022	987	1/1	2	6	NA	8	1345	8	25	75	NA	0.594795539033457
13692_Gorai.005G223700.2_P2_Adi022	990	1/1	2	6	NA	8	1345	8	25	75	NA	0.594795539033457
13692_Gorai.005G223700.2_P2_Adi022_3	742	0/1	2	5	NA	7	1345	5	29	71	NA	0.371747211895911
13692_Gorai.005G223700.2_P2_Adi022_3	780	1/1	0	11	NA	11	1345	5	0	100	NA	0.371747211895911
13692_Gorai.005G223700.2_P2_Adi022_3	900	1/1	0	12	NA	12	1345	5	0	100	NA	0.371747211895911
13692_Gorai.005G223700.2_P2_Adi022_3	990	1/1	0	6	NA	6	1345	5	0	100	NA	0.371747211895911
13692_Gorai.005G223700.2_P2_Adi022_3	1008	1/1	0	2	NA	2	1345	5	0	100	NA	0.371747211895911
1413_Gorai.001G037900.1_P2_Adi022	145	1/1	12	26	NA	38	3048	64	32	68	NA	2.0997375328084
1413_Gorai.001G037900.1_P2_Adi022	184	1/1	13	29	NA	42	3048	64	31	69	NA	2.0997375328084
1413_Gorai.001G037900.1_P2_Adi022	217	1/1	11	31	NA	42	3048	64	26	74	NA	2.0997375328084
1413_Gorai.001G037900.1_P2_Adi022	224	1/1	10	29	NA	39	3048	64	26	74	NA	2.0997375328084
1413_Gorai.001G037900.1_P2_Adi022	225	1/1	10	29	NA	39	3048	64	26	74	NA	2.0997375328084
1413_Gorai.001G037900.1_P2_Adi022	293	1/1	5	40	NA	45	3048	64	11	89	NA	2.0997375328084
1413_Gorai.001G037900.1_P2_Adi022	335	1/1	0	40	NA	40	3048	64	0	100	NA	2.0997375328084
1413_Gorai.001G037900.1_P2_Adi022	404	1/1	0	32	NA	32	3048	64	0	100	NA	2.0997375328084
1413_Gorai.001G037900.1_P2_Adi022	427	1/1	0	27	NA	27	3048	64	0	100	NA	2.0997375328084
1413_Gorai.001G037900.1_P2_Adi022	482	1/1	0	18	NA	18	3048	64	0	100	NA	2.0997375328084
1413_Gorai.001G037900.1_P2_Adi022	491	1/1	0	17	NA	17	3048	64	0	100	NA	2.0997375328084
1413_Gorai.001G037900.1_P2_Adi022	507	1/1	0	12	NA	12	3048	64	0	100	NA	2.0997375328084
1413_Gorai.001G037900.1_P2_Adi022	514	1/1	0	10	NA	10	3048	64	0	100	NA	2.0997375328084
1413_Gorai.001G037900.1_P2_Adi022	542	1/1	0	7	NA	7	3048	64	0	100	NA	2.0997375328084
1413_Gorai.001G037900.1_P2_Adi022	548	1/1	0	6	NA	6	3048	64	0	100	NA	2.0997375328084
1413_Gorai.001G037900.1_P2_Adi022	554	1/1	0	4	NA	4	3048	64	0	100	NA	2.0997375328084
1413_Gorai.001G037900.1_P2_Adi022	565	1/1	0	3	NA	3	3048	64	0	100	NA	2.0997375328084
1413_Gorai.001G037900.1_P2_Adi022	1686	1/1	9	7	NA	16	3048	64	56	44	NA	2.0997375328084
1413_Gorai.001G037900.1_P2_Adi022	1717	1/1	3	10	NA	13	3048	64	23	77	NA	2.0997375328084
1413_Gorai.001G037900.1_P2_Adi022	1732	1/1	2	13	NA	15	3048	64	13	87	NA	2.0997375328084
1413_Gorai.001G037900.1_P2_Adi022	1741	1/1	2	14	NA	16	3048	64	12	88	NA	2.0997375328084
1413_Gorai.001G037900.1_P2_Adi022	1823	1/1	8	22	NA	30	3048	64	27	73	NA	2.0997375328084
1413_Gorai.001G037900.1_P2_Adi022	1827	1/1	8	22	NA	30	3048	64	27	73	NA	2.0997375328084
1413_Gorai.001G037900.1_P2_Adi022	1843	0/1	23	10	NA	33	3048	64	70	30	NA	2.0997375328084
1413_Gorai.001G037900.1_P2_Adi022	1882	0/1	26	23	NA	49	3048	64	53	47	NA	2.0997375328084
1413_Gorai.001G037900.1_P2_Adi022	1901	0/1	19	33	NA	52	3048	64	37	63	NA	2.0997375328084
1413_Gorai.001G037900.1_P2_Adi022	1902	0/1	33	19	NA	52	3048	64	63	37	NA	2.0997375328084
1413_Gorai.001G037900.1_P2_Adi022	1936	0/1	16	44	NA	60	3048	64	27	73	NA	2.0997375328084
1413_Gorai.001G037900.1_P2_Adi022	1974	0/1	42	15	NA	57	3048	64	74	26	NA	2.0997375328084
1413_Gorai.001G037900.1_P2_Adi022	2118	0/1	13	9	NA	22	3048	64	59	41	NA	2.0997375328084
1413_Gorai.001G037900.1_P2_Adi022	2135	1/1	1	17	NA	18	3048	64	6	94	NA	2.0997375328084
1413_Gorai.001G037900.1_P2_Adi022	2142	1/2	1	9	5	15	3048	64	7	60	33	2.0997375328084
1413_Gorai.001G037900.1_P2_Adi022	2158	1/1	2	8	NA	10	3048	64	20	80	NA	2.0997375328084
1413_Gorai.001G037900.1_P2_Adi022	2168	1/1	2	4	NA	6	3048	64	33	67	NA	2.0997375328084
1413_Gorai.001G037900.1_P2_Adi022	2169	1/1	2	4	NA	6	3048	64	33	67	NA	2.0997375328084
1413_Gorai.001G037900.1_P2_Adi022	2216	1/1	2	3	NA	5	3048	64	40	60	NA	2.0997375328084
1413_Gorai.001G037900.1_P2_Adi022	2221	1/1	2	3	NA	5	3048	64	40	60	NA	2.0997375328084
1413_Gorai.001G037900.1_P2_Adi022	2223	1/1	2	3	NA	5	3048	64	40	60	NA	2.0997375328084
1413_Gorai.001G037900.1_P2_Adi022	2225	1/1	2	3	NA	5	3048	64	40	60	NA	2.0997375328084
1413_Gorai.001G037900.1_P2_Adi022	2233	1/1	2	7	NA	9	3048	64	22	78	NA	2.0997375328084
1413_Gorai.001G037900.1_P2_Adi022	2238	1/1	2	8	NA	10	3048	64	20	80	NA	2.0997375328084
1413_Gorai.001G037900.1_P2_Adi022	2252	1/1	1	9	NA	10	3048	64	10	90	NA	2.0997375328084
1413_Gorai.001G037900.1_P2_Adi022	2264	1/1	1	11	NA	12	3048	64	8	92	NA	2.0997375328084
1413_Gorai.001G037900.1_P2_Adi022	2275	1/1	1	12	NA	13	3048	64	8	92	NA	2.0997375328084
1413_Gorai.001G037900.1_P2_Adi022	2277	1/1	1	12	NA	13	3048	64	8	92	NA	2.0997375328084
1413_Gorai.001G037900.1_P2_Adi022	2282	1/1	1	14	NA	15	3048	64	7	93	NA	2.0997375328084
1413_Gorai.001G037900.1_P2_Adi022	2288	1/1	1	15	NA	16	3048	64	6	94	NA	2.0997375328084
1413_Gorai.001G037900.1_P2_Adi022	2360	1/1	0	25	NA	25	3048	64	0	100	NA	2.0997375328084
1413_Gorai.001G037900.1_P2_Adi022	2432	1/1	0	24	NA	24	3048	64	0	100	NA	2.0997375328084
1413_Gorai.001G037900.1_P2_Adi022	2459	1/1	0	20	NA	20	3048	64	0	100	NA	2.0997375328084
1413_Gorai.001G037900.1_P2_Adi022	2469	1/1	0	16	NA	16	3048	64	0	100	NA	2.0997375328084
1413_Gorai.001G037900.1_P2_Adi022	2471	1/1	0	16	NA	16	3048	64	0	100	NA	2.0997375328084
1413_Gorai.001G037900.1_P2_Adi022	2486	1/1	0	17	NA	17	3048	64	0	100	NA	2.0997375328084
1413_Gorai.001G037900.1_P2_Adi022	2705	1/1	0	8	NA	8	3048	64	0	100	NA	2.0997375328084
1413_Gorai.001G037900.1_P2_Adi022	2720	1/1	0	10	NA	10	3048	64	0	100	NA	2.0997375328084
1413_Gorai.001G037900.1_P2_Adi022	2768	1/1	0	16	NA	16	3048	64	0	100	NA	2.0997375328084
1413_Gorai.001G037900.1_P2_Adi022	2784	1/1	0	18	NA	18	3048	64	0	100	NA	2.0997375328084
1413_Gorai.001G037900.1_P2_Adi022	2809	1/1	0	20	NA	20	3048	64	0	100	NA	2.0997375328084
1413_Gorai.001G037900.1_P2_Adi022	2838	1/1	0	20	NA	20	3048	64	0	100	NA	2.0997375328084
1413_Gorai.001G037900.1_P2_Adi022	2844	1/1	0	21	NA	21	3048	64	0	100	NA	2.0997375328084
1413_Gorai.001G037900.1_P2_Adi022	2877	1/1	0	22	NA	22	3048	64	0	100	NA	2.0997375328084
1413_Gorai.001G037900.1_P2_Adi022	2923	1/1	0	14	NA	14	3048	64	0	100	NA	2.0997375328084
1413_Gorai.001G037900.1_P2_Adi022	2937	1/1	0	13	NA	13	3048	64	0	100	NA	2.0997375328084
1413_Gorai.001G037900.1_P2_Adi022	2958	1/1	0	12	NA	12	3048	64	0	100	NA	2.0997375328084
1413_Gorai.001G037900.1_P2_Adi022_3	217	0/1	21	26	NA	47	3048	45	45	55	NA	1.47637795275591
1413_Gorai.001G037900.1_P2_Adi022_3	224	0/1	21	26	NA	47	3048	45	45	55	NA	1.47637795275591
1413_Gorai.001G037900.1_P2_Adi022_3	225	0/1	21	25	NA	46	3048	45	46	54	NA	1.47637795275591
1413_Gorai.001G037900.1_P2_Adi022_3	252	0/1	19	17	NA	36	3048	45	53	47	NA	1.47637795275591
1413_Gorai.001G037900.1_P2_Adi022_3	293	1/1	8	25	NA	33	3048	45	24	76	NA	1.47637795275591
1413_Gorai.001G037900.1_P2_Adi022_3	335	1/1	2	29	NA	31	3048	45	6	94	NA	1.47637795275591
1413_Gorai.001G037900.1_P2_Adi022_3	404	1/1	0	23	NA	23	3048	45	0	100	NA	1.47637795275591
1413_Gorai.001G037900.1_P2_Adi022_3	427	1/1	0	19	NA	19	3048	45	0	100	NA	1.47637795275591
1413_Gorai.001G037900.1_P2_Adi022_3	441	0/1	8	9	NA	17	3048	45	47	53	NA	1.47637795275591
1413_Gorai.001G037900.1_P2_Adi022_3	482	1/1	0	14	NA	14	3048	45	0	100	NA	1.47637795275591
1413_Gorai.001G037900.1_P2_Adi022_3	491	1/1	0	13	NA	13	3048	45	0	100	NA	1.47637795275591
1413_Gorai.001G037900.1_P2_Adi022_3	507	1/1	0	13	NA	13	3048	45	0	100	NA	1.47637795275591
1413_Gorai.001G037900.1_P2_Adi022_3	514	1/1	0	13	NA	13	3048	45	0	100	NA	1.47637795275591
1413_Gorai.001G037900.1_P2_Adi022_3	1882	1/1	17	40	NA	57	3048	45	30	70	NA	1.47637795275591
1413_Gorai.001G037900.1_P2_Adi022_3	1902	1/1	19	34	NA	53	3048	45	36	64	NA	1.47637795275591
1413_Gorai.001G037900.1_P2_Adi022_3	1965	0/1	27	22	NA	49	3048	45	55	45	NA	1.47637795275591
1413_Gorai.001G037900.1_P2_Adi022_3	1971	0/1	21	29	NA	50	3048	45	42	58	NA	1.47637795275591
1413_Gorai.001G037900.1_P2_Adi022_3	2075	1/1	1	24	NA	25	3048	45	4	96	NA	1.47637795275591
1413_Gorai.001G037900.1_P2_Adi022_3	2090	1/1	0	21	NA	21	3048	45	0	100	NA	1.47637795275591
1413_Gorai.001G037900.1_P2_Adi022_3	2097	1/1	0	18	NA	18	3048	45	0	100	NA	1.47637795275591
1413_Gorai.001G037900.1_P2_Adi022_3	2098	1/1	0	18	NA	18	3048	45	0	100	NA	1.47637795275591
1413_Gorai.001G037900.1_P2_Adi022_3	2135	1/1	0	16	NA	16	3048	45	0	100	NA	1.47637795275591
1413_Gorai.001G037900.1_P2_Adi022_3	2158	1/1	0	16	NA	16	3048	45	0	100	NA	1.47637795275591
1413_Gorai.001G037900.1_P2_Adi022_3	2288	1/1	1	26	NA	27	3048	45	4	96	NA	1.47637795275591
1413_Gorai.001G037900.1_P2_Adi022_3	2360	1/1	0	29	NA	29	3048	45	0	100	NA	1.47637795275591
1413_Gorai.001G037900.1_P2_Adi022_3	2432	1/1	5	22	NA	27	3048	45	19	81	NA	1.47637795275591
1413_Gorai.001G037900.1_P2_Adi022_3	2459	1/1	6	16	NA	22	3048	45	27	73	NA	1.47637795275591
1413_Gorai.001G037900.1_P2_Adi022_3	2469	0/1	6	16	NA	22	3048	45	27	73	NA	1.47637795275591
1413_Gorai.001G037900.1_P2_Adi022_3	2471	0/1	6	16	NA	22	3048	45	27	73	NA	1.47637795275591
1413_Gorai.001G037900.1_P2_Adi022_3	2472	0/1	13	9	NA	22	3048	45	59	41	NA	1.47637795275591
1413_Gorai.001G037900.1_P2_Adi022_3	2486	1/1	6	15	NA	21	3048	45	29	71	NA	1.47637795275591
1413_Gorai.001G037900.1_P2_Adi022_3	2538	0/1	6	10	NA	16	3048	45	38	62	NA	1.47637795275591
1413_Gorai.001G037900.1_P2_Adi022_3	2554	0/1	6	9	NA	15	3048	45	40	60	NA	1.47637795275591
1413_Gorai.001G037900.1_P2_Adi022_3	2705	1/1	0	8	NA	8	3048	45	0	100	NA	1.47637795275591
1413_Gorai.001G037900.1_P2_Adi022_3	2720	1/1	0	12	NA	12	3048	45	0	100	NA	1.47637795275591
1413_Gorai.001G037900.1_P2_Adi022_3	2768	1/1	1	15	NA	16	3048	45	6	94	NA	1.47637795275591
1413_Gorai.001G037900.1_P2_Adi022_3	2784	1/1	1	16	NA	17	3048	45	6	94	NA	1.47637795275591
1413_Gorai.001G037900.1_P2_Adi022_3	2809	1/1	1	20	NA	21	3048	45	5	95	NA	1.47637795275591
1413_Gorai.001G037900.1_P2_Adi022_3	2838	1/1	0	19	NA	19	3048	45	0	100	NA	1.47637795275591
1413_Gorai.001G037900.1_P2_Adi022_3	2844	1/1	0	19	NA	19	3048	45	0	100	NA	1.47637795275591
1413_Gorai.001G037900.1_P2_Adi022_3	2877	1/1	0	18	NA	18	3048	45	0	100	NA	1.47637795275591
1413_Gorai.001G037900.1_P2_Adi022_3	2923	1/1	1	16	NA	17	3048	45	6	94	NA	1.47637795275591
1413_Gorai.001G037900.1_P2_Adi022_3	2937	1/1	1	14	NA	15	3048	45	7	93	NA	1.47637795275591
1413_Gorai.001G037900.1_P2_Adi022_3	2958	1/1	1	9	NA	10	3048	45	10	90	NA	1.47637795275591
1413_Gorai.001G037900.1_P2_Adi022_3	2991	1/1	0	6	NA	6	3048	45	0	100	NA	1.47637795275591
14421_Gorai.012G106000.2_Adi022	437	1/1	1	20	NA	21	1567	1	5	95	NA	0.0638162093171666
14421_Gorai.012G106000.2_Adi022_3	437	1/1	5	18	NA	23	1567	1	22	78	NA	0.0638162093171666
14654_Gorai.005G220300.2_Adi022	1785	0/1	11	4	NA	15	3482	2	73	27	NA	0.0574382538770821
14654_Gorai.005G220300.2_Adi022	2113	0/1	17	3	NA	20	3482	2	85	15	NA	0.0574382538770821
15300_Gorai.011G069100.2_Adi022	1738	0/1	6	4	NA	10	1943	1	60	40	NA	0.0514668039114771
1609_Gorai.007G247300.1_P1_Adi022	74	0/1	1	11	NA	12	2572	4	8	92	NA	0.15552099533437
1609_Gorai.007G247300.1_P1_Adi022	75	0/1	1	11	NA	12	2572	4	8	92	NA	0.15552099533437
1609_Gorai.007G247300.1_P1_Adi022	86	1/1	1	13	NA	14	2572	4	7	93	NA	0.15552099533437
1609_Gorai.007G247300.1_P1_Adi022	155	0/1	12	12	NA	24	2572	4	50	50	NA	0.15552099533437
1609_Gorai.007G247300.1_P1_Adi022_3	74	1/1	1	9	NA	10	2572	9	10	90	NA	0.349922239502333
1609_Gorai.007G247300.1_P1_Adi022_3	75	1/1	1	9	NA	10	2572	9	10	90	NA	0.349922239502333
1609_Gorai.007G247300.1_P1_Adi022_3	86	1/1	1	11	NA	12	2572	9	8	92	NA	0.349922239502333
1609_Gorai.007G247300.1_P1_Adi022_3	179	1/1	3	13	NA	16	2572	9	19	81	NA	0.349922239502333
1609_Gorai.007G247300.1_P1_Adi022_3	183	1/1	3	12	NA	15	2572	9	20	80	NA	0.349922239502333
1609_Gorai.007G247300.1_P1_Adi022_3	197	1/1	5	12	NA	17	2572	9	29	71	NA	0.349922239502333
1609_Gorai.007G247300.1_P1_Adi022_3	220	1/1	6	9	NA	15	2572	9	40	60	NA	0.349922239502333
1609_Gorai.007G247300.1_P1_Adi022_3	242	1/1	12	6	NA	18	2572	9	67	33	NA	0.349922239502333
1609_Gorai.007G247300.1_P1_Adi022_3	243	1/1	12	6	NA	18	2572	9	67	33	NA	0.349922239502333
16199_Gorai.002G033000.1_Adi022	94	0/1	5	2	NA	7	1389	5	71	29	NA	0.359971202303816
16199_Gorai.002G033000.1_Adi022	345	0/1	7	3	NA	10	1389	5	70	30	NA	0.359971202303816
16199_Gorai.002G033000.1_Adi022	548	0/1	10	3	NA	13	1389	5	77	23	NA	0.359971202303816
16199_Gorai.002G033000.1_Adi022	626	0/1	8	4	NA	12	1389	5	67	33	NA	0.359971202303816
16199_Gorai.002G033000.1_Adi022	630	0/1	8	3	NA	11	1389	5	73	27	NA	0.359971202303816
16337_Gorai.002G065000.4_Adi022	914	0/1	7	3	NA	10	1766	4	70	30	NA	0.226500566251416
16337_Gorai.002G065000.4_Adi022	1387	0/1	10	3	NA	13	1766	4	77	23	NA	0.226500566251416
16337_Gorai.002G065000.4_Adi022	1404	0/1	13	4	NA	17	1766	4	76	24	NA	0.226500566251416
16337_Gorai.002G065000.4_Adi022	1536	0/1	15	7	NA	22	1766	4	68	32	NA	0.226500566251416
16773_Gorai.001G097400.1_Adi022	301	0/1	11	3	NA	14	1919	3	79	21	NA	0.156331422615946
16773_Gorai.001G097400.1_Adi022	696	0/1	17	5	NA	22	1919	3	77	23	NA	0.156331422615946
16773_Gorai.001G097400.1_Adi022	881	0/1	17	3	NA	20	1919	3	85	15	NA	0.156331422615946
16799_Gorai.001G133200.2_Adi022_3	1038	1/1	0	5	NA	5	2376	1	0	100	NA	0.0420875420875421
1681_Gorai.007G166700.1_Adi022	223	1/1	8	23	NA	31	3714	2	26	74	NA	0.053850296176629
1681_Gorai.007G166700.1_Adi022	232	1/1	8	23	NA	31	3714	2	26	74	NA	0.053850296176629
1681_Gorai.007G166700.1_Adi022_3	1801	1/1	10	35	NA	45	3714	5	22	78	NA	0.134625740441572
1681_Gorai.007G166700.1_Adi022_3	1875	0/1	32	12	NA	44	3714	5	73	27	NA	0.134625740441572
1681_Gorai.007G166700.1_Adi022_3	1880	0/1	30	12	NA	42	3714	5	71	29	NA	0.134625740441572
1681_Gorai.007G166700.1_Adi022_3	1894	0/1	31	11	NA	42	3714	5	74	26	NA	0.134625740441572
1681_Gorai.007G166700.1_Adi022_3	1948	1/1	15	22	NA	37	3714	5	41	59	NA	0.134625740441572
17458_Gorai.010G131600.2_Adi022_3	358	1/1	8	4	NA	12	1716	2	67	33	NA	0.116550116550117
17458_Gorai.010G131600.2_Adi022_3	359	1/1	1	11	NA	12	1716	2	8	92	NA	0.116550116550117
180_Gorai.004G293400.1_Adi022_3	6788	1/1	0	15	NA	15	6842	4	0	100	NA	0.0584624378836597
180_Gorai.004G293400.1_Adi022_3	6792	1/1	0	15	NA	15	6842	4	0	100	NA	0.0584624378836597
180_Gorai.004G293400.1_Adi022_3	6795	1/1	0	15	NA	15	6842	4	0	100	NA	0.0584624378836597
180_Gorai.004G293400.1_Adi022_3	6798	1/1	0	15	NA	15	6842	4	0	100	NA	0.0584624378836597
18105_Gorai.008G211000.1_P2_Adi022	135	0/1	28	12	NA	40	1477	6	70	30	NA	0.4062288422478
18105_Gorai.008G211000.1_P2_Adi022	553	0/1	16	8	NA	24	1477	6	67	33	NA	0.4062288422478
18105_Gorai.008G211000.1_P2_Adi022	612	0/1	9	4	NA	13	1477	6	69	31	NA	0.4062288422478
18105_Gorai.008G211000.1_P2_Adi022	834	0/1	12	4	NA	16	1477	6	75	25	NA	0.4062288422478
18105_Gorai.008G211000.1_P2_Adi022	1324	0/1	20	6	NA	26	1477	6	77	23	NA	0.4062288422478
18105_Gorai.008G211000.1_P2_Adi022	1358	0/1	18	6	NA	24	1477	6	75	25	NA	0.4062288422478
1845_Gorai.010G178200.3_Adi022	236	0/1	63	7	NA	70	822	21	90	10	NA	2.55474452554745
1845_Gorai.010G178200.3_Adi022	239	0/1	64	7	NA	71	822	21	90	10	NA	2.55474452554745
1845_Gorai.010G178200.3_Adi022	248	0/1	62	7	NA	69	822	21	90	10	NA	2.55474452554745
1845_Gorai.010G178200.3_Adi022	274	0/1	63	9	NA	72	822	21	88	12	NA	2.55474452554745
1845_Gorai.010G178200.3_Adi022	277	0/1	64	9	NA	73	822	21	88	12	NA	2.55474452554745
1845_Gorai.010G178200.3_Adi022	283	0/1	62	9	NA	71	822	21	87	13	NA	2.55474452554745
1845_Gorai.010G178200.3_Adi022	284	0/1	63	9	NA	72	822	21	88	12	NA	2.55474452554745
1845_Gorai.010G178200.3_Adi022	329	0/1	54	12	NA	66	822	21	82	18	NA	2.55474452554745
1845_Gorai.010G178200.3_Adi022	343	0/1	54	12	NA	66	822	21	82	18	NA	2.55474452554745
1845_Gorai.010G178200.3_Adi022	346	0/1	57	9	NA	66	822	21	86	14	NA	2.55474452554745
1845_Gorai.010G178200.3_Adi022	348	0/1	54	11	NA	65	822	21	83	17	NA	2.55474452554745
1845_Gorai.010G178200.3_Adi022	349	0/1	55	11	NA	66	822	21	83	17	NA	2.55474452554745
1845_Gorai.010G178200.3_Adi022	408	0/1	48	9	NA	57	822	21	84	16	NA	2.55474452554745
1845_Gorai.010G178200.3_Adi022	410	0/1	44	12	NA	56	822	21	79	21	NA	2.55474452554745
1845_Gorai.010G178200.3_Adi022	433	0/1	39	11	NA	50	822	21	78	22	NA	2.55474452554745
1845_Gorai.010G178200.3_Adi022	435	0/1	37	13	NA	50	822	21	74	26	NA	2.55474452554745
1845_Gorai.010G178200.3_Adi022	450	0/1	37	8	NA	45	822	21	82	18	NA	2.55474452554745
1845_Gorai.010G178200.3_Adi022	463	0/1	33	7	NA	40	822	21	82	18	NA	2.55474452554745
1845_Gorai.010G178200.3_Adi022	465	0/1	29	7	NA	36	822	21	81	19	NA	2.55474452554745
1845_Gorai.010G178200.3_Adi022	497	0/1	24	5	NA	29	822	21	83	17	NA	2.55474452554745
1845_Gorai.010G178200.3_Adi022	512	0/1	23	4	NA	27	822	21	85	15	NA	2.55474452554745
18825_Gorai.004G127500.3_Adi022	147	1/1	23	17	NA	40	1259	13	57	42	NA	1.03256552819698
18825_Gorai.004G127500.3_Adi022	153	1/1	24	18	NA	42	1259	13	57	43	NA	1.03256552819698
18825_Gorai.004G127500.3_Adi022	204	1/1	37	19	NA	56	1259	13	66	34	NA	1.03256552819698
18825_Gorai.004G127500.3_Adi022	207	1/1	37	19	NA	56	1259	13	66	34	NA	1.03256552819698
18825_Gorai.004G127500.3_Adi022	216	1/1	38	20	NA	58	1259	13	66	34	NA	1.03256552819698
18825_Gorai.004G127500.3_Adi022	225	0/1	40	20	NA	60	1259	13	67	33	NA	1.03256552819698
18825_Gorai.004G127500.3_Adi022	234	0/1	38	20	NA	58	1259	13	66	34	NA	1.03256552819698
18825_Gorai.004G127500.3_Adi022	240	0/1	41	20	NA	61	1259	13	67	33	NA	1.03256552819698
18825_Gorai.004G127500.3_Adi022	384	1/1	12	48	NA	60	1259	13	20	80	NA	1.03256552819698
18825_Gorai.004G127500.3_Adi022	444	0/1	36	20	NA	56	1259	13	64	36	NA	1.03256552819698
18825_Gorai.004G127500.3_Adi022	453	1/1	6	49	NA	55	1259	13	11	89	NA	1.03256552819698
18825_Gorai.004G127500.3_Adi022	576	0/1	35	15	NA	50	1259	13	70	30	NA	1.03256552819698
18825_Gorai.004G127500.3_Adi022	883	1/1	1	39	NA	40	1259	13	2	98	NA	1.03256552819698
18825_Gorai.004G127500.3_Adi022_3	87	0/1	10	10	NA	20	1259	8	50	50	NA	0.635424940428912
18825_Gorai.004G127500.3_Adi022_3	521	0/1	22	32	NA	54	1259	8	41	59	NA	0.635424940428912
18825_Gorai.004G127500.3_Adi022_3	537	0/1	24	29	NA	53	1259	8	45	55	NA	0.635424940428912
18825_Gorai.004G127500.3_Adi022_3	552	0/1	6	28	NA	34	1259	8	18	82	NA	0.635424940428912
18825_Gorai.004G127500.3_Adi022_3	671	0/1	18	8	NA	26	1259	8	69	31	NA	0.635424940428912
18825_Gorai.004G127500.3_Adi022_3	711	0/1	10	13	NA	23	1259	8	43	57	NA	0.635424940428912
18825_Gorai.004G127500.3_Adi022_3	752	0/1	10	11	NA	21	1259	8	48	52	NA	0.635424940428912
18825_Gorai.004G127500.3_Adi022_3	772	0/1	19	10	NA	29	1259	8	66	34	NA	0.635424940428912
18966_Gorai.006G049000.1_P1_Adi022	33	1/1	5	10	NA	15	1705	21	33	67	NA	1.2316715542522
18966_Gorai.006G049000.1_P1_Adi022	36	1/1	5	10	NA	15	1705	21	33	67	NA	1.2316715542522
18966_Gorai.006G049000.1_P1_Adi022	108	1/1	7	18	NA	25	1705	21	28	72	NA	1.2316715542522
18966_Gorai.006G049000.1_P1_Adi022	171	1/1	17	17	NA	34	1705	21	50	50	NA	1.2316715542522
18966_Gorai.006G049000.1_P1_Adi022	225	1/1	17	22	NA	39	1705	21	44	56	NA	1.2316715542522
18966_Gorai.006G049000.1_P1_Adi022	294	0/1	19	4	NA	23	1705	21	83	17	NA	1.2316715542522
18966_Gorai.006G049000.1_P1_Adi022	676	1/1	2	4	NA	6	1705	21	33	67	NA	1.2316715542522
18966_Gorai.006G049000.1_P1_Adi022	748	1/1	3	13	NA	16	1705	21	19	81	NA	1.2316715542522
18966_Gorai.006G049000.1_P1_Adi022	1216	1/1	17	39	NA	56	1705	21	30	70	NA	1.2316715542522
18966_Gorai.006G049000.1_P1_Adi022	1294	1/1	8	47	NA	55	1705	21	15	85	NA	1.2316715542522
18966_Gorai.006G049000.1_P1_Adi022	1327	1/1	2	56	NA	58	1705	21	3	97	NA	1.2316715542522
18966_Gorai.006G049000.1_P1_Adi022	1495	0/1	55	47	NA	102	1705	21	54	46	NA	1.2316715542522
18966_Gorai.006G049000.1_P1_Adi022	1522	0/1	59	40	NA	99	1705	21	60	40	NA	1.2316715542522
18966_Gorai.006G049000.1_P1_Adi022	1546	0/1	58	37	NA	95	1705	21	61	39	NA	1.2316715542522
18966_Gorai.006G049000.1_P1_Adi022	1573	0/1	60	27	NA	87	1705	21	69	31	NA	1.2316715542522
18966_Gorai.006G049000.1_P1_Adi022	1576	0/1	54	32	NA	86	1705	21	63	37	NA	1.2316715542522
18966_Gorai.006G049000.1_P1_Adi022	1600	0/1	53	30	NA	83	1705	21	64	36	NA	1.2316715542522
18966_Gorai.006G049000.1_P1_Adi022	1603	0/1	53	28	NA	81	1705	21	65	35	NA	1.2316715542522
18966_Gorai.006G049000.1_P1_Adi022	1660	0/1	25	17	NA	42	1705	21	60	40	NA	1.2316715542522
18966_Gorai.006G049000.1_P1_Adi022	1669	0/1	18	14	NA	32	1705	21	56	44	NA	1.2316715542522
18966_Gorai.006G049000.1_P1_Adi022	1681	0/1	13	8	NA	21	1705	21	62	38	NA	1.2316715542522
18966_Gorai.006G049000.1_P1_Adi022_3	72	1/1	3	9	NA	12	1705	40	25	75	NA	2.34604105571848
18966_Gorai.006G049000.1_P1_Adi022_3	96	1/1	7	12	NA	19	1705	40	37	63	NA	2.34604105571848
18966_Gorai.006G049000.1_P1_Adi022_3	102	1/1	0	13	NA	13	1705	40	0	100	NA	2.34604105571848
18966_Gorai.006G049000.1_P1_Adi022_3	108	1/1	0	20	NA	20	1705	40	0	100	NA	2.34604105571848
18966_Gorai.006G049000.1_P1_Adi022_3	110	0/1	13	7	NA	20	1705	40	65	35	NA	2.34604105571848
18966_Gorai.006G049000.1_P1_Adi022_3	147	1/1	12	17	NA	29	1705	40	41	59	NA	2.34604105571848
18966_Gorai.006G049000.1_P1_Adi022_3	216	0/1	20	16	NA	36	1705	40	56	44	NA	2.34604105571848
18966_Gorai.006G049000.1_P1_Adi022_3	246	0/1	25	15	NA	40	1705	40	62	38	NA	2.34604105571848
18966_Gorai.006G049000.1_P1_Adi022_3	255	0/1	24	15	NA	39	1705	40	62	38	NA	2.34604105571848
18966_Gorai.006G049000.1_P1_Adi022_3	261	0/1	24	14	NA	38	1705	40	63	37	NA	2.34604105571848
18966_Gorai.006G049000.1_P1_Adi022_3	282	0/1	25	12	NA	37	1705	40	68	32	NA	2.34604105571848
18966_Gorai.006G049000.1_P1_Adi022_3	294	0/1	19	11	NA	30	1705	40	63	37	NA	2.34604105571848
18966_Gorai.006G049000.1_P1_Adi022_3	348	1/1	8	9	NA	17	1705	40	47	53	NA	2.34604105571848
18966_Gorai.006G049000.1_P1_Adi022_3	351	1/1	6	9	NA	15	1705	40	40	60	NA	2.34604105571848
18966_Gorai.006G049000.1_P1_Adi022_3	1152	0/1	26	13	NA	39	1705	40	67	33	NA	2.34604105571848
18966_Gorai.006G049000.1_P1_Adi022_3	1163	0/1	22	17	NA	39	1705	40	56	44	NA	2.34604105571848
18966_Gorai.006G049000.1_P1_Adi022_3	1187	0/1	35	18	NA	53	1705	40	66	34	NA	2.34604105571848
18966_Gorai.006G049000.1_P1_Adi022_3	1192	0/1	39	16	NA	55	1705	40	71	29	NA	2.34604105571848
18966_Gorai.006G049000.1_P1_Adi022_3	1207	0/1	45	16	NA	61	1705	40	74	26	NA	2.34604105571848
18966_Gorai.006G049000.1_P1_Adi022_3	1221	0/1	49	19	NA	68	1705	40	72	28	NA	2.34604105571848
18966_Gorai.006G049000.1_P1_Adi022_3	1228	0/1	52	21	NA	73	1705	40	71	29	NA	2.34604105571848
18966_Gorai.006G049000.1_P1_Adi022_3	1237	0/1	60	21	NA	81	1705	40	74	26	NA	2.34604105571848
18966_Gorai.006G049000.1_P1_Adi022_3	1252	0/1	63	21	NA	84	1705	40	75	25	NA	2.34604105571848
18966_Gorai.006G049000.1_P1_Adi022_3	1264	0/1	57	29	NA	86	1705	40	66	34	NA	2.34604105571848
18966_Gorai.006G049000.1_P1_Adi022_3	1285	0/1	68	23	NA	91	1705	40	75	25	NA	2.34604105571848
18966_Gorai.006G049000.1_P1_Adi022_3	1307	0/1	52	39	NA	91	1705	40	57	43	NA	2.34604105571848
18966_Gorai.006G049000.1_P1_Adi022_3	1357	0/1	65	36	NA	101	1705	40	64	36	NA	2.34604105571848
18966_Gorai.006G049000.1_P1_Adi022_3	1369	0/1	64	35	NA	99	1705	40	65	35	NA	2.34604105571848
18966_Gorai.006G049000.1_P1_Adi022_3	1393	0/1	55	50	NA	105	1705	40	52	48	NA	2.34604105571848
18966_Gorai.006G049000.1_P1_Adi022_3	1402	0/1	66	39	NA	105	1705	40	63	37	NA	2.34604105571848
18966_Gorai.006G049000.1_P1_Adi022_3	1432	0/1	82	24	NA	106	1705	40	77	23	NA	2.34604105571848
18966_Gorai.006G049000.1_P1_Adi022_3	1450	0/1	64	43	NA	107	1705	40	60	40	NA	2.34604105571848
18966_Gorai.006G049000.1_P1_Adi022_3	1483	1/1	36	57	NA	93	1705	40	39	61	NA	2.34604105571848
18966_Gorai.006G049000.1_P1_Adi022_3	1495	1/1	20	58	NA	78	1705	40	26	74	NA	2.34604105571848
18966_Gorai.006G049000.1_P1_Adi022_3	1552	1/1	21	51	NA	72	1705	40	29	71	NA	2.34604105571848
18966_Gorai.006G049000.1_P1_Adi022_3	1612	1/1	1	39	NA	40	1705	40	2	98	NA	2.34604105571848
18966_Gorai.006G049000.1_P1_Adi022_3	1628	1/1	1	33	NA	34	1705	40	3	97	NA	2.34604105571848
18966_Gorai.006G049000.1_P1_Adi022_3	1636	1/1	1	30	NA	31	1705	40	3	97	NA	2.34604105571848
18966_Gorai.006G049000.1_P1_Adi022_3	1651	1/1	1	25	NA	26	1705	40	4	96	NA	2.34604105571848
18966_Gorai.006G049000.1_P1_Adi022_3	1669	1/1	0	18	NA	18	1705	40	0	100	NA	2.34604105571848
19017_Gorai.008G159500.1_Adi022	186	0/1	5	2	NA	7	683	8	71	29	NA	1.17130307467057
19017_Gorai.008G159500.1_Adi022	198	0/1	5	2	NA	7	683	8	71	29	NA	1.17130307467057
19017_Gorai.008G159500.1_Adi022	211	0/1	4	2	NA	6	683	8	67	33	NA	1.17130307467057
19017_Gorai.008G159500.1_Adi022	407	0/1	9	4	NA	13	683	8	69	31	NA	1.17130307467057
19017_Gorai.008G159500.1_Adi022	409	0/1	9	4	NA	13	683	8	69	31	NA	1.17130307467057
19017_Gorai.008G159500.1_Adi022	419	0/1	9	4	NA	13	683	8	69	31	NA	1.17130307467057
19017_Gorai.008G159500.1_Adi022	449	0/1	10	4	NA	14	683	8	71	29	NA	1.17130307467057
19017_Gorai.008G159500.1_Adi022	500	0/1	9	3	NA	12	683	8	75	25	NA	1.17130307467057
19284_Gorai.006G004600.1_Adi022	351	1/1	1	11	NA	12	1770	1	8	92	NA	0.0564971751412429
19284_Gorai.006G004600.1_Adi022_3	62	1/1	0	6	NA	6	1770	4	0	100	NA	0.225988700564972
19284_Gorai.006G004600.1_Adi022_3	194	0/1	16	7	NA	23	1770	4	70	30	NA	0.225988700564972
19284_Gorai.006G004600.1_Adi022_3	327	0/1	11	7	NA	18	1770	4	61	39	NA	0.225988700564972
19284_Gorai.006G004600.1_Adi022_3	557	1/1	11	13	NA	24	1770	4	46	54	NA	0.225988700564972
19864_Gorai.001G236500.2_P3_Adi022	198	1/1	2	5	NA	7	1320	6	29	71	NA	0.454545454545455
19864_Gorai.001G236500.2_P3_Adi022	208	1/1	2	5	NA	7	1320	6	29	71	NA	0.454545454545455
19864_Gorai.001G236500.2_P3_Adi022	226	0/1	2	6	NA	8	1320	6	25	75	NA	0.454545454545455
19864_Gorai.001G236500.2_P3_Adi022	337	1/1	2	6	NA	8	1320	6	25	75	NA	0.454545454545455
19864_Gorai.001G236500.2_P3_Adi022	1121	1/1	6	10	NA	16	1320	6	38	62	NA	0.454545454545455
19864_Gorai.001G236500.2_P3_Adi022	1133	1/1	5	10	NA	15	1320	6	33	67	NA	0.454545454545455
19864_Gorai.001G236500.2_P3_Adi022_3	337	1/1	0	6	NA	6	1320	14	0	100	NA	1.06060606060606
19864_Gorai.001G236500.2_P3_Adi022_3	930	0/1	15	3	NA	18	1320	14	83	17	NA	1.06060606060606
19864_Gorai.001G236500.2_P3_Adi022_3	960	0/1	18	4	NA	22	1320	14	82	18	NA	1.06060606060606
19864_Gorai.001G236500.2_P3_Adi022_3	972	0/1	12	4	NA	16	1320	14	75	25	NA	1.06060606060606
19864_Gorai.001G236500.2_P3_Adi022_3	987	0/1	12	11	NA	23	1320	14	52	48	NA	1.06060606060606
19864_Gorai.001G236500.2_P3_Adi022_3	990	0/1	18	6	NA	24	1320	14	75	25	NA	1.06060606060606
19864_Gorai.001G236500.2_P3_Adi022_3	996	0/1	12	12	NA	24	1320	14	50	50	NA	1.06060606060606
19864_Gorai.001G236500.2_P3_Adi022_3	999	0/1	11	14	NA	25	1320	14	44	56	NA	1.06060606060606
19864_Gorai.001G236500.2_P3_Adi022_3	1019	0/1	15	13	NA	28	1320	14	54	46	NA	1.06060606060606
19864_Gorai.001G236500.2_P3_Adi022_3	1037	0/1	15	12	NA	27	1320	14	56	44	NA	1.06060606060606
19864_Gorai.001G236500.2_P3_Adi022_3	1044	0/1	15	11	NA	26	1320	14	58	42	NA	1.06060606060606
19864_Gorai.001G236500.2_P3_Adi022_3	1068	0/1	17	10	NA	27	1320	14	63	37	NA	1.06060606060606
19864_Gorai.001G236500.2_P3_Adi022_3	1073	0/1	22	5	NA	27	1320	14	81	19	NA	1.06060606060606
19864_Gorai.001G236500.2_P3_Adi022_3	1110	0/1	16	12	NA	28	1320	14	57	43	NA	1.06060606060606
19901_Gorai.012G089500.2_P6_Adi022	445	0/1	5	2	NA	7	484	1	71	29	NA	0.206611570247934
20128_Gorai.004G000900.2_P2_Adi022	82	1/1	0	5	NA	5	1642	1	0	100	NA	0.0609013398294763
20128_Gorai.004G000900.2_P2_Adi022_3	82	1/1	1	5	NA	6	1642	1	17	83	NA	0.0609013398294763
2014_Gorai.012G150300.1_Adi022	1604	0/1	15	15	NA	30	4595	4	50	50	NA	0.0870511425462459
2014_Gorai.012G150300.1_Adi022	3009	1/1	0	10	NA	10	4595	4	0	100	NA	0.0870511425462459
2014_Gorai.012G150300.1_Adi022	3373	1/1	2	5	NA	7	4595	4	29	71	NA	0.0870511425462459
2014_Gorai.012G150300.1_Adi022	3554	1/1	0	3	NA	3	4595	4	0	100	NA	0.0870511425462459
2014_Gorai.012G150300.1_Adi022_3	3009	1/1	3	9	NA	12	4595	2	25	75	NA	0.043525571273123
2014_Gorai.012G150300.1_Adi022_3	3373	1/1	1	4	NA	5	4595	2	20	80	NA	0.043525571273123
20156_Gorai.004G099500.2_Adi022	306	1/1	4	13	NA	17	1382	1	24	76	NA	0.0723589001447178
20156_Gorai.004G099500.2_Adi022_3	306	1/1	1	15	NA	16	1382	1	6	94	NA	0.0723589001447178
20686_Gorai.013G120800.2_P1_Adi022	1595	1/1	4	46	NA	50	1773	8	8	92	NA	0.451212633953751
20686_Gorai.013G120800.2_P1_Adi022	1637	1/1	4	36	NA	40	1773	8	10	90	NA	0.451212633953751
20686_Gorai.013G120800.2_P1_Adi022	1649	1/1	4	32	NA	36	1773	8	11	89	NA	0.451212633953751
20686_Gorai.013G120800.2_P1_Adi022	1667	0/1	14	15	NA	29	1773	8	48	52	NA	0.451212633953751
20686_Gorai.013G120800.2_P1_Adi022	1683	0/1	16	8	NA	24	1773	8	67	33	NA	0.451212633953751
20686_Gorai.013G120800.2_P1_Adi022	1691	1/1	3	20	NA	23	1773	8	13	87	NA	0.451212633953751
20686_Gorai.013G120800.2_P1_Adi022	1725	0/1	6	6	NA	12	1773	8	50	50	NA	0.451212633953751
20686_Gorai.013G120800.2_P1_Adi022	1766	1/1	0	2	NA	2	1773	8	0	100	NA	0.451212633953751
20686_Gorai.013G120800.2_P1_Adi022_3	1364	1/1	18	13	NA	31	1773	8	58	42	NA	0.451212633953751
20686_Gorai.013G120800.2_P1_Adi022_3	1406	1/1	20	15	NA	35	1773	8	57	43	NA	0.451212633953751
20686_Gorai.013G120800.2_P1_Adi022_3	1436	1/1	20	20	NA	40	1773	8	50	50	NA	0.451212633953751
20686_Gorai.013G120800.2_P1_Adi022_3	1535	1/1	11	39	NA	50	1773	8	22	78	NA	0.451212633953751
20686_Gorai.013G120800.2_P1_Adi022_3	1595	1/1	7	40	NA	47	1773	8	15	85	NA	0.451212633953751
20686_Gorai.013G120800.2_P1_Adi022_3	1637	1/1	8	30	NA	38	1773	8	21	79	NA	0.451212633953751
20686_Gorai.013G120800.2_P1_Adi022_3	1649	1/1	8	30	NA	38	1773	8	21	79	NA	0.451212633953751
20686_Gorai.013G120800.2_P1_Adi022_3	1691	1/1	3	26	NA	29	1773	8	10	90	NA	0.451212633953751
20686_Gorai.013G120800.2_P2_Adi022_3	174	1/1	0	4	NA	4	1560	3	0	100	NA	0.192307692307692
20686_Gorai.013G120800.2_P2_Adi022_3	268	1/1	0	6	NA	6	1560	3	0	100	NA	0.192307692307692
20686_Gorai.013G120800.2_P2_Adi022_3	360	1/1	0	3	NA	3	1560	3	0	100	NA	0.192307692307692
20698_Gorai.012G015200.1_Adi022_3	332	1/1	3	9	NA	12	2080	2	25	75	NA	0.0961538461538462
20698_Gorai.012G015200.1_Adi022_3	334	1/1	3	9	NA	12	2080	2	25	75	NA	0.0961538461538462
20747_Gorai.010G137900.2_Adi022	220	0/1	15	4	NA	19	1691	3	79	21	NA	0.177409816676523
20747_Gorai.010G137900.2_Adi022	274	0/1	11	3	NA	14	1691	3	79	21	NA	0.177409816676523
20747_Gorai.010G137900.2_Adi022	1534	0/1	13	4	NA	17	1691	3	76	24	NA	0.177409816676523
20778_Gorai.005G183500.2_P1_Adi022	843	0/1	4	2	NA	6	1246	1	67	33	NA	0.0802568218298555
20778_Gorai.005G183500.2_P2_Adi022	278	0/1	9	4	NA	13	1328	6	69	31	NA	0.451807228915663
20778_Gorai.005G183500.2_P2_Adi022	353	0/1	12	5	NA	17	1328	6	71	29	NA	0.451807228915663
20778_Gorai.005G183500.2_P2_Adi022	397	0/1	12	5	NA	17	1328	6	71	29	NA	0.451807228915663
20778_Gorai.005G183500.2_P2_Adi022	425	0/1	12	5	NA	17	1328	6	71	29	NA	0.451807228915663
20778_Gorai.005G183500.2_P2_Adi022	521	1/1	0	3	NA	3	1328	6	0	100	NA	0.451807228915663
20778_Gorai.005G183500.2_P2_Adi022	782	0/1	7	3	NA	10	1328	6	70	30	NA	0.451807228915663
20969_Gorai.009G224800.1_P1_Adi022	69	1/1	0	6	NA	6	1086	12	0	100	NA	1.10497237569061
20969_Gorai.009G224800.1_P1_Adi022	109	1/1	0	7	NA	7	1086	12	0	100	NA	1.10497237569061
20969_Gorai.009G224800.1_P1_Adi022	114	0/1	2	5	NA	7	1086	12	29	71	NA	1.10497237569061
20969_Gorai.009G224800.1_P1_Adi022	144	1/1	0	7	NA	7	1086	12	0	100	NA	1.10497237569061
20969_Gorai.009G224800.1_P1_Adi022	165	1/1	0	6	NA	6	1086	12	0	100	NA	1.10497237569061
20969_Gorai.009G224800.1_P1_Adi022	180	1/1	0	7	NA	7	1086	12	0	100	NA	1.10497237569061
20969_Gorai.009G224800.1_P1_Adi022	184	1/1	0	7	NA	7	1086	12	0	100	NA	1.10497237569061
20969_Gorai.009G224800.1_P1_Adi022	192	1/1	0	7	NA	7	1086	12	0	100	NA	1.10497237569061
20969_Gorai.009G224800.1_P1_Adi022	207	1/1	0	5	NA	5	1086	12	0	100	NA	1.10497237569061
20969_Gorai.009G224800.1_P1_Adi022	213	1/1	0	5	NA	5	1086	12	0	100	NA	1.10497237569061
20969_Gorai.009G224800.1_P1_Adi022	258	1/1	1	7	NA	8	1086	12	12	88	NA	1.10497237569061
20969_Gorai.009G224800.1_P1_Adi022	267	1/1	1	7	NA	8	1086	12	12	88	NA	1.10497237569061
20969_Gorai.009G224800.1_P1_Adi022_3	69	1/1	0	7	NA	7	1086	3	0	100	NA	0.276243093922652
20969_Gorai.009G224800.1_P1_Adi022_3	109	1/1	0	6	NA	6	1086	3	0	100	NA	0.276243093922652
20969_Gorai.009G224800.1_P1_Adi022_3	144	1/1	0	6	NA	6	1086	3	0	100	NA	0.276243093922652
20969_Gorai.009G224800.1_P2_Adi022	384	0/1	7	4	NA	11	998	10	64	36	NA	1.00200400801603
20969_Gorai.009G224800.1_P2_Adi022	408	0/1	7	5	NA	12	998	10	58	42	NA	1.00200400801603
20969_Gorai.009G224800.1_P2_Adi022	534	0/1	6	3	NA	9	998	10	67	33	NA	1.00200400801603
20969_Gorai.009G224800.1_P2_Adi022	540	0/1	6	3	NA	9	998	10	67	33	NA	1.00200400801603
20969_Gorai.009G224800.1_P2_Adi022	573	0/1	6	4	NA	10	998	10	60	40	NA	1.00200400801603
20969_Gorai.009G224800.1_P2_Adi022	579	0/1	6	4	NA	10	998	10	60	40	NA	1.00200400801603
20969_Gorai.009G224800.1_P2_Adi022	594	0/1	5	3	NA	8	998	10	62	38	NA	1.00200400801603
20969_Gorai.009G224800.1_P2_Adi022	597	0/1	5	2	NA	7	998	10	71	29	NA	1.00200400801603
20969_Gorai.009G224800.1_P2_Adi022	603	0/1	5	2	NA	7	998	10	71	29	NA	1.00200400801603
20969_Gorai.009G224800.1_P2_Adi022	606	0/1	5	2	NA	7	998	10	71	29	NA	1.00200400801603
2174_Gorai.008G218700.1_Adi022	3352	1/1	3	3	NA	6	3920	15	50	50	NA	0.38265306122449
2174_Gorai.008G218700.1_Adi022	3358	1/1	3	3	NA	6	3920	15	50	50	NA	0.38265306122449
2174_Gorai.008G218700.1_Adi022	3370	1/1	3	5	NA	8	3920	15	38	62	NA	0.38265306122449
2174_Gorai.008G218700.1_Adi022	3372	0/1	5	3	NA	8	3920	15	62	38	NA	0.38265306122449
2174_Gorai.008G218700.1_Adi022	3394	1/1	2	9	NA	11	3920	15	18	82	NA	0.38265306122449
2174_Gorai.008G218700.1_Adi022	3412	1/1	2	14	NA	16	3920	15	12	88	NA	0.38265306122449
2174_Gorai.008G218700.1_Adi022	3438	1/1	0	16	NA	16	3920	15	0	100	NA	0.38265306122449
2174_Gorai.008G218700.1_Adi022	3502	1/1	9	17	NA	26	3920	15	35	65	NA	0.38265306122449
2174_Gorai.008G218700.1_Adi022	3601	0/1	33	18	NA	51	3920	15	65	35	NA	0.38265306122449
2174_Gorai.008G218700.1_Adi022	3606	0/1	36	16	NA	52	3920	15	69	31	NA	0.38265306122449
2174_Gorai.008G218700.1_Adi022	3613	0/1	16	39	NA	55	3920	15	29	71	NA	0.38265306122449
2174_Gorai.008G218700.1_Adi022	3625	0/1	42	13	NA	55	3920	15	76	24	NA	0.38265306122449
2174_Gorai.008G218700.1_Adi022	3634	0/1	42	13	NA	55	3920	15	76	24	NA	0.38265306122449
2174_Gorai.008G218700.1_Adi022	3673	0/1	12	39	NA	51	3920	15	24	76	NA	0.38265306122449
2174_Gorai.008G218700.1_Adi022	3680	0/1	12	38	NA	50	3920	15	24	76	NA	0.38265306122449
2174_Gorai.008G218700.1_Adi022_3	3407	0/1	19	12	NA	31	3920	6	61	39	NA	0.153061224489796
2174_Gorai.008G218700.1_Adi022_3	3438	1/1	0	28	NA	28	3920	6	0	100	NA	0.153061224489796
2174_Gorai.008G218700.1_Adi022_3	3502	1/1	5	22	NA	27	3920	6	19	81	NA	0.153061224489796
2174_Gorai.008G218700.1_Adi022_3	3601	0/1	21	12	NA	33	3920	6	64	36	NA	0.153061224489796
2174_Gorai.008G218700.1_Adi022_3	3606	0/1	21	12	NA	33	3920	6	64	36	NA	0.153061224489796
2174_Gorai.008G218700.1_Adi022_3	3625	0/1	22	7	NA	29	3920	6	76	24	NA	0.153061224489796
22470_Gorai.008G061000.1_P1_Adi022	1279	1/1	2	12	NA	14	1452	5	14	86	NA	0.34435261707989
22470_Gorai.008G061000.1_P1_Adi022	1293	1/1	2	12	NA	14	1452	5	14	86	NA	0.34435261707989
22470_Gorai.008G061000.1_P1_Adi022	1367	0/1	4	10	NA	14	1452	5	29	71	NA	0.34435261707989
22470_Gorai.008G061000.1_P1_Adi022	1371	0/1	4	8	NA	12	1452	5	33	67	NA	0.34435261707989
22470_Gorai.008G061000.1_P1_Adi022	1375	0/1	5	8	NA	13	1452	5	38	62	NA	0.34435261707989
22470_Gorai.008G061000.1_P1_Adi022_3	1332	1/2	0	14	8	22	1452	1	0	64	36	0.068870523415978
22470_Gorai.008G061000.1_P2_Adi022	493	1/1	1	12	NA	13	1017	4	8	92	NA	0.393313667649951
22470_Gorai.008G061000.1_P2_Adi022	504	1/1	2	13	NA	15	1017	4	13	87	NA	0.393313667649951
22470_Gorai.008G061000.1_P2_Adi022	517	1/1	2	13	NA	15	1017	4	13	87	NA	0.393313667649951
22470_Gorai.008G061000.1_P2_Adi022	591	0/1	2	6	NA	8	1017	4	25	75	NA	0.393313667649951
22470_Gorai.008G061000.1_P2_Adi022_3	461	0/1	5	9	NA	14	1017	6	36	64	NA	0.589970501474926
22470_Gorai.008G061000.1_P2_Adi022_3	493	1/1	1	17	NA	18	1017	6	6	94	NA	0.589970501474926
22470_Gorai.008G061000.1_P2_Adi022_3	495	0/1	8	10	NA	18	1017	6	44	56	NA	0.589970501474926
22470_Gorai.008G061000.1_P2_Adi022_3	504	1/1	1	17	NA	18	1017	6	6	94	NA	0.589970501474926
22470_Gorai.008G061000.1_P2_Adi022_3	517	1/1	1	17	NA	18	1017	6	6	94	NA	0.589970501474926
22470_Gorai.008G061000.1_P2_Adi022_3	591	1/1	1	14	NA	15	1017	6	7	93	NA	0.589970501474926
23196_Gorai.007G238700.2_P2_Adi022	32	1/1	0	3	NA	3	1535	2	0	100	NA	0.130293159609121
23196_Gorai.007G238700.2_P2_Adi022	35	1/1	0	3	NA	3	1535	2	0	100	NA	0.130293159609121
23608_Gorai.007G137300.2_Adi022	125	0/1	15	3	NA	18	1312	4	83	17	NA	0.304878048780488
23608_Gorai.007G137300.2_Adi022	418	0/1	16	7	NA	23	1312	4	70	30	NA	0.304878048780488
23608_Gorai.007G137300.2_Adi022	455	0/1	18	7	NA	25	1312	4	72	28	NA	0.304878048780488
23608_Gorai.007G137300.2_Adi022	557	0/1	17	4	NA	21	1312	4	81	19	NA	0.304878048780488
24559_Gorai.013G093200.1_Adi022	183	0/1	19	9	NA	28	1124	5	68	32	NA	0.444839857651246
24559_Gorai.013G093200.1_Adi022	313	0/1	13	7	NA	20	1124	5	65	35	NA	0.444839857651246
24559_Gorai.013G093200.1_Adi022	996	0/1	22	5	NA	27	1124	5	81	19	NA	0.444839857651246
24559_Gorai.013G093200.1_Adi022	1029	0/1	20	5	NA	25	1124	5	80	20	NA	0.444839857651246
24559_Gorai.013G093200.1_Adi022	1084	0/1	19	3	NA	22	1124	5	86	14	NA	0.444839857651246
25049_Gorai.004G171700.2_Adi022	546	0/1	15	3	NA	18	1235	1	83	17	NA	0.0809716599190283
25151_Gorai.003G119300.1_Adi022	55	0/1	7	3	NA	10	1478	2	70	30	NA	0.13531799729364
25151_Gorai.003G119300.1_Adi022	1449	0/1	5	2	NA	7	1478	2	71	29	NA	0.13531799729364
25187_Gorai.009G267800.3_Adi022	715	1/1	0	10	NA	10	1474	1	0	100	NA	0.067842605156038
25187_Gorai.009G267800.3_Adi022_3	715	1/1	0	9	NA	9	1474	1	0	100	NA	0.067842605156038
25296_Gorai.011G095000.1_Adi022	1147	0/1	11	3	NA	14	2026	1	79	21	NA	0.0493583415597236
25454_Gorai.011G134300.1_Adi022_3	799	0/1	19	14	NA	33	1032	1	58	42	NA	0.0968992248062016
259_Gorai.007G088700.1_Adi022	413	0/1	8	10	NA	18	6428	1	44	56	NA	0.015556938394524
2712_Gorai.002G185300.2_Adi022	1029	0/1	20	7	NA	27	3415	4	74	26	NA	0.117130307467057
2712_Gorai.002G185300.2_Adi022	1074	0/1	17	8	NA	25	3415	4	68	32	NA	0.117130307467057
2712_Gorai.002G185300.2_Adi022	1982	0/1	6	3	NA	9	3415	4	67	33	NA	0.117130307467057
2712_Gorai.002G185300.2_Adi022	2363	0/1	5	2	NA	7	3415	4	71	29	NA	0.117130307467057
27868_Gorai.009G193000.1_Adi022	52	0/1	15	4	NA	19	1385	8	79	21	NA	0.577617328519856
27868_Gorai.009G193000.1_Adi022	74	0/1	20	5	NA	25	1385	8	80	20	NA	0.577617328519856
27868_Gorai.009G193000.1_Adi022	305	0/1	24	9	NA	33	1385	8	73	27	NA	0.577617328519856
27868_Gorai.009G193000.1_Adi022	428	0/1	15	6	NA	21	1385	8	71	29	NA	0.577617328519856
27868_Gorai.009G193000.1_Adi022	1276	0/1	5	2	NA	7	1385	8	71	29	NA	0.577617328519856
27868_Gorai.009G193000.1_Adi022	1331	0/1	5	2	NA	7	1385	8	71	29	NA	0.577617328519856
27868_Gorai.009G193000.1_Adi022	1340	0/1	5	2	NA	7	1385	8	71	29	NA	0.577617328519856
27868_Gorai.009G193000.1_Adi022	1353	0/1	4	2	NA	6	1385	8	67	33	NA	0.577617328519856
3168_Gorai.013G033700.2_P2_Adi022	2279	1/1	7	9	NA	16	3142	1	44	56	NA	0.0318268618714195
3180_Gorai.004G175500.1_P1_Adi022	31	0/1	7	4	NA	11	1393	45	64	36	NA	3.23043790380474
3180_Gorai.004G175500.1_P1_Adi022	293	0/1	55	12	NA	67	1393	45	82	18	NA	3.23043790380474
3180_Gorai.004G175500.1_P1_Adi022	329	0/1	47	16	NA	63	1393	45	75	25	NA	3.23043790380474
3180_Gorai.004G175500.1_P1_Adi022	377	0/1	54	21	NA	75	1393	45	72	28	NA	3.23043790380474
3180_Gorai.004G175500.1_P1_Adi022	413	0/1	59	23	NA	82	1393	45	72	28	NA	3.23043790380474
3180_Gorai.004G175500.1_P1_Adi022	446	0/1	56	21	NA	77	1393	45	73	27	NA	3.23043790380474
3180_Gorai.004G175500.1_P1_Adi022	475	0/1	53	18	NA	71	1393	45	75	25	NA	3.23043790380474
3180_Gorai.004G175500.1_P1_Adi022	493	0/1	50	16	NA	66	1393	45	76	24	NA	3.23043790380474
3180_Gorai.004G175500.1_P1_Adi022	506	0/1	46	14	NA	60	1393	45	77	23	NA	3.23043790380474
3180_Gorai.004G175500.1_P1_Adi022	521	0/1	44	12	NA	56	1393	45	79	21	NA	3.23043790380474
3180_Gorai.004G175500.1_P1_Adi022	744	0/1	46	6	NA	52	1393	45	88	12	NA	3.23043790380474
3180_Gorai.004G175500.1_P1_Adi022	840	0/1	69	11	NA	80	1393	45	86	14	NA	3.23043790380474
3180_Gorai.004G175500.1_P1_Adi022	858	0/1	71	12	NA	83	1393	45	86	14	NA	3.23043790380474
3180_Gorai.004G175500.1_P1_Adi022	861	0/1	72	13	NA	85	1393	45	85	15	NA	3.23043790380474
3180_Gorai.004G175500.1_P1_Adi022	900	0/1	78	20	NA	98	1393	45	80	20	NA	3.23043790380474
3180_Gorai.004G175500.1_P1_Adi022	904	0/1	79	21	NA	100	1393	45	79	21	NA	3.23043790380474
3180_Gorai.004G175500.1_P1_Adi022	909	0/1	78	22	NA	100	1393	45	78	22	NA	3.23043790380474
3180_Gorai.004G175500.1_P1_Adi022	933	0/1	80	21	NA	101	1393	45	79	21	NA	3.23043790380474
3180_Gorai.004G175500.1_P1_Adi022	963	0/1	82	28	NA	110	1393	45	75	25	NA	3.23043790380474
3180_Gorai.004G175500.1_P1_Adi022	977	0/1	87	27	NA	114	1393	45	76	24	NA	3.23043790380474
3180_Gorai.004G175500.1_P1_Adi022	982	0/1	87	28	NA	115	1393	45	76	24	NA	3.23043790380474
3180_Gorai.004G175500.1_P1_Adi022	1002	0/1	87	27	NA	114	1393	45	76	24	NA	3.23043790380474
3180_Gorai.004G175500.1_P1_Adi022	1020	0/1	93	24	NA	117	1393	45	79	21	NA	3.23043790380474
3180_Gorai.004G175500.1_P1_Adi022	1026	0/1	89	22	NA	111	1393	45	80	20	NA	3.23043790380474
3180_Gorai.004G175500.1_P1_Adi022	1058	0/1	82	15	NA	97	1393	45	85	15	NA	3.23043790380474
3180_Gorai.004G175500.1_P1_Adi022	1062	0/1	83	14	NA	97	1393	45	86	14	NA	3.23043790380474
3180_Gorai.004G175500.1_P1_Adi022	1065	0/1	85	14	NA	99	1393	45	86	14	NA	3.23043790380474
3180_Gorai.004G175500.1_P1_Adi022	1072	0/1	84	14	NA	98	1393	45	86	14	NA	3.23043790380474
3180_Gorai.004G175500.1_P1_Adi022	1077	0/1	83	14	NA	97	1393	45	86	14	NA	3.23043790380474
3180_Gorai.004G175500.1_P1_Adi022	1104	0/1	97	12	NA	109	1393	45	89	11	NA	3.23043790380474
3180_Gorai.004G175500.1_P1_Adi022	1116	0/1	90	10	NA	100	1393	45	90	10	NA	3.23043790380474
3180_Gorai.004G175500.1_P1_Adi022	1119	0/1	90	10	NA	100	1393	45	90	10	NA	3.23043790380474
3180_Gorai.004G175500.1_P1_Adi022	1228	0/1	75	9	NA	84	1393	45	89	11	NA	3.23043790380474
3180_Gorai.004G175500.1_P1_Adi022	1245	0/1	69	9	NA	78	1393	45	88	12	NA	3.23043790380474
3180_Gorai.004G175500.1_P1_Adi022	1246	0/1	69	9	NA	78	1393	45	88	12	NA	3.23043790380474
3180_Gorai.004G175500.1_P1_Adi022	1265	0/1	64	9	NA	73	1393	45	88	12	NA	3.23043790380474
3180_Gorai.004G175500.1_P1_Adi022	1268	0/1	49	13	NA	62	1393	45	79	21	NA	3.23043790380474
3180_Gorai.004G175500.1_P1_Adi022	1270	0/1	62	9	NA	71	1393	45	87	13	NA	3.23043790380474
3180_Gorai.004G175500.1_P1_Adi022	1301	0/1	49	10	NA	59	1393	45	83	17	NA	3.23043790380474
3180_Gorai.004G175500.1_P1_Adi022	1304	0/1	45	11	NA	56	1393	45	80	20	NA	3.23043790380474
3180_Gorai.004G175500.1_P1_Adi022	1306	0/1	44	12	NA	56	1393	45	79	21	NA	3.23043790380474
3180_Gorai.004G175500.1_P1_Adi022	1345	0/1	29	10	NA	39	1393	45	74	26	NA	3.23043790380474
3180_Gorai.004G175500.1_P1_Adi022	1346	0/1	29	10	NA	39	1393	45	74	26	NA	3.23043790380474
3180_Gorai.004G175500.1_P1_Adi022	1372	0/1	20	4	NA	24	1393	45	83	17	NA	3.23043790380474
3180_Gorai.004G175500.1_P1_Adi022	1380	0/1	15	4	NA	19	1393	45	79	21	NA	3.23043790380474
3218_Gorai.006G063300.1_Adi022	3033	1/1	0	6	NA	6	4162	2	0	100	NA	0.0480538202787122
3218_Gorai.006G063300.1_Adi022	3155	1/1	4	11	NA	15	4162	2	27	73	NA	0.0480538202787122
3218_Gorai.006G063300.1_Adi022_3	3033	1/1	0	7	NA	7	4162	1	0	100	NA	0.0240269101393561
3275_Gorai.006G000100.1_Adi022	172	1/1	0	21	NA	21	4647	5	0	100	NA	0.107596298687325
3275_Gorai.006G000100.1_Adi022	215	1/1	1	26	NA	27	4647	5	4	96	NA	0.107596298687325
3275_Gorai.006G000100.1_Adi022	276	1/1	1	30	NA	31	4647	5	3	97	NA	0.107596298687325
3275_Gorai.006G000100.1_Adi022	300	1/1	0	34	NA	34	4647	5	0	100	NA	0.107596298687325
3275_Gorai.006G000100.1_Adi022	315	1/1	0	33	NA	33	4647	5	0	100	NA	0.107596298687325
3275_Gorai.006G000100.1_Adi022_3	118	1/1	2	3	NA	5	4647	15	40	60	NA	0.322788896061975
3275_Gorai.006G000100.1_Adi022_3	129	1/1	2	3	NA	5	4647	15	40	60	NA	0.322788896061975
3275_Gorai.006G000100.1_Adi022_3	142	1/1	2	6	NA	8	4647	15	25	75	NA	0.322788896061975
3275_Gorai.006G000100.1_Adi022_3	156	1/1	2	10	NA	12	4647	15	17	83	NA	0.322788896061975
3275_Gorai.006G000100.1_Adi022_3	172	1/1	0	17	NA	17	4647	15	0	100	NA	0.322788896061975
3275_Gorai.006G000100.1_Adi022_3	215	1/1	0	22	NA	22	4647	15	0	100	NA	0.322788896061975
3275_Gorai.006G000100.1_Adi022_3	276	1/1	0	24	NA	24	4647	15	0	100	NA	0.322788896061975
3275_Gorai.006G000100.1_Adi022_3	300	1/1	0	23	NA	23	4647	15	0	100	NA	0.322788896061975
3275_Gorai.006G000100.1_Adi022_3	315	1/1	0	23	NA	23	4647	15	0	100	NA	0.322788896061975
3275_Gorai.006G000100.1_Adi022_3	379	1/1	1	15	NA	16	4647	15	6	94	NA	0.322788896061975
3275_Gorai.006G000100.1_Adi022_3	387	1/1	1	13	NA	14	4647	15	7	93	NA	0.322788896061975
3275_Gorai.006G000100.1_Adi022_3	392	0/1	6	3	NA	9	4647	15	67	33	NA	0.322788896061975
3275_Gorai.006G000100.1_Adi022_3	403	1/1	1	5	NA	6	4647	15	17	83	NA	0.322788896061975
3275_Gorai.006G000100.1_Adi022_3	405	1/1	1	5	NA	6	4647	15	17	83	NA	0.322788896061975
3275_Gorai.006G000100.1_Adi022_3	413	1/1	1	4	NA	5	4647	15	20	80	NA	0.322788896061975
3505_Gorai.009G172900.1_P1_Adi022	1608	1/1	0	9	NA	9	2614	26	0	100	NA	0.994644223412395
3505_Gorai.009G172900.1_P1_Adi022	1656	1/1	0	10	NA	10	2614	26	0	100	NA	0.994644223412395
3505_Gorai.009G172900.1_P1_Adi022	1668	1/1	0	10	NA	10	2614	26	0	100	NA	0.994644223412395
3505_Gorai.009G172900.1_P1_Adi022	1671	1/1	0	10	NA	10	2614	26	0	100	NA	0.994644223412395
3505_Gorai.009G172900.1_P1_Adi022	1674	1/1	0	10	NA	10	2614	26	0	100	NA	0.994644223412395
3505_Gorai.009G172900.1_P1_Adi022	1675	1/1	0	10	NA	10	2614	26	0	100	NA	0.994644223412395
3505_Gorai.009G172900.1_P1_Adi022	1677	1/1	0	10	NA	10	2614	26	0	100	NA	0.994644223412395
3505_Gorai.009G172900.1_P1_Adi022	1716	1/1	1	14	NA	15	2614	26	7	93	NA	0.994644223412395
3505_Gorai.009G172900.1_P1_Adi022	1761	1/1	0	16	NA	16	2614	26	0	100	NA	0.994644223412395
3505_Gorai.009G172900.1_P1_Adi022	1779	1/1	0	16	NA	16	2614	26	0	100	NA	0.994644223412395
3505_Gorai.009G172900.1_P1_Adi022	1788	1/1	0	16	NA	16	2614	26	0	100	NA	0.994644223412395
3505_Gorai.009G172900.1_P1_Adi022	1805	0/1	10	7	NA	17	2614	26	59	41	NA	0.994644223412395
3505_Gorai.009G172900.1_P1_Adi022	1857	0/1	9	4	NA	13	2614	26	69	31	NA	0.994644223412395
3505_Gorai.009G172900.1_P1_Adi022	1929	1/1	6	6	NA	12	2614	26	50	50	NA	0.994644223412395
3505_Gorai.009G172900.1_P1_Adi022	1935	1/1	8	6	NA	14	2614	26	57	43	NA	0.994644223412395
3505_Gorai.009G172900.1_P1_Adi022	1947	1/1	10	5	NA	15	2614	26	67	33	NA	0.994644223412395
3505_Gorai.009G172900.1_P1_Adi022	1953	1/1	10	5	NA	15	2614	26	67	33	NA	0.994644223412395
3505_Gorai.009G172900.1_P1_Adi022	1959	1/1	11	4	NA	15	2614	26	73	27	NA	0.994644223412395
3505_Gorai.009G172900.1_P1_Adi022	1973	1/1	12	4	NA	16	2614	26	75	25	NA	0.994644223412395
3505_Gorai.009G172900.1_P1_Adi022	1988	1/1	17	4	NA	21	2614	26	81	19	NA	0.994644223412395
3505_Gorai.009G172900.1_P1_Adi022	2151	1/1	11	8	NA	19	2614	26	58	42	NA	0.994644223412395
3505_Gorai.009G172900.1_P1_Adi022	2169	1/1	7	9	NA	16	2614	26	44	56	NA	0.994644223412395
3505_Gorai.009G172900.1_P1_Adi022	2229	1/1	3	9	NA	12	2614	26	25	75	NA	0.994644223412395
3505_Gorai.009G172900.1_P1_Adi022	2232	1/1	3	9	NA	12	2614	26	25	75	NA	0.994644223412395
3505_Gorai.009G172900.1_P1_Adi022	2241	1/1	3	9	NA	12	2614	26	25	75	NA	0.994644223412395
3505_Gorai.009G172900.1_P1_Adi022	2250	1/1	3	8	NA	11	2614	26	27	73	NA	0.994644223412395
3505_Gorai.009G172900.1_P1_Adi022_3	1597	1/1	0	8	NA	8	2614	1	0	100	NA	0.0382555470543229
3505_Gorai.009G172900.1_P2_Adi022	1864	1/1	0	8	NA	8	2851	16	0	100	NA	0.561206594177482
3505_Gorai.009G172900.1_P2_Adi022	2071	0/1	16	10	NA	26	2851	16	62	38	NA	0.561206594177482
3505_Gorai.009G172900.1_P2_Adi022	2083	0/1	15	10	NA	25	2851	16	60	40	NA	0.561206594177482
3505_Gorai.009G172900.1_P2_Adi022	2104	0/1	12	10	NA	22	2851	16	55	45	NA	0.561206594177482
3505_Gorai.009G172900.1_P2_Adi022	2110	0/1	12	11	NA	23	2851	16	52	48	NA	0.561206594177482
3505_Gorai.009G172900.1_P2_Adi022	2122	1/1	6	13	NA	19	2851	16	32	68	NA	0.561206594177482
3505_Gorai.009G172900.1_P2_Adi022	2128	1/1	6	14	NA	20	2851	16	30	70	NA	0.561206594177482
3505_Gorai.009G172900.1_P2_Adi022	2148	1/1	3	15	NA	18	2851	16	17	83	NA	0.561206594177482
3505_Gorai.009G172900.1_P2_Adi022	2185	0/1	9	7	NA	16	2851	16	56	44	NA	0.561206594177482
3505_Gorai.009G172900.1_P2_Adi022	2232	1/1	1	11	NA	12	2851	16	8	92	NA	0.561206594177482
3505_Gorai.009G172900.1_P2_Adi022	2246	1/1	2	10	NA	12	2851	16	17	83	NA	0.561206594177482
3505_Gorai.009G172900.1_P2_Adi022	2248	1/1	2	10	NA	12	2851	16	17	83	NA	0.561206594177482
3505_Gorai.009G172900.1_P2_Adi022	2278	1/1	5	7	NA	12	2851	16	42	58	NA	0.561206594177482
3505_Gorai.009G172900.1_P2_Adi022	2305	1/1	6	5	NA	11	2851	16	55	45	NA	0.561206594177482
3505_Gorai.009G172900.1_P2_Adi022	2518	1/1	2	11	NA	13	2851	16	15	85	NA	0.561206594177482
3505_Gorai.009G172900.1_P2_Adi022	2539	1/1	0	12	NA	12	2851	16	0	100	NA	0.561206594177482
3505_Gorai.009G172900.1_P2_Adi022_3	531	1/1	0	10	NA	10	2851	4	0	100	NA	0.14030164854437
3505_Gorai.009G172900.1_P2_Adi022_3	535	1/1	0	10	NA	10	2851	4	0	100	NA	0.14030164854437
3505_Gorai.009G172900.1_P2_Adi022_3	574	1/1	0	10	NA	10	2851	4	0	100	NA	0.14030164854437
3505_Gorai.009G172900.1_P2_Adi022_3	1891	1/1	0	9	NA	9	2851	4	0	100	NA	0.14030164854437
4143_Gorai.008G286900.1_Adi022	19	1/1	1	4	NA	5	1762	1	20	80	NA	0.0567536889897843
4143_Gorai.008G286900.1_Adi022_3	793	0/1	2	6	NA	8	1762	2	25	75	NA	0.113507377979569
4143_Gorai.008G286900.1_Adi022_3	875	0/1	2	4	NA	6	1762	2	33	67	NA	0.113507377979569
4165_Gorai.005G207300.1_Adi022	2071	0/1	12	11	NA	23	2593	4	52	48	NA	0.154261473197069
4165_Gorai.005G207300.1_Adi022	2132	0/1	13	16	NA	29	2593	4	45	55	NA	0.154261473197069
4165_Gorai.005G207300.1_Adi022	2137	0/1	17	12	NA	29	2593	4	59	41	NA	0.154261473197069
4165_Gorai.005G207300.1_Adi022	2148	0/1	18	13	NA	31	2593	4	58	42	NA	0.154261473197069
4304_Gorai.010G125400.1_Adi022	292	0/1	64	7	NA	71	2200	5	90	10	NA	0.227272727272727
4304_Gorai.010G125400.1_Adi022	344	0/1	47	19	NA	66	2200	5	71	29	NA	0.227272727272727
4304_Gorai.010G125400.1_Adi022	372	0/1	44	7	NA	51	2200	5	86	14	NA	0.227272727272727
4304_Gorai.010G125400.1_Adi022	395	0/1	39	6	NA	45	2200	5	87	13	NA	0.227272727272727
4304_Gorai.010G125400.1_Adi022	606	0/1	33	8	NA	41	2200	5	80	20	NA	0.227272727272727
4348_Gorai.013G260900.1_P1_Adi022	2377	1/1	1	24	NA	25	4751	1	4	96	NA	0.0210482003788676
4348_Gorai.013G260900.1_P1_Adi022_3	2377	1/1	0	23	NA	23	4751	1	0	100	NA	0.0210482003788676
5302_Gorai.011G200900.2_Adi022_3	1248	1/1	1	6	NA	7	2068	1	14	86	NA	0.0483558994197292
5467_Gorai.011G117000.4_Adi022	234	0/1	11	4	NA	15	1137	4	73	27	NA	0.351802990325418
5467_Gorai.011G117000.4_Adi022	503	0/1	48	8	NA	56	1137	4	86	14	NA	0.351802990325418
5467_Gorai.011G117000.4_Adi022	580	0/1	48	12	NA	60	1137	4	80	20	NA	0.351802990325418
5467_Gorai.011G117000.4_Adi022	872	0/1	22	9	NA	31	1137	4	71	29	NA	0.351802990325418
5533_Gorai.003G156900.1_P1_Adi022	1041	0/1	2	4	NA	6	2249	11	33	67	NA	0.48910626945309
5533_Gorai.003G156900.1_P1_Adi022	1047	0/1	2	4	NA	6	2249	11	33	67	NA	0.48910626945309
5533_Gorai.003G156900.1_P1_Adi022	1068	0/1	2	6	NA	8	2249	11	25	75	NA	0.48910626945309
5533_Gorai.003G156900.1_P1_Adi022	1077	0/1	2	6	NA	8	2249	11	25	75	NA	0.48910626945309
5533_Gorai.003G156900.1_P1_Adi022	1098	1/1	1	9	NA	10	2249	11	10	90	NA	0.48910626945309
5533_Gorai.003G156900.1_P1_Adi022	1272	1/1	0	4	NA	4	2249	11	0	100	NA	0.48910626945309
5533_Gorai.003G156900.1_P1_Adi022	1273	1/1	0	4	NA	4	2249	11	0	100	NA	0.48910626945309
5533_Gorai.003G156900.1_P1_Adi022	1278	1/1	0	4	NA	4	2249	11	0	100	NA	0.48910626945309
5533_Gorai.003G156900.1_P1_Adi022	1290	1/1	0	3	NA	3	2249	11	0	100	NA	0.48910626945309
5533_Gorai.003G156900.1_P1_Adi022	1293	1/1	0	2	NA	2	2249	11	0	100	NA	0.48910626945309
5533_Gorai.003G156900.1_P1_Adi022	1302	1/1	0	2	NA	2	2249	11	0	100	NA	0.48910626945309
5533_Gorai.003G156900.1_P1_Adi022_3	1035	1/1	0	3	NA	3	2249	6	0	100	NA	0.266785237883504
5533_Gorai.003G156900.1_P1_Adi022_3	1041	1/1	0	4	NA	4	2249	6	0	100	NA	0.266785237883504
5533_Gorai.003G156900.1_P1_Adi022_3	1047	1/1	0	5	NA	5	2249	6	0	100	NA	0.266785237883504
5533_Gorai.003G156900.1_P1_Adi022_3	1068	1/1	0	5	NA	5	2249	6	0	100	NA	0.266785237883504
5533_Gorai.003G156900.1_P1_Adi022_3	1077	1/1	0	5	NA	5	2249	6	0	100	NA	0.266785237883504
5533_Gorai.003G156900.1_P1_Adi022_3	1098	1/1	0	9	NA	9	2249	6	0	100	NA	0.266785237883504
5691_Gorai.012G163300.2_P2_Adi022_3	31	1/1	1	7	NA	8	2305	8	12	88	NA	0.3470715835141
5691_Gorai.012G163300.2_P2_Adi022_3	55	1/1	0	14	NA	14	2305	8	0	100	NA	0.3470715835141
5691_Gorai.012G163300.2_P2_Adi022_3	57	1/1	0	14	NA	14	2305	8	0	100	NA	0.3470715835141
5691_Gorai.012G163300.2_P2_Adi022_3	61	1/1	0	14	NA	14	2305	8	0	100	NA	0.3470715835141
5691_Gorai.012G163300.2_P2_Adi022_3	62	1/1	0	14	NA	14	2305	8	0	100	NA	0.3470715835141
5691_Gorai.012G163300.2_P2_Adi022_3	64	1/1	0	14	NA	14	2305	8	0	100	NA	0.3470715835141
5691_Gorai.012G163300.2_P2_Adi022_3	71	1/1	0	17	NA	17	2305	8	0	100	NA	0.3470715835141
5691_Gorai.012G163300.2_P2_Adi022_3	78	1/1	0	18	NA	18	2305	8	0	100	NA	0.3470715835141
5895_Gorai.004G031700.6_P3_Adi022	930	0/1	5	2	NA	7	1579	10	71	29	NA	0.633312222925903
5895_Gorai.004G031700.6_P3_Adi022	940	0/1	5	3	NA	8	1579	10	62	38	NA	0.633312222925903
5895_Gorai.004G031700.6_P3_Adi022	952	0/1	5	3	NA	8	1579	10	62	38	NA	0.633312222925903
5895_Gorai.004G031700.6_P3_Adi022	955	0/1	6	2	NA	8	1579	10	75	25	NA	0.633312222925903
5895_Gorai.004G031700.6_P3_Adi022	964	0/1	7	3	NA	10	1579	10	70	30	NA	0.633312222925903
5895_Gorai.004G031700.6_P3_Adi022	1003	0/1	11	3	NA	14	1579	10	79	21	NA	0.633312222925903
5895_Gorai.004G031700.6_P3_Adi022	1418	0/1	16	3	NA	19	1579	10	84	16	NA	0.633312222925903
5895_Gorai.004G031700.6_P3_Adi022	1434	0/1	17	4	NA	21	1579	10	81	19	NA	0.633312222925903
5895_Gorai.004G031700.6_P3_Adi022	1446	0/1	15	4	NA	19	1579	10	79	21	NA	0.633312222925903
5895_Gorai.004G031700.6_P3_Adi022	1461	0/1	13	4	NA	17	1579	10	76	24	NA	0.633312222925903
5900_Gorai.001G247800.5_Adi022	1077	1/1	6	8	NA	14	3400	1	43	57	NA	0.0294117647058824
5900_Gorai.001G247800.5_Adi022_3	1077	1/1	0	12	NA	12	3400	1	0	100	NA	0.0294117647058824
5978_Gorai.002G218100.6_P2_Adi022	1643	1/1	5	7	NA	12	1820	3	42	58	NA	0.164835164835165
5978_Gorai.002G218100.6_P2_Adi022	1741	0/1	7	5	NA	12	1820	3	58	42	NA	0.164835164835165
5978_Gorai.002G218100.6_P2_Adi022	1780	0/1	3	5	NA	8	1820	3	38	62	NA	0.164835164835165
608_Gorai.005G157100.1_Adi022	1639	0/1	14	8	NA	22	5439	2	64	36	NA	0.0367714653428939
608_Gorai.005G157100.1_Adi022	2013	1/1	8	18	NA	26	5439	2	31	69	NA	0.0367714653428939
608_Gorai.005G157100.1_Adi022_3	2153	1/1	4	19	NA	23	5439	1	17	83	NA	0.018385732671447
6136_Gorai.007G167000.1_P1_Adi022	306	0/1	15	5	NA	20	1397	6	75	25	NA	0.429491768074445
6136_Gorai.007G167000.1_P1_Adi022	365	0/1	19	7	NA	26	1397	6	73	27	NA	0.429491768074445
6136_Gorai.007G167000.1_P1_Adi022	447	0/1	23	5	NA	28	1397	6	82	18	NA	0.429491768074445
6136_Gorai.007G167000.1_P1_Adi022	762	0/1	23	9	NA	32	1397	6	72	28	NA	0.429491768074445
6136_Gorai.007G167000.1_P1_Adi022	918	0/1	19	6	NA	25	1397	6	76	24	NA	0.429491768074445
6136_Gorai.007G167000.1_P1_Adi022	1341	0/1	8	4	NA	12	1397	6	67	33	NA	0.429491768074445
6171_Gorai.008G228900.3_P3_Adi022	1083	0/1	5	5	NA	10	2098	18	50	50	NA	0.857959961868446
6171_Gorai.008G228900.3_P3_Adi022	1092	0/1	8	3	NA	11	2098	18	73	27	NA	0.857959961868446
6171_Gorai.008G228900.3_P3_Adi022	1145	1/1	3	10	NA	13	2098	18	23	77	NA	0.857959961868446
6171_Gorai.008G228900.3_P3_Adi022	1178	1/1	1	10	NA	11	2098	18	9	91	NA	0.857959961868446
6171_Gorai.008G228900.3_P3_Adi022	1212	1/1	0	7	NA	7	2098	18	0	100	NA	0.857959961868446
6171_Gorai.008G228900.3_P3_Adi022	1352	1/1	7	8	NA	15	2098	18	47	53	NA	0.857959961868446
6171_Gorai.008G228900.3_P3_Adi022	1353	1/1	7	8	NA	15	2098	18	47	53	NA	0.857959961868446
6171_Gorai.008G228900.3_P3_Adi022	1425	1/1	6	18	NA	24	2098	18	25	75	NA	0.857959961868446
6171_Gorai.008G228900.3_P3_Adi022	1447	1/1	5	20	NA	25	2098	18	20	80	NA	0.857959961868446
6171_Gorai.008G228900.3_P3_Adi022	1464	0/1	14	12	NA	26	2098	18	54	46	NA	0.857959961868446
6171_Gorai.008G228900.3_P3_Adi022	1513	0/1	17	10	NA	27	2098	18	63	37	NA	0.857959961868446
6171_Gorai.008G228900.3_P3_Adi022	1524	1/1	4	25	NA	29	2098	18	14	86	NA	0.857959961868446
6171_Gorai.008G228900.3_P3_Adi022	1581	1/1	0	20	NA	20	2098	18	0	100	NA	0.857959961868446
6171_Gorai.008G228900.3_P3_Adi022	1614	1/1	4	15	NA	19	2098	18	21	79	NA	0.857959961868446
6171_Gorai.008G228900.3_P3_Adi022	1617	1/1	4	15	NA	19	2098	18	21	79	NA	0.857959961868446
6171_Gorai.008G228900.3_P3_Adi022	1622	1/1	4	15	NA	19	2098	18	21	79	NA	0.857959961868446
6171_Gorai.008G228900.3_P3_Adi022	1677	1/1	4	6	NA	10	2098	18	40	60	NA	0.857959961868446
6171_Gorai.008G228900.3_P3_Adi022	1689	1/1	4	4	NA	8	2098	18	50	50	NA	0.857959961868446
6171_Gorai.008G228900.3_P3_Adi022_3	233	1/1	0	10	NA	10	2098	15	0	100	NA	0.714966634890372
6171_Gorai.008G228900.3_P3_Adi022_3	234	1/1	0	10	NA	10	2098	15	0	100	NA	0.714966634890372
6171_Gorai.008G228900.3_P3_Adi022_3	240	1/1	0	10	NA	10	2098	15	0	100	NA	0.714966634890372
6171_Gorai.008G228900.3_P3_Adi022_3	1017	1/1	5	13	NA	18	2098	15	28	72	NA	0.714966634890372
6171_Gorai.008G228900.3_P3_Adi022_3	1035	1/1	6	13	NA	19	2098	15	32	68	NA	0.714966634890372
6171_Gorai.008G228900.3_P3_Adi022_3	1036	1/1	6	13	NA	19	2098	15	32	68	NA	0.714966634890372
6171_Gorai.008G228900.3_P3_Adi022_3	1425	0/1	7	11	NA	18	2098	15	39	61	NA	0.714966634890372
6171_Gorai.008G228900.3_P3_Adi022_3	1447	1/1	6	13	NA	19	2098	15	32	68	NA	0.714966634890372
6171_Gorai.008G228900.3_P3_Adi022_3	1482	1/1	5	14	NA	19	2098	15	26	74	NA	0.714966634890372
6171_Gorai.008G228900.3_P3_Adi022_3	1492	0/1	14	6	NA	20	2098	15	70	30	NA	0.714966634890372
6171_Gorai.008G228900.3_P3_Adi022_3	1524	1/1	2	16	NA	18	2098	15	11	89	NA	0.714966634890372
6171_Gorai.008G228900.3_P3_Adi022_3	1581	1/1	1	17	NA	18	2098	15	6	94	NA	0.714966634890372
6171_Gorai.008G228900.3_P3_Adi022_3	1614	1/1	2	17	NA	19	2098	15	11	89	NA	0.714966634890372
6171_Gorai.008G228900.3_P3_Adi022_3	1617	1/1	2	18	NA	20	2098	15	10	90	NA	0.714966634890372
6171_Gorai.008G228900.3_P3_Adi022_3	1622	1/1	2	18	NA	20	2098	15	10	90	NA	0.714966634890372
704_Gorai.012G017400.1_Adi022	3368	1/1	6	32	NA	38	4049	1	16	84	NA	0.0246974561620153
7126_Gorai.012G081300.2_Adi022	1136	1/1	0	3	NA	3	3014	1	0	100	NA	0.033178500331785
727_Gorai.011G026100.1_Adi022_3	2188	1/1	15	3	NA	18	5099	3	83	17	NA	0.0588350656991567
727_Gorai.011G026100.1_Adi022_3	2244	0/1	13	5	NA	18	5099	3	72	28	NA	0.0588350656991567
727_Gorai.011G026100.1_Adi022_3	2411	0/1	16	8	NA	24	5099	3	67	33	NA	0.0588350656991567
7271_Gorai.005G267000.2_P1_Adi022	1934	1/1	0	17	NA	17	2217	9	0	100	NA	0.40595399188092
7271_Gorai.005G267000.2_P1_Adi022	1977	1/1	0	29	NA	29	2217	9	0	100	NA	0.40595399188092
7271_Gorai.005G267000.2_P1_Adi022	2025	1/1	0	31	NA	31	2217	9	0	100	NA	0.40595399188092
7271_Gorai.005G267000.2_P1_Adi022	2037	1/1	0	31	NA	31	2217	9	0	100	NA	0.40595399188092
7271_Gorai.005G267000.2_P1_Adi022	2079	1/1	0	27	NA	27	2217	9	0	100	NA	0.40595399188092
7271_Gorai.005G267000.2_P1_Adi022	2100	1/1	0	24	NA	24	2217	9	0	100	NA	0.40595399188092
7271_Gorai.005G267000.2_P1_Adi022	2113	1/1	0	22	NA	22	2217	9	0	100	NA	0.40595399188092
7271_Gorai.005G267000.2_P1_Adi022	2133	1/1	1	17	NA	18	2217	9	6	94	NA	0.40595399188092
7271_Gorai.005G267000.2_P1_Adi022	2194	1/1	1	9	NA	10	2217	9	10	90	NA	0.40595399188092
7271_Gorai.005G267000.2_P1_Adi022_3	1934	1/1	0	18	NA	18	2217	9	0	100	NA	0.40595399188092
7271_Gorai.005G267000.2_P1_Adi022_3	1977	1/1	0	28	NA	28	2217	9	0	100	NA	0.40595399188092
7271_Gorai.005G267000.2_P1_Adi022_3	2025	1/1	0	34	NA	34	2217	9	0	100	NA	0.40595399188092
7271_Gorai.005G267000.2_P1_Adi022_3	2037	1/1	0	35	NA	35	2217	9	0	100	NA	0.40595399188092
7271_Gorai.005G267000.2_P1_Adi022_3	2079	1/1	0	32	NA	32	2217	9	0	100	NA	0.40595399188092
7271_Gorai.005G267000.2_P1_Adi022_3	2100	1/1	0	28	NA	28	2217	9	0	100	NA	0.40595399188092
7271_Gorai.005G267000.2_P1_Adi022_3	2113	1/1	1	25	NA	26	2217	9	4	96	NA	0.40595399188092
7271_Gorai.005G267000.2_P1_Adi022_3	2133	1/1	1	19	NA	20	2217	9	5	95	NA	0.40595399188092
7271_Gorai.005G267000.2_P1_Adi022_3	2194	1/1	1	8	NA	9	2217	9	11	89	NA	0.40595399188092
7442_Gorai.012G040400.1_P1_Adi022	1098	1/1	3	9	NA	12	2057	2	25	75	NA	0.0972289742343218
7442_Gorai.012G040400.1_P1_Adi022	1135	1/1	5	9	NA	14	2057	2	36	64	NA	0.0972289742343218
7442_Gorai.012G040400.1_P3_Adi022	756	1/1	2	32	NA	34	2221	2	6	94	NA	0.090049527239982
7442_Gorai.012G040400.1_P3_Adi022	1901	1/1	0	7	NA	7	2221	2	0	100	NA	0.090049527239982
7442_Gorai.012G040400.1_P3_Adi022_3	756	1/1	4	41	NA	45	2221	2	9	91	NA	0.090049527239982
7442_Gorai.012G040400.1_P3_Adi022_3	1901	1/1	0	7	NA	7	2221	2	0	100	NA	0.090049527239982
7606_Gorai.004G131300.1_Adi022	2926	1/1	1	7	NA	8	3486	1	12	88	NA	0.0286861732644865
7856_Gorai.003G086000.1_P1_Adi022	1525	0/1	22	22	NA	44	1798	4	50	50	NA	0.222469410456062
7856_Gorai.003G086000.1_P1_Adi022	1528	0/1	23	21	NA	44	1798	4	52	48	NA	0.222469410456062
7856_Gorai.003G086000.1_P1_Adi022	1600	0/1	23	22	NA	45	1798	4	51	49	NA	0.222469410456062
7856_Gorai.003G086000.1_P1_Adi022	1737	0/1	6	13	NA	19	1798	4	32	68	NA	0.222469410456062
8173_Gorai.002G128400.2_Adi022	1669	0/1	6	3	NA	9	2658	2	67	33	NA	0.0752445447705041
8173_Gorai.002G128400.2_Adi022	2032	0/1	12	3	NA	15	2658	2	80	20	NA	0.0752445447705041
8187_Gorai.006G138300.1_Adi022_3	925	1/1	1	5	NA	6	3557	1	17	83	NA	0.0281135788585887
8697_Gorai.006G213600.4_Adi022	160	1/1	7	6	NA	13	3234	1	54	46	NA	0.0309214594928881
8902_Gorai.009G043400.2_P1_Adi022	183	0/1	20	6	NA	26	1367	6	77	23	NA	0.438917337234821
8902_Gorai.009G043400.2_P1_Adi022	290	1/1	1	23	NA	24	1367	6	4	96	NA	0.438917337234821
8902_Gorai.009G043400.2_P1_Adi022	345	1/1	0	32	NA	32	1367	6	0	100	NA	0.438917337234821
8902_Gorai.009G043400.2_P1_Adi022	444	0/1	16	14	NA	30	1367	6	53	47	NA	0.438917337234821
8902_Gorai.009G043400.2_P1_Adi022	448	1/1	1	30	NA	31	1367	6	3	97	NA	0.438917337234821
8902_Gorai.009G043400.2_P1_Adi022	472	1/1	1	29	NA	30	1367	6	3	97	NA	0.438917337234821
8902_Gorai.009G043400.2_P1_Adi022_3	162	1/1	13	7	NA	20	1367	18	65	35	NA	1.31675201170446
8902_Gorai.009G043400.2_P1_Adi022_3	171	1/1	14	8	NA	22	1367	18	64	36	NA	1.31675201170446
8902_Gorai.009G043400.2_P1_Adi022_3	189	1/1	14	8	NA	22	1367	18	64	36	NA	1.31675201170446
8902_Gorai.009G043400.2_P1_Adi022_3	216	1/1	14	10	NA	24	1367	18	58	42	NA	1.31675201170446
8902_Gorai.009G043400.2_P1_Adi022_3	217	1/1	14	10	NA	24	1367	18	58	42	NA	1.31675201170446
8902_Gorai.009G043400.2_P1_Adi022_3	222	1/1	11	10	NA	21	1367	18	52	48	NA	1.31675201170446
8902_Gorai.009G043400.2_P1_Adi022_3	232	1/1	11	10	NA	21	1367	18	52	48	NA	1.31675201170446
8902_Gorai.009G043400.2_P1_Adi022_3	256	1/1	9	12	NA	21	1367	18	43	57	NA	1.31675201170446
8902_Gorai.009G043400.2_P1_Adi022_3	262	1/1	7	12	NA	19	1367	18	37	63	NA	1.31675201170446
8902_Gorai.009G043400.2_P1_Adi022_3	271	1/1	7	13	NA	20	1367	18	35	65	NA	1.31675201170446
8902_Gorai.009G043400.2_P1_Adi022_3	290	1/1	6	19	NA	25	1367	18	24	76	NA	1.31675201170446
8902_Gorai.009G043400.2_P1_Adi022_3	345	1/1	0	25	NA	25	1367	18	0	100	NA	1.31675201170446
8902_Gorai.009G043400.2_P1_Adi022_3	346	0/1	17	7	NA	24	1367	18	71	29	NA	1.31675201170446
8902_Gorai.009G043400.2_P1_Adi022_3	448	1/1	1	25	NA	26	1367	18	4	96	NA	1.31675201170446
8902_Gorai.009G043400.2_P1_Adi022_3	472	1/1	1	19	NA	20	1367	18	5	95	NA	1.31675201170446
8902_Gorai.009G043400.2_P1_Adi022_3	506	1/1	1	13	NA	14	1367	18	7	93	NA	1.31675201170446
8902_Gorai.009G043400.2_P1_Adi022_3	513	1/1	1	12	NA	13	1367	18	8	92	NA	1.31675201170446
8902_Gorai.009G043400.2_P1_Adi022_3	519	1/1	1	11	NA	12	1367	18	8	92	NA	1.31675201170446
8902_Gorai.009G043400.2_P3_Adi022	33	1/1	0	5	NA	5	1204	31	0	100	NA	2.57475083056478
8902_Gorai.009G043400.2_P3_Adi022	80	1/1	0	9	NA	9	1204	31	0	100	NA	2.57475083056478
8902_Gorai.009G043400.2_P3_Adi022	82	1/1	0	8	NA	8	1204	31	0	100	NA	2.57475083056478
8902_Gorai.009G043400.2_P3_Adi022	94	0/1	1	8	NA	9	1204	31	11	89	NA	2.57475083056478
8902_Gorai.009G043400.2_P3_Adi022	142	0/1	1	11	NA	12	1204	31	8	92	NA	2.57475083056478
8902_Gorai.009G043400.2_P3_Adi022	184	0/1	3	13	NA	16	1204	31	19	81	NA	2.57475083056478
8902_Gorai.009G043400.2_P3_Adi022	199	0/1	4	13	NA	17	1204	31	24	76	NA	2.57475083056478
8902_Gorai.009G043400.2_P3_Adi022	202	0/1	4	13	NA	17	1204	31	24	76	NA	2.57475083056478
8902_Gorai.009G043400.2_P3_Adi022	217	1/1	1	18	NA	19	1204	31	5	95	NA	2.57475083056478
8902_Gorai.009G043400.2_P3_Adi022	226	0/1	15	4	NA	19	1204	31	79	21	NA	2.57475083056478
8902_Gorai.009G043400.2_P3_Adi022	319	0/1	17	7	NA	24	1204	31	71	29	NA	2.57475083056478
8902_Gorai.009G043400.2_P3_Adi022	343	0/1	16	9	NA	25	1204	31	64	36	NA	2.57475083056478
8902_Gorai.009G043400.2_P3_Adi022	403	0/1	8	13	NA	21	1204	31	38	62	NA	2.57475083056478
8902_Gorai.009G043400.2_P3_Adi022	451	0/1	12	6	NA	18	1204	31	67	33	NA	2.57475083056478
8902_Gorai.009G043400.2_P3_Adi022	490	0/1	7	7	NA	14	1204	31	50	50	NA	2.57475083056478
8902_Gorai.009G043400.2_P3_Adi022	526	0/1	7	6	NA	13	1204	31	54	46	NA	2.57475083056478
8902_Gorai.009G043400.2_P3_Adi022	544	0/1	6	5	NA	11	1204	31	55	45	NA	2.57475083056478
8902_Gorai.009G043400.2_P3_Adi022	571	0/1	3	4	NA	7	1204	31	43	57	NA	2.57475083056478
8902_Gorai.009G043400.2_P3_Adi022	580	1/1	0	5	NA	5	1204	31	0	100	NA	2.57475083056478
8902_Gorai.009G043400.2_P3_Adi022	601	0/1	1	4	NA	5	1204	31	20	80	NA	2.57475083056478
8902_Gorai.009G043400.2_P3_Adi022	791	1/1	4	7	NA	11	1204	31	36	64	NA	2.57475083056478
8902_Gorai.009G043400.2_P3_Adi022	902	0/1	9	10	NA	19	1204	31	47	53	NA	2.57475083056478
8902_Gorai.009G043400.2_P3_Adi022	911	0/1	9	10	NA	19	1204	31	47	53	NA	2.57475083056478
8902_Gorai.009G043400.2_P3_Adi022	929	0/1	11	10	NA	21	1204	31	52	48	NA	2.57475083056478
8902_Gorai.009G043400.2_P3_Adi022	941	0/1	6	15	NA	21	1204	31	29	71	NA	2.57475083056478
8902_Gorai.009G043400.2_P3_Adi022	956	0/1	12	10	NA	22	1204	31	55	45	NA	2.57475083056478
8902_Gorai.009G043400.2_P3_Adi022	965	0/1	10	13	NA	23	1204	31	43	57	NA	2.57475083056478
8902_Gorai.009G043400.2_P3_Adi022	971	0/1	14	8	NA	22	1204	31	64	36	NA	2.57475083056478
8902_Gorai.009G043400.2_P3_Adi022	1055	0/1	6	6	NA	12	1204	31	50	50	NA	2.57475083056478
8902_Gorai.009G043400.2_P3_Adi022	1115	0/1	2	6	NA	8	1204	31	25	75	NA	2.57475083056478
8902_Gorai.009G043400.2_P3_Adi022	1145	0/1	2	3	NA	5	1204	31	40	60	NA	2.57475083056478
8902_Gorai.009G043400.2_P3_Adi022_3	33	1/1	0	8	NA	8	1204	24	0	100	NA	1.99335548172757
8902_Gorai.009G043400.2_P3_Adi022_3	80	1/1	0	14	NA	14	1204	24	0	100	NA	1.99335548172757
8902_Gorai.009G043400.2_P3_Adi022_3	82	1/1	0	15	NA	15	1204	24	0	100	NA	1.99335548172757
8902_Gorai.009G043400.2_P3_Adi022_3	217	0/1	3	18	NA	21	1204	24	14	86	NA	1.99335548172757
8902_Gorai.009G043400.2_P3_Adi022_3	265	0/1	14	7	NA	21	1204	24	67	33	NA	1.99335548172757
8902_Gorai.009G043400.2_P3_Adi022_3	319	0/1	11	11	NA	22	1204	24	50	50	NA	1.99335548172757
8902_Gorai.009G043400.2_P3_Adi022_3	424	0/1	14	12	NA	26	1204	24	54	46	NA	1.99335548172757
8902_Gorai.009G043400.2_P3_Adi022_3	490	0/1	10	11	NA	21	1204	24	48	52	NA	1.99335548172757
8902_Gorai.009G043400.2_P3_Adi022_3	499	0/1	12	9	NA	21	1204	24	57	43	NA	1.99335548172757
8902_Gorai.009G043400.2_P3_Adi022_3	848	1/1	5	6	NA	11	1204	24	45	55	NA	1.99335548172757
8902_Gorai.009G043400.2_P3_Adi022_3	851	0/1	4	6	NA	10	1204	24	40	60	NA	1.99335548172757
8902_Gorai.009G043400.2_P3_Adi022_3	902	1/1	2	10	NA	12	1204	24	17	83	NA	1.99335548172757
8902_Gorai.009G043400.2_P3_Adi022_3	929	1/1	2	8	NA	10	1204	24	20	80	NA	1.99335548172757
8902_Gorai.009G043400.2_P3_Adi022_3	941	1/1	2	8	NA	10	1204	24	20	80	NA	1.99335548172757
8902_Gorai.009G043400.2_P3_Adi022_3	956	1/1	2	7	NA	9	1204	24	22	78	NA	1.99335548172757
8902_Gorai.009G043400.2_P3_Adi022_3	962	0/1	3	7	NA	10	1204	24	30	70	NA	1.99335548172757
8902_Gorai.009G043400.2_P3_Adi022_3	965	1/1	1	8	NA	9	1204	24	11	89	NA	1.99335548172757
8902_Gorai.009G043400.2_P3_Adi022_3	995	0/1	2	8	NA	10	1204	24	20	80	NA	1.99335548172757
8902_Gorai.009G043400.2_P3_Adi022_3	1052	0/1	2	5	NA	7	1204	24	29	71	NA	1.99335548172757
8902_Gorai.009G043400.2_P3_Adi022_3	1061	0/1	2	5	NA	7	1204	24	29	71	NA	1.99335548172757
8902_Gorai.009G043400.2_P3_Adi022_3	1106	0/1	2	3	NA	5	1204	24	40	60	NA	1.99335548172757
8902_Gorai.009G043400.2_P3_Adi022_3	1109	1/1	0	3	NA	3	1204	24	0	100	NA	1.99335548172757
8902_Gorai.009G043400.2_P3_Adi022_3	1115	1/1	0	5	NA	5	1204	24	0	100	NA	1.99335548172757
8902_Gorai.009G043400.2_P3_Adi022_3	1139	0/1	2	2	NA	4	1204	24	50	50	NA	1.99335548172757
9057_Gorai.009G271600.2_P1_Adi022	1291	1/1	3	13	NA	16	1659	1	19	81	NA	0.0602772754671489
9076_Gorai.001G120700.4_Adi022_3	957	1/1	5	6	NA	11	3031	2	45	55	NA	0.0659848234905972
9076_Gorai.001G120700.4_Adi022_3	1104	1/1	0	25	NA	25	3031	2	0	100	NA	0.0659848234905972
9156_Gorai.009G268200.2_P2_Adi022	1069	1/1	2	11	NA	13	2374	27	15	85	NA	1.13732097725358
9156_Gorai.009G268200.2_P2_Adi022	1458	1/1	2	46	NA	48	2374	27	4	96	NA	1.13732097725358
9156_Gorai.009G268200.2_P2_Adi022	1464	1/1	1	46	NA	47	2374	27	2	98	NA	1.13732097725358
9156_Gorai.009G268200.2_P2_Adi022	1527	0/1	13	49	NA	62	2374	27	21	79	NA	1.13732097725358
9156_Gorai.009G268200.2_P2_Adi022	1537	0/1	39	26	NA	65	2374	27	60	40	NA	1.13732097725358
9156_Gorai.009G268200.2_P2_Adi022	1587	0/1	57	19	NA	76	2374	27	75	25	NA	1.13732097725358
9156_Gorai.009G268200.2_P2_Adi022	1591	0/1	54	24	NA	78	2374	27	69	31	NA	1.13732097725358
9156_Gorai.009G268200.2_P2_Adi022	1608	0/1	57	19	NA	76	2374	27	75	25	NA	1.13732097725358
9156_Gorai.009G268200.2_P2_Adi022	1629	0/1	55	22	NA	77	2374	27	71	29	NA	1.13732097725358
9156_Gorai.009G268200.2_P2_Adi022	1641	0/1	46	31	NA	77	2374	27	60	40	NA	1.13732097725358
9156_Gorai.009G268200.2_P2_Adi022	1647	0/1	56	24	NA	80	2374	27	70	30	NA	1.13732097725358
9156_Gorai.009G268200.2_P2_Adi022	1662	0/1	44	39	NA	83	2374	27	53	47	NA	1.13732097725358
9156_Gorai.009G268200.2_P2_Adi022	1686	0/1	61	27	NA	88	2374	27	69	31	NA	1.13732097725358
9156_Gorai.009G268200.2_P2_Adi022	1707	1/1	29	68	NA	97	2374	27	30	70	NA	1.13732097725358
9156_Gorai.009G268200.2_P2_Adi022	1755	0/1	78	13	NA	91	2374	27	86	14	NA	1.13732097725358
9156_Gorai.009G268200.2_P2_Adi022	1761	0/1	68	23	NA	91	2374	27	75	25	NA	1.13732097725358
9156_Gorai.009G268200.2_P2_Adi022	1767	0/1	68	22	NA	90	2374	27	76	24	NA	1.13732097725358
9156_Gorai.009G268200.2_P2_Adi022	1776	0/1	55	35	NA	90	2374	27	61	39	NA	1.13732097725358
9156_Gorai.009G268200.2_P2_Adi022	1794	0/1	67	16	NA	83	2374	27	81	19	NA	1.13732097725358
9156_Gorai.009G268200.2_P2_Adi022	1803	0/1	63	14	NA	77	2374	27	82	18	NA	1.13732097725358
9156_Gorai.009G268200.2_P2_Adi022	1818	0/1	51	24	NA	75	2374	27	68	32	NA	1.13732097725358
9156_Gorai.009G268200.2_P2_Adi022	1996	1/1	0	11	NA	11	2374	27	0	100	NA	1.13732097725358
9156_Gorai.009G268200.2_P2_Adi022	2016	1/1	0	14	NA	14	2374	27	0	100	NA	1.13732097725358
9156_Gorai.009G268200.2_P2_Adi022	2040	0/1	9	12	NA	21	2374	27	43	57	NA	1.13732097725358
9156_Gorai.009G268200.2_P2_Adi022	2091	0/1	17	18	NA	35	2374	27	49	51	NA	1.13732097725358
9156_Gorai.009G268200.2_P2_Adi022	2205	0/1	20	14	NA	34	2374	27	59	41	NA	1.13732097725358
9156_Gorai.009G268200.2_P2_Adi022	2280	1/1	3	14	NA	17	2374	27	18	82	NA	1.13732097725358
9156_Gorai.009G268200.2_P2_Adi022_3	1069	1/1	2	9	NA	11	2374	26	18	82	NA	1.09519797809604
9156_Gorai.009G268200.2_P2_Adi022_3	1455	0/1	25	18	NA	43	2374	26	58	42	NA	1.09519797809604
9156_Gorai.009G268200.2_P2_Adi022_3	1458	0/1	10	33	NA	43	2374	26	23	77	NA	1.09519797809604
9156_Gorai.009G268200.2_P2_Adi022_3	1464	0/1	9	36	NA	45	2374	26	20	80	NA	1.09519797809604
9156_Gorai.009G268200.2_P2_Adi022_3	1491	0/1	29	17	NA	46	2374	26	63	37	NA	1.09519797809604
9156_Gorai.009G268200.2_P2_Adi022_3	1527	0/1	11	45	NA	56	2374	26	20	80	NA	1.09519797809604
9156_Gorai.009G268200.2_P2_Adi022_3	1591	0/1	38	26	NA	64	2374	26	59	41	NA	1.09519797809604
9156_Gorai.009G268200.2_P2_Adi022_3	1626	0/1	56	18	NA	74	2374	26	76	24	NA	1.09519797809604
9156_Gorai.009G268200.2_P2_Adi022_3	1692	0/1	54	26	NA	80	2374	26	68	32	NA	1.09519797809604
9156_Gorai.009G268200.2_P2_Adi022_3	1707	1/1	22	56	NA	78	2374	26	28	72	NA	1.09519797809604
9156_Gorai.009G268200.2_P2_Adi022_3	1857	0/1	29	19	NA	48	2374	26	60	40	NA	1.09519797809604
9156_Gorai.009G268200.2_P2_Adi022_3	1996	1/1	1	13	NA	14	2374	26	7	93	NA	1.09519797809604
9156_Gorai.009G268200.2_P2_Adi022_3	2016	0/1	7	12	NA	19	2374	26	37	63	NA	1.09519797809604
9156_Gorai.009G268200.2_P2_Adi022_3	2020	0/1	13	6	NA	19	2374	26	68	32	NA	1.09519797809604
9156_Gorai.009G268200.2_P2_Adi022_3	2031	0/1	15	12	NA	27	2374	26	56	44	NA	1.09519797809604
9156_Gorai.009G268200.2_P2_Adi022_3	2064	0/1	17	19	NA	36	2374	26	47	53	NA	1.09519797809604
9156_Gorai.009G268200.2_P2_Adi022_3	2098	0/1	22	26	NA	48	2374	26	46	54	NA	1.09519797809604
9156_Gorai.009G268200.2_P2_Adi022_3	2130	0/1	25	27	NA	52	2374	26	48	52	NA	1.09519797809604
9156_Gorai.009G268200.2_P2_Adi022_3	2131	0/1	25	28	NA	53	2374	26	47	53	NA	1.09519797809604
9156_Gorai.009G268200.2_P2_Adi022_3	2169	0/1	24	28	NA	52	2374	26	46	54	NA	1.09519797809604
9156_Gorai.009G268200.2_P2_Adi022_3	2172	0/1	24	27	NA	51	2374	26	47	53	NA	1.09519797809604
9156_Gorai.009G268200.2_P2_Adi022_3	2178	1/2	2	27	22	51	2374	26	4	53	43	1.09519797809604
9156_Gorai.009G268200.2_P2_Adi022_3	2193	0/1	33	21	NA	54	2374	26	61	39	NA	1.09519797809604
9156_Gorai.009G268200.2_P2_Adi022_3	2196	0/1	32	21	NA	53	2374	26	60	40	NA	1.09519797809604
9156_Gorai.009G268200.2_P2_Adi022_3	2253	1/2	7	15	18	40	2374	26	18	38	45	1.09519797809604
9156_Gorai.009G268200.2_P2_Adi022_3	2271	0/1	20	15	NA	35	2374	26	57	43	NA	1.09519797809604
923_Gorai.005G170300.2_P2_Adi022	439	1/1	6	8	NA	14	3035	4	43	57	NA	0.131795716639209
923_Gorai.005G170300.2_P2_Adi022	469	1/1	4	8	NA	12	3035	4	33	67	NA	0.131795716639209
923_Gorai.005G170300.2_P2_Adi022	876	0/1	6	10	NA	16	3035	4	38	62	NA	0.131795716639209
923_Gorai.005G170300.2_P2_Adi022	912	0/1	9	7	NA	16	3035	4	56	44	NA	0.131795716639209
923_Gorai.005G170300.2_P2_Adi022_3	912	0/1	7	13	NA	20	3035	3	35	65	NA	0.0988467874794069
923_Gorai.005G170300.2_P2_Adi022_3	1037	1/1	12	13	NA	25	3035	3	48	52	NA	0.0988467874794069
923_Gorai.005G170300.2_P2_Adi022_3	1448	0/1	51	17	NA	68	3035	3	75	25	NA	0.0988467874794069
9263_Gorai.004G098000.1_P1_Adi022	243	1/1	0	64	NA	64	1251	19	0	100	NA	1.51878497202238
9263_Gorai.004G098000.1_P1_Adi022	261	1/2	0	38	29	67	1251	19	0	57	43	1.51878497202238
9263_Gorai.004G098000.1_P1_Adi022	264	1/1	0	67	NA	67	1251	19	0	100	NA	1.51878497202238
9263_Gorai.004G098000.1_P1_Adi022	277	0/1	30	38	NA	68	1251	19	44	56	NA	1.51878497202238
9263_Gorai.004G098000.1_P1_Adi022	372	0/1	48	27	NA	75	1251	19	64	36	NA	1.51878497202238
9263_Gorai.004G098000.1_P1_Adi022	384	0/1	30	40	NA	70	1251	19	43	57	NA	1.51878497202238
9263_Gorai.004G098000.1_P1_Adi022	420	0/1	29	40	NA	69	1251	19	42	58	NA	1.51878497202238
9263_Gorai.004G098000.1_P1_Adi022	423	0/1	41	25	NA	66	1251	19	62	38	NA	1.51878497202238
9263_Gorai.004G098000.1_P1_Adi022	435	0/1	44	23	NA	67	1251	19	66	34	NA	1.51878497202238
9263_Gorai.004G098000.1_P1_Adi022	437	0/1	22	44	NA	66	1251	19	33	67	NA	1.51878497202238
9263_Gorai.004G098000.1_P1_Adi022	516	1/1	4	57	NA	61	1251	19	7	93	NA	1.51878497202238
9263_Gorai.004G098000.1_P1_Adi022	606	0/1	38	23	NA	61	1251	19	62	38	NA	1.51878497202238
9263_Gorai.004G098000.1_P1_Adi022	654	0/1	34	23	NA	57	1251	19	60	40	NA	1.51878497202238
9263_Gorai.004G098000.1_P1_Adi022	777	1/1	2	40	NA	42	1251	19	5	95	NA	1.51878497202238
9263_Gorai.004G098000.1_P1_Adi022	780	1/1	2	40	NA	42	1251	19	5	95	NA	1.51878497202238
9263_Gorai.004G098000.1_P1_Adi022	825	1/1	0	28	NA	28	1251	19	0	100	NA	1.51878497202238
9263_Gorai.004G098000.1_P1_Adi022	847	1/1	0	13	NA	13	1251	19	0	100	NA	1.51878497202238
9263_Gorai.004G098000.1_P1_Adi022	849	1/1	0	13	NA	13	1251	19	0	100	NA	1.51878497202238
9263_Gorai.004G098000.1_P1_Adi022	853	1/1	0	13	NA	13	1251	19	0	100	NA	1.51878497202238
9263_Gorai.004G098000.1_P1_Adi022_3	138	1/1	6	16	NA	22	1251	23	27	73	NA	1.83852917665867
9263_Gorai.004G098000.1_P1_Adi022_3	177	1/1	4	21	NA	25	1251	23	16	84	NA	1.83852917665867
9263_Gorai.004G098000.1_P1_Adi022_3	195	1/1	3	28	NA	31	1251	23	10	90	NA	1.83852917665867
9263_Gorai.004G098000.1_P1_Adi022_3	231	0/1	36	9	NA	45	1251	23	80	20	NA	1.83852917665867
9263_Gorai.004G098000.1_P1_Adi022_3	243	1/1	2	48	NA	50	1251	23	4	96	NA	1.83852917665867
9263_Gorai.004G098000.1_P1_Adi022_3	264	1/1	2	49	NA	51	1251	23	4	96	NA	1.83852917665867
9263_Gorai.004G098000.1_P1_Adi022_3	384	0/1	28	42	NA	70	1251	23	40	60	NA	1.83852917665867
9263_Gorai.004G098000.1_P1_Adi022_3	420	0/1	35	41	NA	76	1251	23	46	54	NA	1.83852917665867
9263_Gorai.004G098000.1_P1_Adi022_3	423	0/1	42	34	NA	76	1251	23	55	45	NA	1.83852917665867
9263_Gorai.004G098000.1_P1_Adi022_3	435	0/1	42	29	NA	71	1251	23	59	41	NA	1.83852917665867
9263_Gorai.004G098000.1_P1_Adi022_3	437	0/1	27	43	NA	70	1251	23	39	61	NA	1.83852917665867
9263_Gorai.004G098000.1_P1_Adi022_3	516	1/1	7	52	NA	59	1251	23	12	88	NA	1.83852917665867
9263_Gorai.004G098000.1_P1_Adi022_3	606	0/1	29	26	NA	55	1251	23	53	47	NA	1.83852917665867
9263_Gorai.004G098000.1_P1_Adi022_3	614	0/1	43	16	NA	59	1251	23	73	27	NA	1.83852917665867
9263_Gorai.004G098000.1_P1_Adi022_3	654	0/1	42	20	NA	62	1251	23	68	32	NA	1.83852917665867
9263_Gorai.004G098000.1_P1_Adi022_3	777	1/1	8	31	NA	39	1251	23	21	79	NA	1.83852917665867
9263_Gorai.004G098000.1_P1_Adi022_3	780	1/1	8	31	NA	39	1251	23	21	79	NA	1.83852917665867
9263_Gorai.004G098000.1_P1_Adi022_3	786	0/1	22	16	NA	38	1251	23	58	42	NA	1.83852917665867
9263_Gorai.004G098000.1_P1_Adi022_3	825	1/1	7	21	NA	28	1251	23	25	75	NA	1.83852917665867
9263_Gorai.004G098000.1_P1_Adi022_3	849	1/1	7	11	NA	18	1251	23	39	61	NA	1.83852917665867
9263_Gorai.004G098000.1_P1_Adi022_3	853	1/1	7	11	NA	18	1251	23	39	61	NA	1.83852917665867
9263_Gorai.004G098000.1_P1_Adi022_3	865	1/1	7	10	NA	17	1251	23	41	59	NA	1.83852917665867
9263_Gorai.004G098000.1_P1_Adi022_3	868	1/1	7	10	NA	17	1251	23	41	59	NA	1.83852917665867
959_Gorai.001G017000.1_P2_Adi022	58	1/1	0	5	NA	5	1319	6	0	100	NA	0.45489006823351
959_Gorai.001G017000.1_P2_Adi022	61	1/1	0	5	NA	5	1319	6	0	100	NA	0.45489006823351
959_Gorai.001G017000.1_P2_Adi022	79	1/1	0	5	NA	5	1319	6	0	100	NA	0.45489006823351
959_Gorai.001G017000.1_P2_Adi022	81	1/1	0	5	NA	5	1319	6	0	100	NA	0.45489006823351
959_Gorai.001G017000.1_P2_Adi022	97	1/1	0	5	NA	5	1319	6	0	100	NA	0.45489006823351
959_Gorai.001G017000.1_P2_Adi022	1042	1/1	0	13	NA	13	1319	6	0	100	NA	0.45489006823351
959_Gorai.001G017000.1_P2_Adi022_3	61	1/1	0	9	NA	9	1319	3	0	100	NA	0.227445034116755
959_Gorai.001G017000.1_P2_Adi022_3	143	0/1	6	4	NA	10	1319	3	60	40	NA	0.227445034116755
959_Gorai.001G017000.1_P2_Adi022_3	1098	1/1	5	3	NA	8	1319	3	62	38	NA	0.227445034116755
959_Gorai.001G017000.1_P3_Adi022_3	530	1/1	5	12	NA	17	1239	3	29	71	NA	0.242130750605327
959_Gorai.001G017000.1_P3_Adi022_3	599	1/1	13	8	NA	21	1239	3	62	38	NA	0.242130750605327
959_Gorai.001G017000.1_P3_Adi022_3	618	1/1	14	7	NA	21	1239	3	67	33	NA	0.242130750605327
