allele	position	GT	ref.reads	alt1.reads	alt2.reads	total.reads	length	var_sites	perc_ref	perc_alt1	perc_alt2	perc_variant
11382_Gorai.009G038200.1_AdigCam	1334	1/1	1	17	NA	18	2362	9	6	94	NA	0.381033022861981
11382_Gorai.009G038200.1_AdigCam	1350	1/1	1	14	NA	15	2362	9	7	93	NA	0.381033022861981
11382_Gorai.009G038200.1_AdigCam	1361	0/1	4	13	NA	17	2362	9	24	76	NA	0.381033022861981
11382_Gorai.009G038200.1_AdigCam	1376	0/1	12	5	NA	17	2362	9	71	29	NA	0.381033022861981
11382_Gorai.009G038200.1_AdigCam	1379	0/1	5	11	NA	16	2362	9	31	69	NA	0.381033022861981
11382_Gorai.009G038200.1_AdigCam	1380	0/1	5	10	NA	15	2362	9	33	67	NA	0.381033022861981
11382_Gorai.009G038200.1_AdigCam	1381	0/1	5	10	NA	15	2362	9	33	67	NA	0.381033022861981
11382_Gorai.009G038200.1_AdigCam	1394	0/1	6	10	NA	16	2362	9	38	62	NA	0.381033022861981
11382_Gorai.009G038200.1_AdigCam	1403	0/1	9	6	NA	15	2362	9	60	40	NA	0.381033022861981
11382_Gorai.009G038200.1_AdigCam_3	1127	1/1	7	3	NA	10	2362	36	70	30	NA	1.52413209144793
11382_Gorai.009G038200.1_AdigCam_3	1153	1/1	6	5	NA	11	2362	36	55	45	NA	1.52413209144793
11382_Gorai.009G038200.1_AdigCam_3	1157	1/1	6	6	NA	12	2362	36	50	50	NA	1.52413209144793
11382_Gorai.009G038200.1_AdigCam_3	1163	1/1	6	7	NA	13	2362	36	46	54	NA	1.52413209144793
11382_Gorai.009G038200.1_AdigCam_3	1183	1/1	6	9	NA	15	2362	36	40	60	NA	1.52413209144793
11382_Gorai.009G038200.1_AdigCam_3	1191	1/1	6	9	NA	15	2362	36	40	60	NA	1.52413209144793
11382_Gorai.009G038200.1_AdigCam_3	1207	1/1	6	10	NA	16	2362	36	38	62	NA	1.52413209144793
11382_Gorai.009G038200.1_AdigCam_3	1216	1/1	6	10	NA	16	2362	36	38	62	NA	1.52413209144793
11382_Gorai.009G038200.1_AdigCam_3	1217	1/1	6	10	NA	16	2362	36	38	62	NA	1.52413209144793
11382_Gorai.009G038200.1_AdigCam_3	1220	1/1	6	10	NA	16	2362	36	38	62	NA	1.52413209144793
11382_Gorai.009G038200.1_AdigCam_3	1226	1/1	5	10	NA	15	2362	36	33	67	NA	1.52413209144793
11382_Gorai.009G038200.1_AdigCam_3	1235	1/1	5	10	NA	15	2362	36	33	67	NA	1.52413209144793
11382_Gorai.009G038200.1_AdigCam_3	1238	1/1	5	10	NA	15	2362	36	33	67	NA	1.52413209144793
11382_Gorai.009G038200.1_AdigCam_3	1254	1/1	2	9	NA	11	2362	36	18	82	NA	1.52413209144793
11382_Gorai.009G038200.1_AdigCam_3	1257	1/1	2	9	NA	11	2362	36	18	82	NA	1.52413209144793
11382_Gorai.009G038200.1_AdigCam_3	1262	1/1	1	9	NA	10	2362	36	10	90	NA	1.52413209144793
11382_Gorai.009G038200.1_AdigCam_3	1263	1/1	1	9	NA	10	2362	36	10	90	NA	1.52413209144793
11382_Gorai.009G038200.1_AdigCam_3	1269	1/1	1	9	NA	10	2362	36	10	90	NA	1.52413209144793
11382_Gorai.009G038200.1_AdigCam_3	1272	1/1	1	9	NA	10	2362	36	10	90	NA	1.52413209144793
11382_Gorai.009G038200.1_AdigCam_3	1277	1/1	1	9	NA	10	2362	36	10	90	NA	1.52413209144793
11382_Gorai.009G038200.1_AdigCam_3	1281	1/1	0	9	NA	9	2362	36	0	100	NA	1.52413209144793
11382_Gorai.009G038200.1_AdigCam_3	1282	1/1	0	9	NA	9	2362	36	0	100	NA	1.52413209144793
11382_Gorai.009G038200.1_AdigCam_3	1288	1/1	0	9	NA	9	2362	36	0	100	NA	1.52413209144793
11382_Gorai.009G038200.1_AdigCam_3	1289	1/1	0	9	NA	9	2362	36	0	100	NA	1.52413209144793
11382_Gorai.009G038200.1_AdigCam_3	1290	1/1	0	9	NA	9	2362	36	0	100	NA	1.52413209144793
11382_Gorai.009G038200.1_AdigCam_3	1334	1/1	1	17	NA	18	2362	36	6	94	NA	1.52413209144793
11382_Gorai.009G038200.1_AdigCam_3	1350	0/1	3	16	NA	19	2362	36	16	84	NA	1.52413209144793
11382_Gorai.009G038200.1_AdigCam_3	1361	0/1	3	14	NA	17	2362	36	18	82	NA	1.52413209144793
11382_Gorai.009G038200.1_AdigCam_3	1379	0/1	4	10	NA	14	2362	36	29	71	NA	1.52413209144793
11382_Gorai.009G038200.1_AdigCam_3	1380	0/1	4	10	NA	14	2362	36	29	71	NA	1.52413209144793
11382_Gorai.009G038200.1_AdigCam_3	1381	0/1	4	10	NA	14	2362	36	29	71	NA	1.52413209144793
11382_Gorai.009G038200.1_AdigCam_3	1394	0/1	4	9	NA	13	2362	36	31	69	NA	1.52413209144793
11382_Gorai.009G038200.1_AdigCam_3	1403	0/1	9	5	NA	14	2362	36	64	36	NA	1.52413209144793
11382_Gorai.009G038200.1_AdigCam_3	1438	1/1	0	6	NA	6	2362	36	0	100	NA	1.52413209144793
11382_Gorai.009G038200.1_AdigCam_3	1447	1/1	0	6	NA	6	2362	36	0	100	NA	1.52413209144793
11382_Gorai.009G038200.1_AdigCam_3	1451	1/1	0	6	NA	6	2362	36	0	100	NA	1.52413209144793
11426_Gorai.011G126700.1_AdigCam	391	1/1	0	26	NA	26	1706	3	0	100	NA	0.175849941383353
11426_Gorai.011G126700.1_AdigCam	476	1/1	0	3	NA	3	1706	3	0	100	NA	0.175849941383353
11426_Gorai.011G126700.1_AdigCam	477	1/1	0	3	NA	3	1706	3	0	100	NA	0.175849941383353
11426_Gorai.011G126700.1_AdigCam_3	313	1/1	3	12	NA	15	1706	7	20	80	NA	0.41031652989449
11426_Gorai.011G126700.1_AdigCam_3	319	1/1	3	12	NA	15	1706	7	20	80	NA	0.41031652989449
11426_Gorai.011G126700.1_AdigCam_3	391	1/1	1	18	NA	19	1706	7	5	95	NA	0.41031652989449
11426_Gorai.011G126700.1_AdigCam_3	433	0/1	11	16	NA	27	1706	7	41	59	NA	0.41031652989449
11426_Gorai.011G126700.1_AdigCam_3	437	0/1	11	16	NA	27	1706	7	41	59	NA	0.41031652989449
11426_Gorai.011G126700.1_AdigCam_3	476	1/2	0	14	7	21	1706	7	0	67	33	0.41031652989449
11426_Gorai.011G126700.1_AdigCam_3	477	1/1	0	21	NA	21	1706	7	0	100	NA	0.41031652989449
14121_Gorai.008G215800.2_AdigCam	75	0/1	29	5	NA	34	2668	11	85	15	NA	0.412293853073463
14121_Gorai.008G215800.2_AdigCam	88	0/1	31	5	NA	36	2668	11	86	14	NA	0.412293853073463
14121_Gorai.008G215800.2_AdigCam	197	0/1	36	7	NA	43	2668	11	84	16	NA	0.412293853073463
14121_Gorai.008G215800.2_AdigCam	249	0/1	26	7	NA	33	2668	11	79	21	NA	0.412293853073463
14121_Gorai.008G215800.2_AdigCam	273	0/1	24	5	NA	29	2668	11	83	17	NA	0.412293853073463
14121_Gorai.008G215800.2_AdigCam	337	0/1	11	4	NA	15	2668	11	73	27	NA	0.412293853073463
14121_Gorai.008G215800.2_AdigCam	339	0/1	11	4	NA	15	2668	11	73	27	NA	0.412293853073463
14121_Gorai.008G215800.2_AdigCam	349	0/1	10	4	NA	14	2668	11	71	29	NA	0.412293853073463
14121_Gorai.008G215800.2_AdigCam	377	0/1	7	3	NA	10	2668	11	70	30	NA	0.412293853073463
14121_Gorai.008G215800.2_AdigCam	380	0/1	6	3	NA	9	2668	11	67	33	NA	0.412293853073463
14121_Gorai.008G215800.2_AdigCam	686	0/1	19	4	NA	23	2668	11	83	17	NA	0.412293853073463
14421_Gorai.012G106000.2_AdigCam	1335	1/1	0	5	NA	5	1567	1	0	100	NA	0.0638162093171666
15967_Gorai.009G226900.2_P2_AdigCam	139	0/1	6	2	NA	8	1899	6	75	25	NA	0.315955766192733
15967_Gorai.009G226900.2_P2_AdigCam	289	0/1	7	3	NA	10	1899	6	70	30	NA	0.315955766192733
15967_Gorai.009G226900.2_P2_AdigCam	309	0/1	8	3	NA	11	1899	6	73	27	NA	0.315955766192733
15967_Gorai.009G226900.2_P2_AdigCam	438	0/1	28	4	NA	32	1899	6	88	12	NA	0.315955766192733
15967_Gorai.009G226900.2_P2_AdigCam	489	0/1	27	4	NA	31	1899	6	87	13	NA	0.315955766192733
15967_Gorai.009G226900.2_P2_AdigCam	512	0/1	24	5	NA	29	1899	6	83	17	NA	0.315955766192733
1609_Gorai.007G247300.1_P2_AdigCam	30	1/1	0	62	NA	62	2301	2	0	100	NA	0.0869187309865276
1609_Gorai.007G247300.1_P2_AdigCam	31	1/1	1	61	NA	62	2301	2	2	98	NA	0.0869187309865276
16773_Gorai.001G097400.1_AdigCam	1775	1/1	0	9	NA	9	1919	1	0	100	NA	0.0521104742053153
17013_Gorai.009G050600.1_AdigCam_3	2333	1/1	0	9	NA	9	2431	1	0	100	NA	0.0411353352529823
17633_Gorai.007G129100.7_AdigCam	925	0/1	15	4	NA	19	1611	2	79	21	NA	0.124146492861577
17633_Gorai.007G129100.7_AdigCam	949	0/1	14	4	NA	18	1611	2	78	22	NA	0.124146492861577
18825_Gorai.004G127500.3_AdigCam	87	1/1	0	49	NA	49	1259	9	0	100	NA	0.714853057982526
18825_Gorai.004G127500.3_AdigCam	93	1/1	1	49	NA	50	1259	9	2	98	NA	0.714853057982526
18825_Gorai.004G127500.3_AdigCam	102	1/1	1	55	NA	56	1259	9	2	98	NA	0.714853057982526
18825_Gorai.004G127500.3_AdigCam	189	0/1	33	71	NA	104	1259	9	32	68	NA	0.714853057982526
18825_Gorai.004G127500.3_AdigCam	210	0/1	74	37	NA	111	1259	9	67	33	NA	0.714853057982526
18825_Gorai.004G127500.3_AdigCam	338	1/1	28	149	NA	177	1259	9	16	84	NA	0.714853057982526
18825_Gorai.004G127500.3_AdigCam	453	1/1	6	188	NA	194	1259	9	3	97	NA	0.714853057982526
18825_Gorai.004G127500.3_AdigCam	465	1/1	6	183	NA	189	1259	9	3	97	NA	0.714853057982526
18825_Gorai.004G127500.3_AdigCam	480	1/1	3	176	NA	179	1259	9	2	98	NA	0.714853057982526
18825_Gorai.004G127500.3_AdigCam_3	285	0/1	63	55	NA	118	1259	15	53	47	NA	1.19142176330421
18825_Gorai.004G127500.3_AdigCam_3	338	1/1	34	91	NA	125	1259	15	27	73	NA	1.19142176330421
18825_Gorai.004G127500.3_AdigCam_3	377	0/1	90	29	NA	119	1259	15	76	24	NA	1.19142176330421
18825_Gorai.004G127500.3_AdigCam_3	453	1/1	3	143	NA	146	1259	15	2	98	NA	1.19142176330421
18825_Gorai.004G127500.3_AdigCam_3	465	1/1	3	139	NA	142	1259	15	2	98	NA	1.19142176330421
18825_Gorai.004G127500.3_AdigCam_3	480	1/1	2	136	NA	138	1259	15	1	99	NA	1.19142176330421
18825_Gorai.004G127500.3_AdigCam_3	537	0/1	39	87	NA	126	1259	15	31	69	NA	1.19142176330421
18825_Gorai.004G127500.3_AdigCam_3	591	1/1	10	92	NA	102	1259	15	10	90	NA	1.19142176330421
18825_Gorai.004G127500.3_AdigCam_3	624	1/1	34	69	NA	103	1259	15	33	67	NA	1.19142176330421
18825_Gorai.004G127500.3_AdigCam_3	627	1/1	34	69	NA	103	1259	15	33	67	NA	1.19142176330421
18825_Gorai.004G127500.3_AdigCam_3	639	1/1	41	63	NA	104	1259	15	39	61	NA	1.19142176330421
18825_Gorai.004G127500.3_AdigCam_3	642	1/1	43	61	NA	104	1259	15	41	59	NA	1.19142176330421
18825_Gorai.004G127500.3_AdigCam_3	648	1/1	46	59	NA	105	1259	15	44	56	NA	1.19142176330421
18825_Gorai.004G127500.3_AdigCam_3	651	0/1	93	12	NA	105	1259	15	89	11	NA	1.19142176330421
18825_Gorai.004G127500.3_AdigCam_3	685	1/1	59	28	NA	87	1259	15	68	32	NA	1.19142176330421
18966_Gorai.006G049000.1_P1_AdigCam	853	0/1	1	8	NA	9	1705	2	11	89	NA	0.117302052785924
18966_Gorai.006G049000.1_P1_AdigCam	859	0/1	1	8	NA	9	1705	2	11	89	NA	0.117302052785924
18966_Gorai.006G049000.1_P1_AdigCam_3	772	1/1	0	5	NA	5	1705	15	0	100	NA	0.879765395894428
18966_Gorai.006G049000.1_P1_AdigCam_3	778	0/1	1	5	NA	6	1705	15	17	83	NA	0.879765395894428
18966_Gorai.006G049000.1_P1_AdigCam_3	781	0/1	2	5	NA	7	1705	15	29	71	NA	0.879765395894428
18966_Gorai.006G049000.1_P1_AdigCam_3	790	1/1	1	5	NA	6	1705	15	17	83	NA	0.879765395894428
18966_Gorai.006G049000.1_P1_AdigCam_3	796	1/1	1	5	NA	6	1705	15	17	83	NA	0.879765395894428
18966_Gorai.006G049000.1_P1_AdigCam_3	799	1/1	1	5	NA	6	1705	15	17	83	NA	0.879765395894428
18966_Gorai.006G049000.1_P1_AdigCam_3	802	1/1	1	5	NA	6	1705	15	17	83	NA	0.879765395894428
18966_Gorai.006G049000.1_P1_AdigCam_3	824	1/1	1	5	NA	6	1705	15	17	83	NA	0.879765395894428
18966_Gorai.006G049000.1_P1_AdigCam_3	826	1/1	1	5	NA	6	1705	15	17	83	NA	0.879765395894428
18966_Gorai.006G049000.1_P1_AdigCam_3	832	1/1	1	5	NA	6	1705	15	17	83	NA	0.879765395894428
18966_Gorai.006G049000.1_P1_AdigCam_3	847	1/1	1	5	NA	6	1705	15	17	83	NA	0.879765395894428
18966_Gorai.006G049000.1_P1_AdigCam_3	853	1/1	1	4	NA	5	1705	15	20	80	NA	0.879765395894428
18966_Gorai.006G049000.1_P1_AdigCam_3	859	1/1	1	4	NA	5	1705	15	20	80	NA	0.879765395894428
18966_Gorai.006G049000.1_P1_AdigCam_3	868	1/1	0	4	NA	4	1705	15	0	100	NA	0.879765395894428
18966_Gorai.006G049000.1_P1_AdigCam_3	874	1/1	0	3	NA	3	1705	15	0	100	NA	0.879765395894428
19901_Gorai.012G089500.2_P2_AdigCam	497	1/1	0	44	NA	44	1169	4	0	100	NA	0.342172797262618
19901_Gorai.012G089500.2_P2_AdigCam	583	0/1	82	8	NA	90	1169	4	91	9	NA	0.342172797262618
19901_Gorai.012G089500.2_P2_AdigCam	911	0/1	82	10	NA	92	1169	4	89	11	NA	0.342172797262618
19901_Gorai.012G089500.2_P2_AdigCam	946	0/1	114	11	NA	125	1169	4	91	9	NA	0.342172797262618
2014_Gorai.012G150300.1_AdigCam	3288	1/1	0	13	NA	13	4595	2	0	100	NA	0.043525571273123
2014_Gorai.012G150300.1_AdigCam	3291	1/1	0	13	NA	13	4595	2	0	100	NA	0.043525571273123
2020_Gorai.011G051500.2_AdigCam	1407	0/1	10	5	NA	15	5247	2	67	33	NA	0.0381170192490947
2020_Gorai.011G051500.2_AdigCam	1466	0/1	9	6	NA	15	5247	2	60	40	NA	0.0381170192490947
20778_Gorai.005G183500.2_P2_AdigCam	1004	0/1	10	3	NA	13	1328	1	77	23	NA	0.0753012048192771
20941_Gorai.005G204300.1_AdigCam	44	0/1	43	10	NA	53	1238	4	81	19	NA	0.323101777059774
20941_Gorai.005G204300.1_AdigCam	65	0/1	58	10	NA	68	1238	4	85	15	NA	0.323101777059774
20941_Gorai.005G204300.1_AdigCam	68	0/1	64	12	NA	76	1238	4	84	16	NA	0.323101777059774
20941_Gorai.005G204300.1_AdigCam	79	0/1	67	11	NA	78	1238	4	86	14	NA	0.323101777059774
2550_Gorai.012G041400.1_AdigCam	2705	0/1	58	7	NA	65	3858	6	89	11	NA	0.15552099533437
2550_Gorai.012G041400.1_AdigCam	2742	0/1	60	9	NA	69	3858	6	87	13	NA	0.15552099533437
2550_Gorai.012G041400.1_AdigCam	3358	0/1	19	4	NA	23	3858	6	83	17	NA	0.15552099533437
2550_Gorai.012G041400.1_AdigCam	3386	0/1	13	4	NA	17	3858	6	76	24	NA	0.15552099533437
2550_Gorai.012G041400.1_AdigCam	3392	0/1	13	4	NA	17	3858	6	76	24	NA	0.15552099533437
2550_Gorai.012G041400.1_AdigCam	3619	0/1	17	4	NA	21	3858	6	81	19	NA	0.15552099533437
259_Gorai.007G088700.1_AdigCam	5819	0/1	14	5	NA	19	6428	2	74	26	NA	0.0311138767890479
259_Gorai.007G088700.1_AdigCam	5853	0/1	25	4	NA	29	6428	2	86	14	NA	0.0311138767890479
26615_Gorai.002G267900.1_AdigCam	416	1/1	0	5	NA	5	1350	5	0	100	NA	0.37037037037037
26615_Gorai.002G267900.1_AdigCam	464	1/1	0	6	NA	6	1350	5	0	100	NA	0.37037037037037
26615_Gorai.002G267900.1_AdigCam	539	0/1	2	6	NA	8	1350	5	25	75	NA	0.37037037037037
26615_Gorai.002G267900.1_AdigCam	577	0/1	3	5	NA	8	1350	5	38	62	NA	0.37037037037037
26615_Gorai.002G267900.1_AdigCam	578	0/1	3	5	NA	8	1350	5	38	62	NA	0.37037037037037
26615_Gorai.002G267900.1_AdigCam_3	156	1/1	0	6	NA	6	1350	5	0	100	NA	0.37037037037037
26615_Gorai.002G267900.1_AdigCam_3	204	1/1	0	8	NA	8	1350	5	0	100	NA	0.37037037037037
26615_Gorai.002G267900.1_AdigCam_3	231	1/1	0	5	NA	5	1350	5	0	100	NA	0.37037037037037
26615_Gorai.002G267900.1_AdigCam_3	416	1/1	0	7	NA	7	1350	5	0	100	NA	0.37037037037037
26615_Gorai.002G267900.1_AdigCam_3	464	1/1	0	9	NA	9	1350	5	0	100	NA	0.37037037037037
26817_Gorai.006G128500.1_P1_AdigCam	681	0/1	29	7	NA	36	864	1	81	19	NA	0.115740740740741
3084_Gorai.009G072000.2_AdigCam	1909	0/1	108	12	NA	120	2185	6	90	10	NA	0.274599542334096
3084_Gorai.009G072000.2_AdigCam	2015	0/1	50	12	NA	62	2185	6	81	19	NA	0.274599542334096
3084_Gorai.009G072000.2_AdigCam	2024	0/1	49	11	NA	60	2185	6	82	18	NA	0.274599542334096
3084_Gorai.009G072000.2_AdigCam	2034	0/1	47	12	NA	59	2185	6	80	20	NA	0.274599542334096
3084_Gorai.009G072000.2_AdigCam	2057	0/1	36	9	NA	45	2185	6	80	20	NA	0.274599542334096
3084_Gorai.009G072000.2_AdigCam	2069	0/1	31	8	NA	39	2185	6	79	21	NA	0.274599542334096
3881_Gorai.010G118200.1_AdigCam	3356	1/1	0	4	NA	4	3559	7	0	100	NA	0.196684461927508
3881_Gorai.010G118200.1_AdigCam	3357	1/1	0	4	NA	4	3559	7	0	100	NA	0.196684461927508
3881_Gorai.010G118200.1_AdigCam	3364	1/1	0	4	NA	4	3559	7	0	100	NA	0.196684461927508
3881_Gorai.010G118200.1_AdigCam	3368	1/1	0	4	NA	4	3559	7	0	100	NA	0.196684461927508
3881_Gorai.010G118200.1_AdigCam	3374	1/1	0	4	NA	4	3559	7	0	100	NA	0.196684461927508
3881_Gorai.010G118200.1_AdigCam	3378	1/1	0	4	NA	4	3559	7	0	100	NA	0.196684461927508
3881_Gorai.010G118200.1_AdigCam	3427	1/1	0	5	NA	5	3559	7	0	100	NA	0.196684461927508
3881_Gorai.010G118200.1_AdigCam_3	3374	1/1	0	10	NA	10	3559	3	0	100	NA	0.0842933408260747
3881_Gorai.010G118200.1_AdigCam_3	3378	1/1	0	11	NA	11	3559	3	0	100	NA	0.0842933408260747
3881_Gorai.010G118200.1_AdigCam_3	3427	1/1	0	10	NA	10	3559	3	0	100	NA	0.0842933408260747
4165_Gorai.005G207300.1_AdigCam	102	0/1	9	4	NA	13	2593	2	69	31	NA	0.0771307365985345
4165_Gorai.005G207300.1_AdigCam	183	0/1	20	3	NA	23	2593	2	87	13	NA	0.0771307365985345
4304_Gorai.010G125400.1_AdigCam	1199	0/1	56	15	NA	71	2200	3	79	21	NA	0.136363636363636
4304_Gorai.010G125400.1_AdigCam	1375	0/1	392	37	NA	429	2200	3	91	9	NA	0.136363636363636
4304_Gorai.010G125400.1_AdigCam	1635	0/1	389	36	NA	425	2200	3	92	8	NA	0.136363636363636
4348_Gorai.013G260900.1_P1_AdigCam	495	0/1	10	6	NA	16	4751	4	62	38	NA	0.0841928015154704
4348_Gorai.013G260900.1_P1_AdigCam	541	0/1	8	4	NA	12	4751	4	67	33	NA	0.0841928015154704
4348_Gorai.013G260900.1_P1_AdigCam	1000	0/1	6	3	NA	9	4751	4	67	33	NA	0.0841928015154704
4348_Gorai.013G260900.1_P1_AdigCam	1070	0/1	6	3	NA	9	4751	4	67	33	NA	0.0841928015154704
453_Gorai.012G186300.1_AdigCam	3961	0/1	6	2	NA	8	4296	1	75	25	NA	0.0232774674115456
5978_Gorai.002G218100.6_P2_AdigCam	607	0/1	17	6	NA	23	1820	1	74	26	NA	0.0549450549450549
727_Gorai.011G026100.1_AdigCam	1178	0/1	5	2	NA	7	5099	1	71	29	NA	0.0196116885663856
740_Gorai.007G132500.3_AdigCam	1579	0/1	18	3	NA	21	4523	2	86	14	NA	0.0442184390891002
740_Gorai.007G132500.3_AdigCam	3907	0/1	12	3	NA	15	4523	2	80	20	NA	0.0442184390891002
7606_Gorai.004G131300.1_AdigCam	219	0/1	18	4	NA	22	3486	16	82	18	NA	0.458978772231784
7606_Gorai.004G131300.1_AdigCam	1264	0/1	67	7	NA	74	3486	16	91	9	NA	0.458978772231784
7606_Gorai.004G131300.1_AdigCam	1300	0/1	78	11	NA	89	3486	16	88	12	NA	0.458978772231784
7606_Gorai.004G131300.1_AdigCam	1308	0/1	76	11	NA	87	3486	16	87	13	NA	0.458978772231784
7606_Gorai.004G131300.1_AdigCam	1329	0/1	82	14	NA	96	3486	16	85	15	NA	0.458978772231784
7606_Gorai.004G131300.1_AdigCam	1359	0/1	79	13	NA	92	3486	16	86	14	NA	0.458978772231784
7606_Gorai.004G131300.1_AdigCam	1363	0/1	77	13	NA	90	3486	16	86	14	NA	0.458978772231784
7606_Gorai.004G131300.1_AdigCam	1381	0/1	75	13	NA	88	3486	16	85	15	NA	0.458978772231784
7606_Gorai.004G131300.1_AdigCam	1669	0/1	69	11	NA	80	3486	16	86	14	NA	0.458978772231784
7606_Gorai.004G131300.1_AdigCam	1676	0/1	67	12	NA	79	3486	16	85	15	NA	0.458978772231784
7606_Gorai.004G131300.1_AdigCam	1684	0/1	65	13	NA	78	3486	16	83	17	NA	0.458978772231784
7606_Gorai.004G131300.1_AdigCam	1692	0/1	65	12	NA	77	3486	16	84	16	NA	0.458978772231784
7606_Gorai.004G131300.1_AdigCam	1800	0/1	51	12	NA	63	3486	16	81	19	NA	0.458978772231784
7606_Gorai.004G131300.1_AdigCam	1884	0/1	47	7	NA	54	3486	16	87	13	NA	0.458978772231784
7606_Gorai.004G131300.1_AdigCam	1953	0/1	27	7	NA	34	3486	16	79	21	NA	0.458978772231784
7606_Gorai.004G131300.1_AdigCam	2215	0/1	5	4	NA	9	3486	16	56	44	NA	0.458978772231784
7780_Gorai.002G102000.1_P1_AdigCam	378	1/1	0	5	NA	5	1736	2	0	100	NA	0.115207373271889
7780_Gorai.002G102000.1_P1_AdigCam	425	1/1	0	4	NA	4	1736	2	0	100	NA	0.115207373271889
7780_Gorai.002G102000.1_P1_AdigCam_3	332	1/1	2	4	NA	6	1736	10	33	67	NA	0.576036866359447
7780_Gorai.002G102000.1_P1_AdigCam_3	338	1/1	2	4	NA	6	1736	10	33	67	NA	0.576036866359447
7780_Gorai.002G102000.1_P1_AdigCam_3	344	1/1	2	4	NA	6	1736	10	33	67	NA	0.576036866359447
7780_Gorai.002G102000.1_P1_AdigCam_3	350	1/1	2	4	NA	6	1736	10	33	67	NA	0.576036866359447
7780_Gorai.002G102000.1_P1_AdigCam_3	356	1/1	0	4	NA	4	1736	10	0	100	NA	0.576036866359447
7780_Gorai.002G102000.1_P1_AdigCam_3	378	1/1	0	5	NA	5	1736	10	0	100	NA	0.576036866359447
7780_Gorai.002G102000.1_P1_AdigCam_3	418	1/1	0	4	NA	4	1736	10	0	100	NA	0.576036866359447
7780_Gorai.002G102000.1_P1_AdigCam_3	422	1/1	0	4	NA	4	1736	10	0	100	NA	0.576036866359447
7780_Gorai.002G102000.1_P1_AdigCam_3	428	1/1	0	4	NA	4	1736	10	0	100	NA	0.576036866359447
7780_Gorai.002G102000.1_P1_AdigCam_3	432	1/1	0	4	NA	4	1736	10	0	100	NA	0.576036866359447
7848_Gorai.001G047000.1_P2_AdigCam	2534	0/1	14	5	NA	19	2994	7	74	26	NA	0.233800935203741
7848_Gorai.001G047000.1_P2_AdigCam	2543	0/1	13	5	NA	18	2994	7	72	28	NA	0.233800935203741
7848_Gorai.001G047000.1_P2_AdigCam	2616	0/1	38	7	NA	45	2994	7	84	16	NA	0.233800935203741
7848_Gorai.001G047000.1_P2_AdigCam	2624	0/1	44	9	NA	53	2994	7	83	17	NA	0.233800935203741
7848_Gorai.001G047000.1_P2_AdigCam	2854	0/1	88	11	NA	99	2994	7	89	11	NA	0.233800935203741
7848_Gorai.001G047000.1_P2_AdigCam	2923	0/1	51	9	NA	60	2994	7	85	15	NA	0.233800935203741
7848_Gorai.001G047000.1_P2_AdigCam	2979	0/1	23	6	NA	29	2994	7	79	21	NA	0.233800935203741
7856_Gorai.003G086000.1_P1_AdigCam	1274	1/1	0	82	NA	82	1798	10	0	100	NA	0.556173526140156
7856_Gorai.003G086000.1_P1_AdigCam	1279	1/1	0	84	NA	84	1798	10	0	100	NA	0.556173526140156
7856_Gorai.003G086000.1_P1_AdigCam	1350	1/1	0	83	NA	83	1798	10	0	100	NA	0.556173526140156
7856_Gorai.003G086000.1_P1_AdigCam	1358	1/1	0	83	NA	83	1798	10	0	100	NA	0.556173526140156
7856_Gorai.003G086000.1_P1_AdigCam	1359	1/1	0	84	NA	84	1798	10	0	100	NA	0.556173526140156
7856_Gorai.003G086000.1_P1_AdigCam	1379	1/1	0	86	NA	86	1798	10	0	100	NA	0.556173526140156
7856_Gorai.003G086000.1_P1_AdigCam	1428	1/1	0	73	NA	73	1798	10	0	100	NA	0.556173526140156
7856_Gorai.003G086000.1_P1_AdigCam	1435	1/1	0	64	NA	64	1798	10	0	100	NA	0.556173526140156
7856_Gorai.003G086000.1_P1_AdigCam	1444	1/1	0	65	NA	65	1798	10	0	100	NA	0.556173526140156
7856_Gorai.003G086000.1_P1_AdigCam	1449	1/1	0	64	NA	64	1798	10	0	100	NA	0.556173526140156
7887_Gorai.012G079600.3_AdigCam	2100	0/1	17	6	NA	23	2621	1	74	26	NA	0.0381533765738268
8061_Gorai.002G118200.4_P1_AdigCam	887	1/1	4	4	NA	8	1634	11	50	50	NA	0.673194614443084
8061_Gorai.002G118200.4_P1_AdigCam	902	1/1	4	4	NA	8	1634	11	50	50	NA	0.673194614443084
8061_Gorai.002G118200.4_P1_AdigCam	908	1/1	4	4	NA	8	1634	11	50	50	NA	0.673194614443084
8061_Gorai.002G118200.4_P1_AdigCam	916	1/1	0	8	NA	8	1634	11	0	100	NA	0.673194614443084
8061_Gorai.002G118200.4_P1_AdigCam	936	0/1	5	4	NA	9	1634	11	56	44	NA	0.673194614443084
8061_Gorai.002G118200.4_P1_AdigCam	947	0/1	5	3	NA	8	1634	11	62	38	NA	0.673194614443084
8061_Gorai.002G118200.4_P1_AdigCam	950	0/1	5	3	NA	8	1634	11	62	38	NA	0.673194614443084
8061_Gorai.002G118200.4_P1_AdigCam	952	0/1	5	3	NA	8	1634	11	62	38	NA	0.673194614443084
8061_Gorai.002G118200.4_P1_AdigCam	961	1/1	0	3	NA	3	1634	11	0	100	NA	0.673194614443084
8061_Gorai.002G118200.4_P1_AdigCam	966	0/1	5	3	NA	8	1634	11	62	38	NA	0.673194614443084
8061_Gorai.002G118200.4_P1_AdigCam	968	0/1	5	3	NA	8	1634	11	62	38	NA	0.673194614443084
8061_Gorai.002G118200.4_P1_AdigCam_3	916	1/1	1	7	NA	8	1634	2	12	88	NA	0.122399020807834
8061_Gorai.002G118200.4_P1_AdigCam_3	961	1/1	0	6	NA	6	1634	2	0	100	NA	0.122399020807834
8071_Gorai.002G129300.6_P3_AdigCam	789	0/1	13	4	NA	17	2114	18	76	24	NA	0.851466414380322
8071_Gorai.002G129300.6_P3_AdigCam	798	0/1	13	4	NA	17	2114	18	76	24	NA	0.851466414380322
8071_Gorai.002G129300.6_P3_AdigCam	807	0/1	12	4	NA	16	2114	18	75	25	NA	0.851466414380322
8071_Gorai.002G129300.6_P3_AdigCam	848	0/1	11	3	NA	14	2114	18	79	21	NA	0.851466414380322
8071_Gorai.002G129300.6_P3_AdigCam	849	0/1	12	3	NA	15	2114	18	80	20	NA	0.851466414380322
8071_Gorai.002G129300.6_P3_AdigCam	851	0/1	12	3	NA	15	2114	18	80	20	NA	0.851466414380322
8071_Gorai.002G129300.6_P3_AdigCam	852	0/1	12	3	NA	15	2114	18	80	20	NA	0.851466414380322
8071_Gorai.002G129300.6_P3_AdigCam	871	0/1	12	3	NA	15	2114	18	80	20	NA	0.851466414380322
8071_Gorai.002G129300.6_P3_AdigCam	872	0/1	12	3	NA	15	2114	18	80	20	NA	0.851466414380322
8071_Gorai.002G129300.6_P3_AdigCam	873	0/1	11	3	NA	14	2114	18	79	21	NA	0.851466414380322
8071_Gorai.002G129300.6_P3_AdigCam	879	0/1	13	3	NA	16	2114	18	81	19	NA	0.851466414380322
8071_Gorai.002G129300.6_P3_AdigCam	882	0/1	13	3	NA	16	2114	18	81	19	NA	0.851466414380322
8071_Gorai.002G129300.6_P3_AdigCam	894	0/1	13	3	NA	16	2114	18	81	19	NA	0.851466414380322
8071_Gorai.002G129300.6_P3_AdigCam	900	0/1	12	3	NA	15	2114	18	80	20	NA	0.851466414380322
8071_Gorai.002G129300.6_P3_AdigCam	915	0/1	12	3	NA	15	2114	18	80	20	NA	0.851466414380322
8071_Gorai.002G129300.6_P3_AdigCam	928	0/1	11	3	NA	14	2114	18	79	21	NA	0.851466414380322
8071_Gorai.002G129300.6_P3_AdigCam	933	0/1	10	3	NA	13	2114	18	77	23	NA	0.851466414380322
8071_Gorai.002G129300.6_P3_AdigCam	936	0/1	10	3	NA	13	2114	18	77	23	NA	0.851466414380322
8313_Gorai.009G136600.1_AdigCam	1026	1/1	1	10	NA	11	2794	25	9	91	NA	0.894774516821761
8313_Gorai.009G136600.1_AdigCam	1029	1/1	1	10	NA	11	2794	25	9	91	NA	0.894774516821761
8313_Gorai.009G136600.1_AdigCam	1215	0/1	1	8	NA	9	2794	25	11	89	NA	0.894774516821761
8313_Gorai.009G136600.1_AdigCam	1242	0/1	1	7	NA	8	2794	25	12	88	NA	0.894774516821761
8313_Gorai.009G136600.1_AdigCam	1254	0/1	1	7	NA	8	2794	25	12	88	NA	0.894774516821761
8313_Gorai.009G136600.1_AdigCam	1269	0/1	1	6	NA	7	2794	25	14	86	NA	0.894774516821761
8313_Gorai.009G136600.1_AdigCam	1272	1/1	0	6	NA	6	2794	25	0	100	NA	0.894774516821761
8313_Gorai.009G136600.1_AdigCam	1281	1/1	0	7	NA	7	2794	25	0	100	NA	0.894774516821761
8313_Gorai.009G136600.1_AdigCam	1320	1/1	0	8	NA	8	2794	25	0	100	NA	0.894774516821761
8313_Gorai.009G136600.1_AdigCam	1389	1/1	0	8	NA	8	2794	25	0	100	NA	0.894774516821761
8313_Gorai.009G136600.1_AdigCam	1604	1/1	0	15	NA	15	2794	25	0	100	NA	0.894774516821761
8313_Gorai.009G136600.1_AdigCam	1640	1/1	0	15	NA	15	2794	25	0	100	NA	0.894774516821761
8313_Gorai.009G136600.1_AdigCam	1643	1/1	0	15	NA	15	2794	25	0	100	NA	0.894774516821761
8313_Gorai.009G136600.1_AdigCam	1646	1/1	0	15	NA	15	2794	25	0	100	NA	0.894774516821761
8313_Gorai.009G136600.1_AdigCam	1673	1/1	0	12	NA	12	2794	25	0	100	NA	0.894774516821761
8313_Gorai.009G136600.1_AdigCam	1682	1/1	0	10	NA	10	2794	25	0	100	NA	0.894774516821761
8313_Gorai.009G136600.1_AdigCam	1684	1/1	0	10	NA	10	2794	25	0	100	NA	0.894774516821761
8313_Gorai.009G136600.1_AdigCam	1685	1/1	0	10	NA	10	2794	25	0	100	NA	0.894774516821761
8313_Gorai.009G136600.1_AdigCam	1691	1/1	0	11	NA	11	2794	25	0	100	NA	0.894774516821761
8313_Gorai.009G136600.1_AdigCam	1706	1/1	1	10	NA	11	2794	25	9	91	NA	0.894774516821761
8313_Gorai.009G136600.1_AdigCam	1739	1/1	2	9	NA	11	2794	25	18	82	NA	0.894774516821761
8313_Gorai.009G136600.1_AdigCam	1754	0/1	3	9	NA	12	2794	25	25	75	NA	0.894774516821761
8313_Gorai.009G136600.1_AdigCam	1760	0/1	3	7	NA	10	2794	25	30	70	NA	0.894774516821761
8313_Gorai.009G136600.1_AdigCam	1763	0/1	3	7	NA	10	2794	25	30	70	NA	0.894774516821761
8313_Gorai.009G136600.1_AdigCam	1766	0/1	3	7	NA	10	2794	25	30	70	NA	0.894774516821761
8313_Gorai.009G136600.1_AdigCam_3	981	1/1	0	14	NA	14	2794	40	0	100	NA	1.43163922691482
8313_Gorai.009G136600.1_AdigCam_3	1026	1/1	0	14	NA	14	2794	40	0	100	NA	1.43163922691482
8313_Gorai.009G136600.1_AdigCam_3	1029	1/1	0	13	NA	13	2794	40	0	100	NA	1.43163922691482
8313_Gorai.009G136600.1_AdigCam_3	1200	1/1	4	4	NA	8	2794	40	50	50	NA	1.43163922691482
8313_Gorai.009G136600.1_AdigCam_3	1203	1/1	4	4	NA	8	2794	40	50	50	NA	1.43163922691482
8313_Gorai.009G136600.1_AdigCam_3	1215	1/1	2	7	NA	9	2794	40	22	78	NA	1.43163922691482
8313_Gorai.009G136600.1_AdigCam_3	1227	1/1	2	8	NA	10	2794	40	20	80	NA	1.43163922691482
8313_Gorai.009G136600.1_AdigCam_3	1242	1/1	2	9	NA	11	2794	40	18	82	NA	1.43163922691482
8313_Gorai.009G136600.1_AdigCam_3	1254	1/1	2	11	NA	13	2794	40	15	85	NA	1.43163922691482
8313_Gorai.009G136600.1_AdigCam_3	1269	1/1	2	12	NA	14	2794	40	14	86	NA	1.43163922691482
8313_Gorai.009G136600.1_AdigCam_3	1272	1/1	2	12	NA	14	2794	40	14	86	NA	1.43163922691482
8313_Gorai.009G136600.1_AdigCam_3	1281	1/1	2	12	NA	14	2794	40	14	86	NA	1.43163922691482
8313_Gorai.009G136600.1_AdigCam_3	1320	1/1	0	12	NA	12	2794	40	0	100	NA	1.43163922691482
8313_Gorai.009G136600.1_AdigCam_3	1559	1/1	1	9	NA	10	2794	40	10	90	NA	1.43163922691482
8313_Gorai.009G136600.1_AdigCam_3	1574	1/1	1	10	NA	11	2794	40	9	91	NA	1.43163922691482
8313_Gorai.009G136600.1_AdigCam_3	1577	1/1	1	11	NA	12	2794	40	8	92	NA	1.43163922691482
8313_Gorai.009G136600.1_AdigCam_3	1580	1/1	1	11	NA	12	2794	40	8	92	NA	1.43163922691482
8313_Gorai.009G136600.1_AdigCam_3	1604	1/1	0	13	NA	13	2794	40	0	100	NA	1.43163922691482
8313_Gorai.009G136600.1_AdigCam_3	1640	1/1	0	12	NA	12	2794	40	0	100	NA	1.43163922691482
8313_Gorai.009G136600.1_AdigCam_3	1643	1/1	0	12	NA	12	2794	40	0	100	NA	1.43163922691482
8313_Gorai.009G136600.1_AdigCam_3	1646	1/1	0	12	NA	12	2794	40	0	100	NA	1.43163922691482
8313_Gorai.009G136600.1_AdigCam_3	1648	1/1	0	11	NA	11	2794	40	0	100	NA	1.43163922691482
8313_Gorai.009G136600.1_AdigCam_3	1673	1/1	1	9	NA	10	2794	40	10	90	NA	1.43163922691482
8313_Gorai.009G136600.1_AdigCam_3	1675	1/1	1	8	NA	9	2794	40	11	89	NA	1.43163922691482
8313_Gorai.009G136600.1_AdigCam_3	1676	1/1	1	8	NA	9	2794	40	11	89	NA	1.43163922691482
8313_Gorai.009G136600.1_AdigCam_3	1679	1/1	1	8	NA	9	2794	40	11	89	NA	1.43163922691482
8313_Gorai.009G136600.1_AdigCam_3	1682	1/1	1	8	NA	9	2794	40	11	89	NA	1.43163922691482
8313_Gorai.009G136600.1_AdigCam_3	1684	1/1	1	8	NA	9	2794	40	11	89	NA	1.43163922691482
8313_Gorai.009G136600.1_AdigCam_3	1685	1/1	1	8	NA	9	2794	40	11	89	NA	1.43163922691482
8313_Gorai.009G136600.1_AdigCam_3	1691	1/1	1	8	NA	9	2794	40	11	89	NA	1.43163922691482
8313_Gorai.009G136600.1_AdigCam_3	1706	1/1	2	8	NA	10	2794	40	20	80	NA	1.43163922691482
8313_Gorai.009G136600.1_AdigCam_3	1739	0/1	5	7	NA	12	2794	40	42	58	NA	1.43163922691482
8313_Gorai.009G136600.1_AdigCam_3	1754	0/1	6	5	NA	11	2794	40	55	45	NA	1.43163922691482
8313_Gorai.009G136600.1_AdigCam_3	1760	0/1	6	5	NA	11	2794	40	55	45	NA	1.43163922691482
8313_Gorai.009G136600.1_AdigCam_3	1761	0/1	5	6	NA	11	2794	40	45	55	NA	1.43163922691482
8313_Gorai.009G136600.1_AdigCam_3	1763	0/1	6	4	NA	10	2794	40	60	40	NA	1.43163922691482
8313_Gorai.009G136600.1_AdigCam_3	1766	0/1	6	4	NA	10	2794	40	60	40	NA	1.43163922691482
8313_Gorai.009G136600.1_AdigCam_3	1886	1/1	0	2	NA	2	2794	40	0	100	NA	1.43163922691482
8313_Gorai.009G136600.1_AdigCam_3	1902	1/1	0	4	NA	4	2794	40	0	100	NA	1.43163922691482
8313_Gorai.009G136600.1_AdigCam_3	1903	1/1	0	4	NA	4	2794	40	0	100	NA	1.43163922691482
8697_Gorai.006G213600.4_AdigCam	301	0/1	2	12	NA	14	3234	1	14	86	NA	0.0309214594928881
8902_Gorai.009G043400.2_P1_AdigCam	801	0/1	24	19	NA	43	1367	7	56	44	NA	0.512070226773958
8902_Gorai.009G043400.2_P1_AdigCam	810	0/1	33	20	NA	53	1367	7	62	38	NA	0.512070226773958
8902_Gorai.009G043400.2_P1_AdigCam	826	0/1	36	23	NA	59	1367	7	61	39	NA	0.512070226773958
8902_Gorai.009G043400.2_P1_AdigCam	834	0/1	39	21	NA	60	1367	7	65	35	NA	0.512070226773958
8902_Gorai.009G043400.2_P1_AdigCam	864	0/1	38	23	NA	61	1367	7	62	38	NA	0.512070226773958
8902_Gorai.009G043400.2_P1_AdigCam	872	0/1	32	23	NA	55	1367	7	58	42	NA	0.512070226773958
8902_Gorai.009G043400.2_P1_AdigCam	881	0/1	24	7	NA	31	1367	7	77	23	NA	0.512070226773958
8995_Gorai.009G414300.4_P1_AdigCam	1520	1/1	57	3	NA	60	2112	4	95	5	NA	0.189393939393939
8995_Gorai.009G414300.4_P1_AdigCam	1627	1/1	113	4	NA	117	2112	4	97	3	NA	0.189393939393939
8995_Gorai.009G414300.4_P1_AdigCam	1633	1/1	110	4	NA	114	2112	4	96	4	NA	0.189393939393939
8995_Gorai.009G414300.4_P1_AdigCam	1702	1/1	92	3	NA	95	2112	4	97	3	NA	0.189393939393939
9076_Gorai.001G120700.4_AdigCam_3	1687	0/1	4	4	NA	8	3031	2	50	50	NA	0.0659848234905972
9076_Gorai.001G120700.4_AdigCam_3	1747	1/1	0	4	NA	4	3031	2	0	100	NA	0.0659848234905972
9156_Gorai.009G268200.2_P2_AdigCam	2253	1/1	2	25	NA	27	2374	9	7	93	NA	0.37910699241786
9156_Gorai.009G268200.2_P2_AdigCam	2280	1/1	5	20	NA	25	2374	9	20	80	NA	0.37910699241786
9156_Gorai.009G268200.2_P2_AdigCam	2310	1/1	3	20	NA	23	2374	9	13	87	NA	0.37910699241786
9156_Gorai.009G268200.2_P2_AdigCam	2315	1/1	3	19	NA	22	2374	9	14	86	NA	0.37910699241786
9156_Gorai.009G268200.2_P2_AdigCam	2327	1/1	1	14	NA	15	2374	9	7	93	NA	0.37910699241786
9156_Gorai.009G268200.2_P2_AdigCam	2328	1/1	1	14	NA	15	2374	9	7	93	NA	0.37910699241786
9156_Gorai.009G268200.2_P2_AdigCam	2351	1/1	0	9	NA	9	2374	9	0	100	NA	0.37910699241786
9156_Gorai.009G268200.2_P2_AdigCam	2363	1/1	0	8	NA	8	2374	9	0	100	NA	0.37910699241786
9156_Gorai.009G268200.2_P2_AdigCam	2367	1/1	0	7	NA	7	2374	9	0	100	NA	0.37910699241786
9156_Gorai.009G268200.2_P2_AdigCam_3	2031	0/1	5	5	NA	10	2374	9	50	50	NA	0.37910699241786
9156_Gorai.009G268200.2_P2_AdigCam_3	2253	1/1	1	45	NA	46	2374	9	2	98	NA	0.37910699241786
9156_Gorai.009G268200.2_P2_AdigCam_3	2311	1/1	0	27	NA	27	2374	9	0	100	NA	0.37910699241786
9156_Gorai.009G268200.2_P2_AdigCam_3	2324	0/1	18	4	NA	22	2374	9	82	18	NA	0.37910699241786
9156_Gorai.009G268200.2_P2_AdigCam_3	2327	0/1	4	18	NA	22	2374	9	18	82	NA	0.37910699241786
9156_Gorai.009G268200.2_P2_AdigCam_3	2328	1/1	0	22	NA	22	2374	9	0	100	NA	0.37910699241786
9156_Gorai.009G268200.2_P2_AdigCam_3	2351	1/1	0	17	NA	17	2374	9	0	100	NA	0.37910699241786
9156_Gorai.009G268200.2_P2_AdigCam_3	2363	1/1	0	16	NA	16	2374	9	0	100	NA	0.37910699241786
9156_Gorai.009G268200.2_P2_AdigCam_3	2367	1/1	0	16	NA	16	2374	9	0	100	NA	0.37910699241786
923_Gorai.005G170300.2_P1_AdigCam	2076	1/1	4	23	NA	27	2892	1	15	85	NA	0.0345781466113416
923_Gorai.005G170300.2_P1_AdigCam_3	2076	1/1	2	24	NA	26	2892	1	8	92	NA	0.0345781466113416
9791_Gorai.002G036300.1_AdigCam	1462	0/1	16	5	NA	21	2054	2	76	24	NA	0.0973709834469328
9791_Gorai.002G036300.1_AdigCam	1555	0/1	14	3	NA	17	2054	2	82	18	NA	0.0973709834469328
