allele	position	GT	ref.reads	alt1.reads	alt2.reads	total.reads	length	var_sites	perc_ref	perc_alt1	perc_alt2	perc_variant
10378_Gorai.008G223500.4_P1_AdigSom	819	1/1	0	10	NA	10	1492	6	0	100	NA	0.402144772117962
10378_Gorai.008G223500.4_P1_AdigSom	857	1/1	0	8	NA	8	1492	6	0	100	NA	0.402144772117962
10378_Gorai.008G223500.4_P1_AdigSom	860	1/1	0	8	NA	8	1492	6	0	100	NA	0.402144772117962
10378_Gorai.008G223500.4_P1_AdigSom	861	1/1	0	8	NA	8	1492	6	0	100	NA	0.402144772117962
10378_Gorai.008G223500.4_P1_AdigSom	873	1/1	0	8	NA	8	1492	6	0	100	NA	0.402144772117962
10378_Gorai.008G223500.4_P1_AdigSom	876	1/1	0	8	NA	8	1492	6	0	100	NA	0.402144772117962
1089_Gorai.005G213100.2_AdigSom	1733	0/1	39	6	NA	45	3568	19	87	13	NA	0.532511210762332
1089_Gorai.005G213100.2_AdigSom	1787	0/1	39	9	NA	48	3568	19	81	19	NA	0.532511210762332
1089_Gorai.005G213100.2_AdigSom	1837	0/1	39	9	NA	48	3568	19	81	19	NA	0.532511210762332
1089_Gorai.005G213100.2_AdigSom	2187	0/1	39	5	NA	44	3568	19	89	11	NA	0.532511210762332
1089_Gorai.005G213100.2_AdigSom	2268	0/1	51	7	NA	58	3568	19	88	12	NA	0.532511210762332
1089_Gorai.005G213100.2_AdigSom	2277	0/1	52	8	NA	60	3568	19	87	13	NA	0.532511210762332
1089_Gorai.005G213100.2_AdigSom	2367	0/1	51	9	NA	60	3568	19	85	15	NA	0.532511210762332
1089_Gorai.005G213100.2_AdigSom	2370	0/1	50	9	NA	59	3568	19	85	15	NA	0.532511210762332
1089_Gorai.005G213100.2_AdigSom	2511	0/1	56	14	NA	70	3568	19	80	20	NA	0.532511210762332
1089_Gorai.005G213100.2_AdigSom	2558	0/1	54	19	NA	73	3568	19	74	26	NA	0.532511210762332
1089_Gorai.005G213100.2_AdigSom	2646	0/1	47	27	NA	74	3568	19	64	36	NA	0.532511210762332
1089_Gorai.005G213100.2_AdigSom	2769	0/1	47	18	NA	65	3568	19	72	28	NA	0.532511210762332
1089_Gorai.005G213100.2_AdigSom	2940	0/1	53	13	NA	66	3568	19	80	20	NA	0.532511210762332
1089_Gorai.005G213100.2_AdigSom	3074	0/1	49	10	NA	59	3568	19	83	17	NA	0.532511210762332
1089_Gorai.005G213100.2_AdigSom	3210	0/1	31	7	NA	38	3568	19	82	18	NA	0.532511210762332
1089_Gorai.005G213100.2_AdigSom	3284	0/1	31	11	NA	42	3568	19	74	26	NA	0.532511210762332
1089_Gorai.005G213100.2_AdigSom	3339	0/1	23	10	NA	33	3568	19	70	30	NA	0.532511210762332
1089_Gorai.005G213100.2_AdigSom	3367	0/1	19	8	NA	27	3568	19	70	30	NA	0.532511210762332
1089_Gorai.005G213100.2_AdigSom	3446	0/1	17	8	NA	25	3568	19	68	32	NA	0.532511210762332
1189_Gorai.008G016300.1_P1_AdigSom	2074	0/1	5	2	NA	7	3823	2	71	29	NA	0.0523149359142035
1189_Gorai.008G016300.1_P1_AdigSom	2126	0/1	8	3	NA	11	3823	2	73	27	NA	0.0523149359142035
13787_Gorai.004G162900.1_AdigSom	689	0/1	16	4	NA	20	1176	1	80	20	NA	0.0850340136054422
17458_Gorai.010G131600.2_AdigSom_3	1397	1/1	0	3	NA	3	1716	1	0	100	NA	0.0582750582750583
180_Gorai.004G293400.1_AdigSom	6686	1/1	0	4	NA	4	6842	1	0	100	NA	0.0146156094709149
180_Gorai.004G293400.1_AdigSom_3	6561	1/1	2	29	NA	31	6842	5	6	94	NA	0.0730780473545747
180_Gorai.004G293400.1_AdigSom_3	6564	0/1	5	26	NA	31	6842	5	16	84	NA	0.0730780473545747
180_Gorai.004G293400.1_AdigSom_3	6567	0/1	9	23	NA	32	6842	5	28	72	NA	0.0730780473545747
180_Gorai.004G293400.1_AdigSom_3	6573	0/1	9	23	NA	32	6842	5	28	72	NA	0.0730780473545747
180_Gorai.004G293400.1_AdigSom_3	6594	0/1	7	20	NA	27	6842	5	26	74	NA	0.0730780473545747
18966_Gorai.006G049000.1_P1_AdigSom	1237	1/1	3	19	NA	22	1705	12	14	86	NA	0.703812316715543
18966_Gorai.006G049000.1_P1_AdigSom	1252	1/1	2	20	NA	22	1705	12	9	91	NA	0.703812316715543
18966_Gorai.006G049000.1_P1_AdigSom	1345	1/1	2	20	NA	22	1705	12	9	91	NA	0.703812316715543
18966_Gorai.006G049000.1_P1_AdigSom	1448	1/1	4	25	NA	29	1705	12	14	86	NA	0.703812316715543
18966_Gorai.006G049000.1_P1_AdigSom	1456	1/1	6	25	NA	31	1705	12	19	81	NA	0.703812316715543
18966_Gorai.006G049000.1_P1_AdigSom	1468	1/1	7	24	NA	31	1705	12	23	77	NA	0.703812316715543
18966_Gorai.006G049000.1_P1_AdigSom	1471	0/1	7	23	NA	30	1705	12	23	77	NA	0.703812316715543
18966_Gorai.006G049000.1_P1_AdigSom	1504	0/1	8	25	NA	33	1705	12	24	76	NA	0.703812316715543
18966_Gorai.006G049000.1_P1_AdigSom	1562	1/1	9	15	NA	24	1705	12	38	62	NA	0.703812316715543
18966_Gorai.006G049000.1_P1_AdigSom	1608	0/1	8	13	NA	21	1705	12	38	62	NA	0.703812316715543
18966_Gorai.006G049000.1_P1_AdigSom	1612	1/1	6	15	NA	21	1705	12	29	71	NA	0.703812316715543
18966_Gorai.006G049000.1_P1_AdigSom	1636	0/1	5	8	NA	13	1705	12	38	62	NA	0.703812316715543
18966_Gorai.006G049000.1_P1_AdigSom_3	1237	1/1	6	20	NA	26	1705	50	23	77	NA	2.93255131964809
18966_Gorai.006G049000.1_P1_AdigSom_3	1252	1/1	6	24	NA	30	1705	50	20	80	NA	2.93255131964809
18966_Gorai.006G049000.1_P1_AdigSom_3	1264	0/1	21	12	NA	33	1705	50	64	36	NA	2.93255131964809
18966_Gorai.006G049000.1_P1_AdigSom_3	1307	0/1	16	19	NA	35	1705	50	46	54	NA	2.93255131964809
18966_Gorai.006G049000.1_P1_AdigSom_3	1318	0/1	23	16	NA	39	1705	50	59	41	NA	2.93255131964809
18966_Gorai.006G049000.1_P1_AdigSom_3	1345	0/1	7	32	NA	39	1705	50	18	82	NA	2.93255131964809
18966_Gorai.006G049000.1_P1_AdigSom_3	1348	0/1	35	7	NA	42	1705	50	83	17	NA	2.93255131964809
18966_Gorai.006G049000.1_P1_AdigSom_3	1357	0/1	31	10	NA	41	1705	50	76	24	NA	2.93255131964809
18966_Gorai.006G049000.1_P1_AdigSom_3	1360	0/1	32	9	NA	41	1705	50	78	22	NA	2.93255131964809
18966_Gorai.006G049000.1_P1_AdigSom_3	1369	0/1	22	18	NA	40	1705	50	55	45	NA	2.93255131964809
18966_Gorai.006G049000.1_P1_AdigSom_3	1378	0/1	35	8	NA	43	1705	50	81	19	NA	2.93255131964809
18966_Gorai.006G049000.1_P1_AdigSom_3	1381	0/1	35	9	NA	44	1705	50	80	20	NA	2.93255131964809
18966_Gorai.006G049000.1_P1_AdigSom_3	1390	0/1	34	11	NA	45	1705	50	76	24	NA	2.93255131964809
18966_Gorai.006G049000.1_P1_AdigSom_3	1393	0/1	14	21	NA	35	1705	50	40	60	NA	2.93255131964809
18966_Gorai.006G049000.1_P1_AdigSom_3	1402	0/1	13	22	NA	35	1705	50	37	63	NA	2.93255131964809
18966_Gorai.006G049000.1_P1_AdigSom_3	1405	0/1	34	11	NA	45	1705	50	76	24	NA	2.93255131964809
18966_Gorai.006G049000.1_P1_AdigSom_3	1411	0/1	35	10	NA	45	1705	50	78	22	NA	2.93255131964809
18966_Gorai.006G049000.1_P1_AdigSom_3	1414	0/1	35	10	NA	45	1705	50	78	22	NA	2.93255131964809
18966_Gorai.006G049000.1_P1_AdigSom_3	1417	0/1	36	10	NA	46	1705	50	78	22	NA	2.93255131964809
18966_Gorai.006G049000.1_P1_AdigSom_3	1441	0/1	23	16	NA	39	1705	50	59	41	NA	2.93255131964809
18966_Gorai.006G049000.1_P1_AdigSom_3	1444	0/1	32	7	NA	39	1705	50	82	18	NA	2.93255131964809
18966_Gorai.006G049000.1_P1_AdigSom_3	1450	0/1	13	18	NA	31	1705	50	42	58	NA	2.93255131964809
18966_Gorai.006G049000.1_P1_AdigSom_3	1452	0/1	31	7	NA	38	1705	50	82	18	NA	2.93255131964809
18966_Gorai.006G049000.1_P1_AdigSom_3	1453	0/1	30	7	NA	37	1705	50	81	19	NA	2.93255131964809
18966_Gorai.006G049000.1_P1_AdigSom_3	1456	1/2	0	7	28	35	1705	50	0	20	80	2.93255131964809
18966_Gorai.006G049000.1_P1_AdigSom_3	1462	0/1	27	7	NA	34	1705	50	79	21	NA	2.93255131964809
18966_Gorai.006G049000.1_P1_AdigSom_3	1468	1/2	1	7	25	33	1705	50	3	21	76	2.93255131964809
18966_Gorai.006G049000.1_P1_AdigSom_3	1471	1/1	2	32	NA	34	1705	50	6	94	NA	2.93255131964809
18966_Gorai.006G049000.1_P1_AdigSom_3	1477	0/1	27	7	NA	34	1705	50	79	21	NA	2.93255131964809
18966_Gorai.006G049000.1_P1_AdigSom_3	1480	0/1	27	7	NA	34	1705	50	79	21	NA	2.93255131964809
18966_Gorai.006G049000.1_P1_AdigSom_3	1489	0/1	24	9	NA	33	1705	50	73	27	NA	2.93255131964809
18966_Gorai.006G049000.1_P1_AdigSom_3	1492	0/1	25	8	NA	33	1705	50	76	24	NA	2.93255131964809
18966_Gorai.006G049000.1_P1_AdigSom_3	1495	0/1	16	14	NA	30	1705	50	53	47	NA	2.93255131964809
18966_Gorai.006G049000.1_P1_AdigSom_3	1498	0/1	23	10	NA	33	1705	50	70	30	NA	2.93255131964809
18966_Gorai.006G049000.1_P1_AdigSom_3	1504	0/1	12	20	NA	32	1705	50	38	62	NA	2.93255131964809
18966_Gorai.006G049000.1_P1_AdigSom_3	1511	0/1	22	11	NA	33	1705	50	67	33	NA	2.93255131964809
18966_Gorai.006G049000.1_P1_AdigSom_3	1516	0/1	23	10	NA	33	1705	50	70	30	NA	2.93255131964809
18966_Gorai.006G049000.1_P1_AdigSom_3	1519	0/1	23	10	NA	33	1705	50	70	30	NA	2.93255131964809
18966_Gorai.006G049000.1_P1_AdigSom_3	1528	0/1	23	10	NA	33	1705	50	70	30	NA	2.93255131964809
18966_Gorai.006G049000.1_P1_AdigSom_3	1534	0/1	22	9	NA	31	1705	50	71	29	NA	2.93255131964809
18966_Gorai.006G049000.1_P1_AdigSom_3	1537	0/1	21	9	NA	30	1705	50	70	30	NA	2.93255131964809
18966_Gorai.006G049000.1_P1_AdigSom_3	1552	0/1	19	10	NA	29	1705	50	66	34	NA	2.93255131964809
18966_Gorai.006G049000.1_P1_AdigSom_3	1562	1/1	2	17	NA	19	1705	50	11	89	NA	2.93255131964809
18966_Gorai.006G049000.1_P1_AdigSom_3	1603	0/1	12	4	NA	16	1705	50	75	25	NA	2.93255131964809
18966_Gorai.006G049000.1_P1_AdigSom_3	1608	1/1	1	15	NA	16	1705	50	6	94	NA	2.93255131964809
18966_Gorai.006G049000.1_P1_AdigSom_3	1609	0/1	8	6	NA	14	1705	50	57	43	NA	2.93255131964809
18966_Gorai.006G049000.1_P1_AdigSom_3	1612	0/1	9	7	NA	16	1705	50	56	44	NA	2.93255131964809
18966_Gorai.006G049000.1_P1_AdigSom_3	1628	0/1	6	9	NA	15	1705	50	40	60	NA	2.93255131964809
18966_Gorai.006G049000.1_P1_AdigSom_3	1651	0/1	7	6	NA	13	1705	50	54	46	NA	2.93255131964809
18966_Gorai.006G049000.1_P1_AdigSom_3	1669	0/1	4	3	NA	7	1705	50	57	43	NA	2.93255131964809
22470_Gorai.008G061000.1_P2_AdigSom	390	0/1	11	5	NA	16	1017	7	69	31	NA	0.688298918387414
22470_Gorai.008G061000.1_P2_AdigSom	396	0/1	14	5	NA	19	1017	7	74	26	NA	0.688298918387414
22470_Gorai.008G061000.1_P2_AdigSom	401	0/1	16	5	NA	21	1017	7	76	24	NA	0.688298918387414
22470_Gorai.008G061000.1_P2_AdigSom	407	0/1	18	5	NA	23	1017	7	78	22	NA	0.688298918387414
22470_Gorai.008G061000.1_P2_AdigSom	408	0/1	19	5	NA	24	1017	7	79	21	NA	0.688298918387414
22470_Gorai.008G061000.1_P2_AdigSom	458	0/1	20	6	NA	26	1017	7	77	23	NA	0.688298918387414
22470_Gorai.008G061000.1_P2_AdigSom	953	0/1	14	4	NA	18	1017	7	78	22	NA	0.688298918387414
2321_Gorai.006G273300.2_AdigSom_3	2645	1/1	0	27	NA	27	3405	1	0	100	NA	0.0293685756240822
2550_Gorai.012G041400.1_AdigSom	523	1/1	3	16	NA	19	3858	52	16	84	NA	1.34784862623121
2550_Gorai.012G041400.1_AdigSom	542	0/1	6	17	NA	23	3858	52	26	74	NA	1.34784862623121
2550_Gorai.012G041400.1_AdigSom	556	0/1	8	17	NA	25	3858	52	32	68	NA	1.34784862623121
2550_Gorai.012G041400.1_AdigSom	565	0/1	21	5	NA	26	3858	52	81	19	NA	1.34784862623121
2550_Gorai.012G041400.1_AdigSom	579	0/1	17	12	NA	29	3858	52	59	41	NA	1.34784862623121
2550_Gorai.012G041400.1_AdigSom	583	0/1	16	12	NA	28	3858	52	57	43	NA	1.34784862623121
2550_Gorai.012G041400.1_AdigSom	590	0/1	16	12	NA	28	3858	52	57	43	NA	1.34784862623121
2550_Gorai.012G041400.1_AdigSom	594	0/1	15	12	NA	27	3858	52	56	44	NA	1.34784862623121
2550_Gorai.012G041400.1_AdigSom	600	0/1	12	12	NA	24	3858	52	50	50	NA	1.34784862623121
2550_Gorai.012G041400.1_AdigSom	613	0/1	10	13	NA	23	3858	52	43	57	NA	1.34784862623121
2550_Gorai.012G041400.1_AdigSom	614	0/1	10	13	NA	23	3858	52	43	57	NA	1.34784862623121
2550_Gorai.012G041400.1_AdigSom	615	0/1	14	10	NA	24	3858	52	58	42	NA	1.34784862623121
2550_Gorai.012G041400.1_AdigSom	623	0/1	16	10	NA	26	3858	52	62	38	NA	1.34784862623121
2550_Gorai.012G041400.1_AdigSom	630	0/1	18	9	NA	27	3858	52	67	33	NA	1.34784862623121
2550_Gorai.012G041400.1_AdigSom	643	0/1	8	19	NA	27	3858	52	30	70	NA	1.34784862623121
2550_Gorai.012G041400.1_AdigSom	784	1/1	3	27	NA	30	3858	52	10	90	NA	1.34784862623121
2550_Gorai.012G041400.1_AdigSom	804	1/1	3	27	NA	30	3858	52	10	90	NA	1.34784862623121
2550_Gorai.012G041400.1_AdigSom	816	1/1	3	28	NA	31	3858	52	10	90	NA	1.34784862623121
2550_Gorai.012G041400.1_AdigSom	835	1/1	5	25	NA	30	3858	52	17	83	NA	1.34784862623121
2550_Gorai.012G041400.1_AdigSom	853	1/1	8	24	NA	32	3858	52	25	75	NA	1.34784862623121
2550_Gorai.012G041400.1_AdigSom	855	1/1	8	24	NA	32	3858	52	25	75	NA	1.34784862623121
2550_Gorai.012G041400.1_AdigSom	873	1/1	9	23	NA	32	3858	52	28	72	NA	1.34784862623121
2550_Gorai.012G041400.1_AdigSom	874	1/1	9	23	NA	32	3858	52	28	72	NA	1.34784862623121
2550_Gorai.012G041400.1_AdigSom	875	1/1	9	23	NA	32	3858	52	28	72	NA	1.34784862623121
2550_Gorai.012G041400.1_AdigSom	876	1/1	9	23	NA	32	3858	52	28	72	NA	1.34784862623121
2550_Gorai.012G041400.1_AdigSom	915	0/1	13	24	NA	37	3858	52	35	65	NA	1.34784862623121
2550_Gorai.012G041400.1_AdigSom	921	0/1	14	22	NA	36	3858	52	39	61	NA	1.34784862623121
2550_Gorai.012G041400.1_AdigSom	927	0/1	20	15	NA	35	3858	52	57	43	NA	1.34784862623121
2550_Gorai.012G041400.1_AdigSom	939	0/1	17	8	NA	25	3858	52	68	32	NA	1.34784862623121
2550_Gorai.012G041400.1_AdigSom	940	0/1	17	15	NA	32	3858	52	53	47	NA	1.34784862623121
2550_Gorai.012G041400.1_AdigSom	960	0/1	20	14	NA	34	3858	52	59	41	NA	1.34784862623121
2550_Gorai.012G041400.1_AdigSom	978	0/1	11	23	NA	34	3858	52	32	68	NA	1.34784862623121
2550_Gorai.012G041400.1_AdigSom	987	0/1	22	10	NA	32	3858	52	69	31	NA	1.34784862623121
2550_Gorai.012G041400.1_AdigSom	1020	1/1	0	23	NA	23	3858	52	0	100	NA	1.34784862623121
2550_Gorai.012G041400.1_AdigSom	1040	0/1	13	10	NA	23	3858	52	57	43	NA	1.34784862623121
2550_Gorai.012G041400.1_AdigSom	1085	1/1	0	9	NA	9	3858	52	0	100	NA	1.34784862623121
2550_Gorai.012G041400.1_AdigSom	1230	0/1	22	10	NA	32	3858	52	69	31	NA	1.34784862623121
2550_Gorai.012G041400.1_AdigSom	1248	0/1	10	24	NA	34	3858	52	29	71	NA	1.34784862623121
2550_Gorai.012G041400.1_AdigSom	1252	0/1	10	23	NA	33	3858	52	30	70	NA	1.34784862623121
2550_Gorai.012G041400.1_AdigSom	1253	0/1	25	10	NA	35	3858	52	71	29	NA	1.34784862623121
2550_Gorai.012G041400.1_AdigSom	1265	0/1	26	9	NA	35	3858	52	74	26	NA	1.34784862623121
2550_Gorai.012G041400.1_AdigSom	1267	0/1	9	26	NA	35	3858	52	26	74	NA	1.34784862623121
2550_Gorai.012G041400.1_AdigSom	1284	0/1	25	5	NA	30	3858	52	83	17	NA	1.34784862623121
2550_Gorai.012G041400.1_AdigSom	1305	0/1	6	19	NA	25	3858	52	24	76	NA	1.34784862623121
2550_Gorai.012G041400.1_AdigSom	1317	0/1	7	16	NA	23	3858	52	30	70	NA	1.34784862623121
2550_Gorai.012G041400.1_AdigSom	1332	1/1	7	14	NA	21	3858	52	33	67	NA	1.34784862623121
2550_Gorai.012G041400.1_AdigSom	1867	0/1	2	4	NA	6	3858	52	33	67	NA	1.34784862623121
2550_Gorai.012G041400.1_AdigSom	1871	0/1	2	4	NA	6	3858	52	33	67	NA	1.34784862623121
2550_Gorai.012G041400.1_AdigSom	1877	0/1	2	5	NA	7	3858	52	29	71	NA	1.34784862623121
2550_Gorai.012G041400.1_AdigSom	1882	0/1	2	5	NA	7	3858	52	29	71	NA	1.34784862623121
2550_Gorai.012G041400.1_AdigSom	1960	1/1	0	8	NA	8	3858	52	0	100	NA	1.34784862623121
2550_Gorai.012G041400.1_AdigSom	1962	1/1	0	8	NA	8	3858	52	0	100	NA	1.34784862623121
2550_Gorai.012G041400.1_AdigSom_3	523	0/1	5	8	NA	13	3858	64	38	62	NA	1.65889061689995
2550_Gorai.012G041400.1_AdigSom_3	542	0/1	9	8	NA	17	3858	64	53	47	NA	1.65889061689995
2550_Gorai.012G041400.1_AdigSom_3	544	0/1	8	9	NA	17	3858	64	47	53	NA	1.65889061689995
2550_Gorai.012G041400.1_AdigSom_3	556	0/1	11	8	NA	19	3858	64	58	42	NA	1.65889061689995
2550_Gorai.012G041400.1_AdigSom_3	579	0/1	8	11	NA	19	3858	64	42	58	NA	1.65889061689995
2550_Gorai.012G041400.1_AdigSom_3	583	0/1	8	11	NA	19	3858	64	42	58	NA	1.65889061689995
2550_Gorai.012G041400.1_AdigSom_3	590	0/1	8	11	NA	19	3858	64	42	58	NA	1.65889061689995
2550_Gorai.012G041400.1_AdigSom_3	594	0/1	8	11	NA	19	3858	64	42	58	NA	1.65889061689995
2550_Gorai.012G041400.1_AdigSom_3	600	0/1	13	8	NA	21	3858	64	62	38	NA	1.65889061689995
2550_Gorai.012G041400.1_AdigSom_3	613	0/1	8	14	NA	22	3858	64	36	64	NA	1.65889061689995
2550_Gorai.012G041400.1_AdigSom_3	614	0/1	8	16	NA	24	3858	64	33	67	NA	1.65889061689995
2550_Gorai.012G041400.1_AdigSom_3	615	0/1	16	8	NA	24	3858	64	67	33	NA	1.65889061689995
2550_Gorai.012G041400.1_AdigSom_3	623	0/1	18	8	NA	26	3858	64	69	31	NA	1.65889061689995
2550_Gorai.012G041400.1_AdigSom_3	630	0/1	19	8	NA	27	3858	64	70	30	NA	1.65889061689995
2550_Gorai.012G041400.1_AdigSom_3	637	0/1	17	11	NA	28	3858	64	61	39	NA	1.65889061689995
2550_Gorai.012G041400.1_AdigSom_3	643	0/1	8	22	NA	30	3858	64	27	73	NA	1.65889061689995
2550_Gorai.012G041400.1_AdigSom_3	690	0/1	18	12	NA	30	3858	64	60	40	NA	1.65889061689995
2550_Gorai.012G041400.1_AdigSom_3	714	0/1	18	19	NA	37	3858	64	49	51	NA	1.65889061689995
2550_Gorai.012G041400.1_AdigSom_3	762	0/1	20	14	NA	34	3858	64	59	41	NA	1.65889061689995
2550_Gorai.012G041400.1_AdigSom_3	777	0/1	16	14	NA	30	3858	64	53	47	NA	1.65889061689995
2550_Gorai.012G041400.1_AdigSom_3	784	1/1	4	24	NA	28	3858	64	14	86	NA	1.65889061689995
2550_Gorai.012G041400.1_AdigSom_3	792	0/1	11	16	NA	27	3858	64	41	59	NA	1.65889061689995
2550_Gorai.012G041400.1_AdigSom_3	804	0/1	4	24	NA	28	3858	64	14	86	NA	1.65889061689995
2550_Gorai.012G041400.1_AdigSom_3	816	0/1	6	22	NA	28	3858	64	21	79	NA	1.65889061689995
2550_Gorai.012G041400.1_AdigSom_3	829	0/1	21	9	NA	30	3858	64	70	30	NA	1.65889061689995
2550_Gorai.012G041400.1_AdigSom_3	835	0/1	9	20	NA	29	3858	64	31	69	NA	1.65889061689995
2550_Gorai.012G041400.1_AdigSom_3	848	0/1	19	11	NA	30	3858	64	63	37	NA	1.65889061689995
2550_Gorai.012G041400.1_AdigSom_3	853	0/1	12	18	NA	30	3858	64	40	60	NA	1.65889061689995
2550_Gorai.012G041400.1_AdigSom_3	854	0/1	18	12	NA	30	3858	64	60	40	NA	1.65889061689995
2550_Gorai.012G041400.1_AdigSom_3	855	0/1	11	18	NA	29	3858	64	38	62	NA	1.65889061689995
2550_Gorai.012G041400.1_AdigSom_3	868	0/1	21	9	NA	30	3858	64	70	30	NA	1.65889061689995
2550_Gorai.012G041400.1_AdigSom_3	869	0/1	19	10	NA	29	3858	64	66	34	NA	1.65889061689995
2550_Gorai.012G041400.1_AdigSom_3	870	0/1	19	10	NA	29	3858	64	66	34	NA	1.65889061689995
2550_Gorai.012G041400.1_AdigSom_3	873	0/1	10	18	NA	28	3858	64	36	64	NA	1.65889061689995
2550_Gorai.012G041400.1_AdigSom_3	874	0/1	10	18	NA	28	3858	64	36	64	NA	1.65889061689995
2550_Gorai.012G041400.1_AdigSom_3	875	0/1	10	18	NA	28	3858	64	36	64	NA	1.65889061689995
2550_Gorai.012G041400.1_AdigSom_3	876	0/1	11	17	NA	28	3858	64	39	61	NA	1.65889061689995
2550_Gorai.012G041400.1_AdigSom_3	877	0/1	20	11	NA	31	3858	64	65	35	NA	1.65889061689995
2550_Gorai.012G041400.1_AdigSom_3	880	0/1	21	11	NA	32	3858	64	66	34	NA	1.65889061689995
2550_Gorai.012G041400.1_AdigSom_3	889	0/1	24	11	NA	35	3858	64	69	31	NA	1.65889061689995
2550_Gorai.012G041400.1_AdigSom_3	891	0/1	24	11	NA	35	3858	64	69	31	NA	1.65889061689995
2550_Gorai.012G041400.1_AdigSom_3	901	0/1	22	12	NA	34	3858	64	65	35	NA	1.65889061689995
2550_Gorai.012G041400.1_AdigSom_3	915	0/1	13	21	NA	34	3858	64	38	62	NA	1.65889061689995
2550_Gorai.012G041400.1_AdigSom_3	921	0/1	13	21	NA	34	3858	64	38	62	NA	1.65889061689995
2550_Gorai.012G041400.1_AdigSom_3	927	0/1	19	14	NA	33	3858	64	58	42	NA	1.65889061689995
2550_Gorai.012G041400.1_AdigSom_3	933	0/1	22	11	NA	33	3858	64	67	33	NA	1.65889061689995
2550_Gorai.012G041400.1_AdigSom_3	939	0/1	12	11	NA	23	3858	64	52	48	NA	1.65889061689995
2550_Gorai.012G041400.1_AdigSom_3	940	0/1	19	12	NA	31	3858	64	61	39	NA	1.65889061689995
2550_Gorai.012G041400.1_AdigSom_3	960	0/1	13	15	NA	28	3858	64	46	54	NA	1.65889061689995
2550_Gorai.012G041400.1_AdigSom_3	978	0/1	15	12	NA	27	3858	64	56	44	NA	1.65889061689995
2550_Gorai.012G041400.1_AdigSom_3	1018	1/1	0	11	NA	11	3858	64	0	100	NA	1.65889061689995
2550_Gorai.012G041400.1_AdigSom_3	1020	1/1	0	11	NA	11	3858	64	0	100	NA	1.65889061689995
2550_Gorai.012G041400.1_AdigSom_3	1144	0/1	13	8	NA	21	3858	64	62	38	NA	1.65889061689995
2550_Gorai.012G041400.1_AdigSom_3	1151	0/1	15	7	NA	22	3858	64	68	32	NA	1.65889061689995
2550_Gorai.012G041400.1_AdigSom_3	1154	1/1	15	7	NA	22	3858	64	68	32	NA	1.65889061689995
2550_Gorai.012G041400.1_AdigSom_3	1159	1/1	15	7	NA	22	3858	64	68	32	NA	1.65889061689995
2550_Gorai.012G041400.1_AdigSom_3	1161	1/1	15	7	NA	22	3858	64	68	32	NA	1.65889061689995
2550_Gorai.012G041400.1_AdigSom_3	1172	0/1	23	4	NA	27	3858	64	85	15	NA	1.65889061689995
2550_Gorai.012G041400.1_AdigSom_3	1248	1/1	4	37	NA	41	3858	64	10	90	NA	1.65889061689995
2550_Gorai.012G041400.1_AdigSom_3	1267	1/1	3	40	NA	43	3858	64	7	93	NA	1.65889061689995
2550_Gorai.012G041400.1_AdigSom_3	1877	1/1	1	10	NA	11	3858	64	9	91	NA	1.65889061689995
2550_Gorai.012G041400.1_AdigSom_3	1882	1/1	1	10	NA	11	3858	64	9	91	NA	1.65889061689995
2550_Gorai.012G041400.1_AdigSom_3	1960	1/1	1	11	NA	12	3858	64	8	92	NA	1.65889061689995
2550_Gorai.012G041400.1_AdigSom_3	1962	1/1	1	11	NA	12	3858	64	8	92	NA	1.65889061689995
3180_Gorai.004G175500.1_P1_AdigSom	413	1/1	0	6	NA	6	1393	3	0	100	NA	0.215362526920316
3180_Gorai.004G175500.1_P1_AdigSom	493	1/1	0	3	NA	3	1393	3	0	100	NA	0.215362526920316
3180_Gorai.004G175500.1_P1_AdigSom	506	1/1	0	3	NA	3	1393	3	0	100	NA	0.215362526920316
3180_Gorai.004G175500.1_P1_AdigSom_3	413	1/1	0	6	NA	6	1393	1	0	100	NA	0.0717875089734386
4143_Gorai.008G286900.1_AdigSom	41	0/1	5	2	NA	7	1762	6	71	29	NA	0.340522133938706
4143_Gorai.008G286900.1_AdigSom	49	0/1	5	2	NA	7	1762	6	71	29	NA	0.340522133938706
4143_Gorai.008G286900.1_AdigSom	133	0/1	8	4	NA	12	1762	6	67	33	NA	0.340522133938706
4143_Gorai.008G286900.1_AdigSom	162	0/1	7	4	NA	11	1762	6	64	36	NA	0.340522133938706
4143_Gorai.008G286900.1_AdigSom	204	0/1	5	3	NA	8	1762	6	62	38	NA	0.340522133938706
4143_Gorai.008G286900.1_AdigSom	207	0/1	5	3	NA	8	1762	6	62	38	NA	0.340522133938706
4874_Gorai.011G067700.3_AdigSom	2780	0/1	11	3	NA	14	3092	3	79	21	NA	0.0970245795601552
4874_Gorai.011G067700.3_AdigSom	2786	0/1	9	3	NA	12	3092	3	75	25	NA	0.0970245795601552
4874_Gorai.011G067700.3_AdigSom	2809	0/1	12	3	NA	15	3092	3	80	20	NA	0.0970245795601552
5302_Gorai.011G200900.2_AdigSom	729	0/1	5	2	NA	7	2068	1	71	29	NA	0.0483558994197292
5691_Gorai.012G163300.2_P2_AdigSom	1057	1/1	0	11	NA	11	2305	1	0	100	NA	0.0433839479392625
5691_Gorai.012G163300.2_P2_AdigSom_3	1057	1/1	0	20	NA	20	2305	1	0	100	NA	0.0433839479392625
5764_Gorai.006G242500.2_AdigSom	1880	0/1	6	2	NA	8	2647	7	75	25	NA	0.264450321118247
5764_Gorai.006G242500.2_AdigSom	1888	0/1	6	2	NA	8	2647	7	75	25	NA	0.264450321118247
5764_Gorai.006G242500.2_AdigSom	2037	0/1	7	3	NA	10	2647	7	70	30	NA	0.264450321118247
5764_Gorai.006G242500.2_AdigSom	2046	0/1	8	3	NA	11	2647	7	73	27	NA	0.264450321118247
5764_Gorai.006G242500.2_AdigSom	2054	0/1	9	3	NA	12	2647	7	75	25	NA	0.264450321118247
5764_Gorai.006G242500.2_AdigSom	2060	0/1	9	3	NA	12	2647	7	75	25	NA	0.264450321118247
5764_Gorai.006G242500.2_AdigSom	2064	0/1	9	3	NA	12	2647	7	75	25	NA	0.264450321118247
5978_Gorai.002G218100.6_P2_AdigSom	1098	0/1	4	2	NA	6	1820	1	67	33	NA	0.0549450549450549
608_Gorai.005G157100.1_AdigSom	1512	0/1	11	3	NA	14	5439	1	79	21	NA	0.018385732671447
6171_Gorai.008G228900.3_P1_AdigSom	53	0/1	17	3	NA	20	2270	30	85	15	NA	1.3215859030837
6171_Gorai.008G228900.3_P1_AdigSom	62	0/1	17	4	NA	21	2270	30	81	19	NA	1.3215859030837
6171_Gorai.008G228900.3_P1_AdigSom	89	0/1	18	5	NA	23	2270	30	78	22	NA	1.3215859030837
6171_Gorai.008G228900.3_P1_AdigSom	93	0/1	18	5	NA	23	2270	30	78	22	NA	1.3215859030837
6171_Gorai.008G228900.3_P1_AdigSom	101	0/1	18	5	NA	23	2270	30	78	22	NA	1.3215859030837
6171_Gorai.008G228900.3_P1_AdigSom	102	0/1	18	5	NA	23	2270	30	78	22	NA	1.3215859030837
6171_Gorai.008G228900.3_P1_AdigSom	116	0/1	20	5	NA	25	2270	30	80	20	NA	1.3215859030837
6171_Gorai.008G228900.3_P1_AdigSom	120	0/1	20	5	NA	25	2270	30	80	20	NA	1.3215859030837
6171_Gorai.008G228900.3_P1_AdigSom	128	0/1	22	5	NA	27	2270	30	81	19	NA	1.3215859030837
6171_Gorai.008G228900.3_P1_AdigSom	131	0/1	22	5	NA	27	2270	30	81	19	NA	1.3215859030837
6171_Gorai.008G228900.3_P1_AdigSom	132	0/1	22	5	NA	27	2270	30	81	19	NA	1.3215859030837
6171_Gorai.008G228900.3_P1_AdigSom	152	0/1	24	4	NA	28	2270	30	86	14	NA	1.3215859030837
6171_Gorai.008G228900.3_P1_AdigSom	156	0/1	23	5	NA	28	2270	30	82	18	NA	1.3215859030837
6171_Gorai.008G228900.3_P1_AdigSom	158	0/1	24	4	NA	28	2270	30	86	14	NA	1.3215859030837
6171_Gorai.008G228900.3_P1_AdigSom	167	0/1	24	5	NA	29	2270	30	83	17	NA	1.3215859030837
6171_Gorai.008G228900.3_P1_AdigSom	176	0/1	24	5	NA	29	2270	30	83	17	NA	1.3215859030837
6171_Gorai.008G228900.3_P1_AdigSom	185	0/1	23	5	NA	28	2270	30	82	18	NA	1.3215859030837
6171_Gorai.008G228900.3_P1_AdigSom	191	0/1	24	5	NA	29	2270	30	83	17	NA	1.3215859030837
6171_Gorai.008G228900.3_P1_AdigSom	200	0/1	22	5	NA	27	2270	30	81	19	NA	1.3215859030837
6171_Gorai.008G228900.3_P1_AdigSom	225	0/1	22	4	NA	26	2270	30	85	15	NA	1.3215859030837
6171_Gorai.008G228900.3_P1_AdigSom	1595	0/1	38	11	NA	49	2270	30	78	22	NA	1.3215859030837
6171_Gorai.008G228900.3_P1_AdigSom	1622	0/1	41	10	NA	51	2270	30	80	20	NA	1.3215859030837
6171_Gorai.008G228900.3_P1_AdigSom	1646	0/1	36	9	NA	45	2270	30	80	20	NA	1.3215859030837
6171_Gorai.008G228900.3_P1_AdigSom	1658	0/1	36	9	NA	45	2270	30	80	20	NA	1.3215859030837
6171_Gorai.008G228900.3_P1_AdigSom	1675	0/1	28	9	NA	37	2270	30	76	24	NA	1.3215859030837
6171_Gorai.008G228900.3_P1_AdigSom	1696	0/1	25	4	NA	29	2270	30	86	14	NA	1.3215859030837
6171_Gorai.008G228900.3_P1_AdigSom	1697	0/1	26	4	NA	30	2270	30	87	13	NA	1.3215859030837
6171_Gorai.008G228900.3_P1_AdigSom	1700	0/1	26	4	NA	30	2270	30	87	13	NA	1.3215859030837
6171_Gorai.008G228900.3_P1_AdigSom	1720	0/1	22	4	NA	26	2270	30	85	15	NA	1.3215859030837
6171_Gorai.008G228900.3_P1_AdigSom	1726	0/1	21	4	NA	25	2270	30	84	16	NA	1.3215859030837
7167_Gorai.001G275200.4_AdigSom	267	1/1	0	30	NA	30	1908	4	0	100	NA	0.209643605870021
7167_Gorai.001G275200.4_AdigSom	269	1/1	0	30	NA	30	1908	4	0	100	NA	0.209643605870021
7167_Gorai.001G275200.4_AdigSom	272	1/1	0	30	NA	30	1908	4	0	100	NA	0.209643605870021
7167_Gorai.001G275200.4_AdigSom	274	1/1	0	30	NA	30	1908	4	0	100	NA	0.209643605870021
727_Gorai.011G026100.1_AdigSom	4428	0/1	36	7	NA	43	5099	2	84	16	NA	0.0392233771327711
727_Gorai.011G026100.1_AdigSom	4452	0/1	36	8	NA	44	5099	2	82	18	NA	0.0392233771327711
7369_Gorai.009G002100.4_AdigSom	732	0/1	33	18	NA	51	1648	1	65	35	NA	0.0606796116504854
740_Gorai.007G132500.3_AdigSom	2379	0/1	60	7	NA	67	4523	4	90	10	NA	0.0884368781782003
740_Gorai.007G132500.3_AdigSom	2382	0/1	59	7	NA	66	4523	4	89	11	NA	0.0884368781782003
740_Gorai.007G132500.3_AdigSom	2447	0/1	55	6	NA	61	4523	4	90	10	NA	0.0884368781782003
740_Gorai.007G132500.3_AdigSom	3679	0/1	28	5	NA	33	4523	4	85	15	NA	0.0884368781782003
7780_Gorai.002G102000.1_P2_AdigSom	775	0/1	11	3	NA	14	1392	6	79	21	NA	0.431034482758621
7780_Gorai.002G102000.1_P2_AdigSom	776	0/1	12	3	NA	15	1392	6	80	20	NA	0.431034482758621
7780_Gorai.002G102000.1_P2_AdigSom	784	0/1	13	3	NA	16	1392	6	81	19	NA	0.431034482758621
7780_Gorai.002G102000.1_P2_AdigSom	787	0/1	14	3	NA	17	1392	6	82	18	NA	0.431034482758621
7780_Gorai.002G102000.1_P2_AdigSom	796	0/1	12	3	NA	15	1392	6	80	20	NA	0.431034482758621
7780_Gorai.002G102000.1_P2_AdigSom	806	0/1	12	3	NA	15	1392	6	80	20	NA	0.431034482758621
7780_Gorai.002G102000.1_P3_AdigSom	397	1/1	0	6	NA	6	1700	3	0	100	NA	0.176470588235294
7780_Gorai.002G102000.1_P3_AdigSom	431	1/1	0	5	NA	5	1700	3	0	100	NA	0.176470588235294
7780_Gorai.002G102000.1_P3_AdigSom	514	1/1	0	4	NA	4	1700	3	0	100	NA	0.176470588235294
8071_Gorai.002G129300.6_P3_AdigSom	1253	1/1	0	4	NA	4	2114	1	0	100	NA	0.0473036896877956
8108_Gorai.004G178200.4_AdigSom	86	1/1	3	10	NA	13	2941	6	23	77	NA	0.204012240734444
8108_Gorai.004G178200.4_AdigSom	122	1/1	5	8	NA	13	2941	6	38	62	NA	0.204012240734444
8108_Gorai.004G178200.4_AdigSom	159	1/1	4	7	NA	11	2941	6	36	64	NA	0.204012240734444
8108_Gorai.004G178200.4_AdigSom	182	1/1	2	8	NA	10	2941	6	20	80	NA	0.204012240734444
8108_Gorai.004G178200.4_AdigSom	188	1/1	2	8	NA	10	2941	6	20	80	NA	0.204012240734444
8108_Gorai.004G178200.4_AdigSom	190	1/1	2	8	NA	10	2941	6	20	80	NA	0.204012240734444
8108_Gorai.004G178200.4_AdigSom_3	86	0/1	5	8	NA	13	2941	12	38	62	NA	0.408024481468888
8108_Gorai.004G178200.4_AdigSom_3	122	0/1	6	6	NA	12	2941	12	50	50	NA	0.408024481468888
8108_Gorai.004G178200.4_AdigSom_3	182	1/1	2	12	NA	14	2941	12	14	86	NA	0.408024481468888
8108_Gorai.004G178200.4_AdigSom_3	188	1/1	2	12	NA	14	2941	12	14	86	NA	0.408024481468888
8108_Gorai.004G178200.4_AdigSom_3	190	1/1	2	12	NA	14	2941	12	14	86	NA	0.408024481468888
8108_Gorai.004G178200.4_AdigSom_3	234	1/1	1	9	NA	10	2941	12	10	90	NA	0.408024481468888
8108_Gorai.004G178200.4_AdigSom_3	235	1/1	1	9	NA	10	2941	12	10	90	NA	0.408024481468888
8108_Gorai.004G178200.4_AdigSom_3	239	1/1	1	9	NA	10	2941	12	10	90	NA	0.408024481468888
8108_Gorai.004G178200.4_AdigSom_3	249	1/1	1	9	NA	10	2941	12	10	90	NA	0.408024481468888
8108_Gorai.004G178200.4_AdigSom_3	260	1/1	0	8	NA	8	2941	12	0	100	NA	0.408024481468888
8108_Gorai.004G178200.4_AdigSom_3	270	1/1	0	8	NA	8	2941	12	0	100	NA	0.408024481468888
8108_Gorai.004G178200.4_AdigSom_3	285	1/1	0	8	NA	8	2941	12	0	100	NA	0.408024481468888
8173_Gorai.002G128400.2_AdigSom	2308	1/1	3	24	NA	27	2658	2	11	89	NA	0.0752445447705041
8173_Gorai.002G128400.2_AdigSom	2559	1/1	4	48	NA	52	2658	2	8	92	NA	0.0752445447705041
8902_Gorai.009G043400.2_P3_AdigSom_3	815	1/1	2	8	NA	10	1204	1	20	80	NA	0.0830564784053156
