allele	position	GT	ref.reads	alt1.reads	alt2.reads	total.reads	length	var_sites	perc_ref	perc_alt1	perc_alt2	perc_variant
1089_Gorai.005G213100.2_AdigSu	1655	0/1	120	56	NA	176	3568	4	68	32	NA	0.112107623318386
1089_Gorai.005G213100.2_AdigSu	2954	0/1	197	44	NA	241	3568	4	82	18	NA	0.112107623318386
1089_Gorai.005G213100.2_AdigSu	3033	0/1	202	37	NA	239	3568	4	85	15	NA	0.112107623318386
1089_Gorai.005G213100.2_AdigSu	3234	0/1	192	22	NA	214	3568	4	90	10	NA	0.112107623318386
13692_Gorai.005G223700.2_P2_AdigSu	353	0/1	30	7	NA	37	1345	5	81	19	NA	0.371747211895911
13692_Gorai.005G223700.2_P2_AdigSu	416	0/1	27	7	NA	34	1345	5	79	21	NA	0.371747211895911
13692_Gorai.005G223700.2_P2_AdigSu	491	0/1	24	6	NA	30	1345	5	80	20	NA	0.371747211895911
13692_Gorai.005G223700.2_P2_AdigSu	492	0/1	24	6	NA	30	1345	5	80	20	NA	0.371747211895911
13692_Gorai.005G223700.2_P2_AdigSu	530	0/1	14	6	NA	20	1345	5	70	30	NA	0.371747211895911
19957_Gorai.004G097000.1_AdigSu	989	1/1	0	7	NA	7	1010	1	0	100	NA	0.099009900990099
28497_Gorai.012G187500.1_AdigSu	301	1/1	0	17	NA	17	1142	1	0	100	NA	0.0875656742556918
2952_Gorai.003G119600.1_AdigSu	1779	1/1	0	2	NA	2	3180	1	0	100	NA	0.0314465408805031
3881_Gorai.010G118200.1_AdigSu	3140	0/1	40	19	NA	59	3559	1	68	32	NA	0.0280977802753582
550_Gorai.006G081900.1_AdigSu	1410	1/1	0	2	NA	2	4550	3	0	100	NA	0.0659340659340659
550_Gorai.006G081900.1_AdigSu	3100	0/1	26	8	NA	34	4550	3	76	24	NA	0.0659340659340659
550_Gorai.006G081900.1_AdigSu	3102	0/1	26	5	NA	31	4550	3	84	16	NA	0.0659340659340659
5533_Gorai.003G156900.1_P1_AdigSu	627	1/1	0	6	NA	6	2249	1	0	100	NA	0.0444642063139173
7369_Gorai.009G002100.4_AdigSu	675	0/1	5	2	NA	7	1648	1	71	29	NA	0.0606796116504854
8071_Gorai.002G129300.6_P3_AdigSu	156	0/1	9	3	NA	12	2114	5	75	25	NA	0.236518448438978
8071_Gorai.002G129300.6_P3_AdigSu	195	0/1	8	7	NA	15	2114	5	53	47	NA	0.236518448438978
8071_Gorai.002G129300.6_P3_AdigSu	204	0/1	7	7	NA	14	2114	5	50	50	NA	0.236518448438978
8071_Gorai.002G129300.6_P3_AdigSu	210	0/1	7	7	NA	14	2114	5	50	50	NA	0.236518448438978
8071_Gorai.002G129300.6_P3_AdigSu	234	0/1	7	7	NA	14	2114	5	50	50	NA	0.236518448438978
8108_Gorai.004G178200.4_AdigSu	1092	1/1	1	5	NA	6	2941	10	17	83	NA	0.340020401224073
8108_Gorai.004G178200.4_AdigSu	1097	1/1	1	5	NA	6	2941	10	17	83	NA	0.340020401224073
8108_Gorai.004G178200.4_AdigSu	1147	1/1	1	5	NA	6	2941	10	17	83	NA	0.340020401224073
8108_Gorai.004G178200.4_AdigSu	1158	1/1	1	5	NA	6	2941	10	17	83	NA	0.340020401224073
8108_Gorai.004G178200.4_AdigSu	1161	1/1	1	5	NA	6	2941	10	17	83	NA	0.340020401224073
8108_Gorai.004G178200.4_AdigSu	1166	1/1	1	5	NA	6	2941	10	17	83	NA	0.340020401224073
8108_Gorai.004G178200.4_AdigSu	1184	1/1	1	6	NA	7	2941	10	14	86	NA	0.340020401224073
8108_Gorai.004G178200.4_AdigSu	1199	1/1	1	6	NA	7	2941	10	14	86	NA	0.340020401224073
8108_Gorai.004G178200.4_AdigSu	1202	1/1	1	6	NA	7	2941	10	14	86	NA	0.340020401224073
8108_Gorai.004G178200.4_AdigSu	1222	1/1	1	7	NA	8	2941	10	12	88	NA	0.340020401224073
8108_Gorai.004G178200.4_AdigSu_3	884	1/1	8	3	NA	11	2941	26	73	27	NA	0.884053043182591
8108_Gorai.004G178200.4_AdigSu_3	896	1/1	8	3	NA	11	2941	26	73	27	NA	0.884053043182591
8108_Gorai.004G178200.4_AdigSu_3	912	1/1	9	4	NA	13	2941	26	69	31	NA	0.884053043182591
8108_Gorai.004G178200.4_AdigSu_3	925	1/1	6	4	NA	10	2941	26	60	40	NA	0.884053043182591
8108_Gorai.004G178200.4_AdigSu_3	929	1/1	5	4	NA	9	2941	26	56	44	NA	0.884053043182591
8108_Gorai.004G178200.4_AdigSu_3	935	1/1	5	4	NA	9	2941	26	56	44	NA	0.884053043182591
8108_Gorai.004G178200.4_AdigSu_3	942	1/1	5	4	NA	9	2941	26	56	44	NA	0.884053043182591
8108_Gorai.004G178200.4_AdigSu_3	953	1/1	5	4	NA	9	2941	26	56	44	NA	0.884053043182591
8108_Gorai.004G178200.4_AdigSu_3	968	1/1	5	4	NA	9	2941	26	56	44	NA	0.884053043182591
8108_Gorai.004G178200.4_AdigSu_3	970	1/1	5	4	NA	9	2941	26	56	44	NA	0.884053043182591
8108_Gorai.004G178200.4_AdigSu_3	971	1/1	5	4	NA	9	2941	26	56	44	NA	0.884053043182591
8108_Gorai.004G178200.4_AdigSu_3	978	1/1	5	4	NA	9	2941	26	56	44	NA	0.884053043182591
8108_Gorai.004G178200.4_AdigSu_3	986	1/1	5	4	NA	9	2941	26	56	44	NA	0.884053043182591
8108_Gorai.004G178200.4_AdigSu_3	994	1/1	4	4	NA	8	2941	26	50	50	NA	0.884053043182591
8108_Gorai.004G178200.4_AdigSu_3	1013	1/1	3	3	NA	6	2941	26	50	50	NA	0.884053043182591
8108_Gorai.004G178200.4_AdigSu_3	1018	1/1	3	3	NA	6	2941	26	50	50	NA	0.884053043182591
8108_Gorai.004G178200.4_AdigSu_3	1021	1/1	3	3	NA	6	2941	26	50	50	NA	0.884053043182591
8108_Gorai.004G178200.4_AdigSu_3	1032	1/1	0	3	NA	3	2941	26	0	100	NA	0.884053043182591
8108_Gorai.004G178200.4_AdigSu_3	1040	1/1	0	3	NA	3	2941	26	0	100	NA	0.884053043182591
8108_Gorai.004G178200.4_AdigSu_3	1166	1/1	0	4	NA	4	2941	26	0	100	NA	0.884053043182591
8108_Gorai.004G178200.4_AdigSu_3	1184	1/1	0	4	NA	4	2941	26	0	100	NA	0.884053043182591
8108_Gorai.004G178200.4_AdigSu_3	1199	1/1	0	5	NA	5	2941	26	0	100	NA	0.884053043182591
8108_Gorai.004G178200.4_AdigSu_3	1202	1/1	0	5	NA	5	2941	26	0	100	NA	0.884053043182591
8108_Gorai.004G178200.4_AdigSu_3	1222	1/1	0	5	NA	5	2941	26	0	100	NA	0.884053043182591
8108_Gorai.004G178200.4_AdigSu_3	2233	0/1	1	7	NA	8	2941	26	12	88	NA	0.884053043182591
8108_Gorai.004G178200.4_AdigSu_3	2241	0/1	1	7	NA	8	2941	26	12	88	NA	0.884053043182591
8313_Gorai.009G136600.1_AdigSu	108	0/1	5	2	NA	7	2794	2	71	29	NA	0.0715819613457409
8313_Gorai.009G136600.1_AdigSu	692	0/1	7	3	NA	10	2794	2	70	30	NA	0.0715819613457409
9156_Gorai.009G268200.2_P2_AdigSu	1008	1/1	1	24	NA	25	2374	24	4	96	NA	1.01095197978096
9156_Gorai.009G268200.2_P2_AdigSu	1132	0/1	4	7	NA	11	2374	24	36	64	NA	1.01095197978096
9156_Gorai.009G268200.2_P2_AdigSu	1165	0/1	2	11	NA	13	2374	24	15	85	NA	1.01095197978096
9156_Gorai.009G268200.2_P2_AdigSu	1271	1/1	0	22	NA	22	2374	24	0	100	NA	1.01095197978096
9156_Gorai.009G268200.2_P2_AdigSu	1280	1/1	0	22	NA	22	2374	24	0	100	NA	1.01095197978096
9156_Gorai.009G268200.2_P2_AdigSu	1333	1/1	0	20	NA	20	2374	24	0	100	NA	1.01095197978096
9156_Gorai.009G268200.2_P2_AdigSu	1337	1/1	0	21	NA	21	2374	24	0	100	NA	1.01095197978096
9156_Gorai.009G268200.2_P2_AdigSu	1401	0/1	20	4	NA	24	2374	24	83	17	NA	1.01095197978096
9156_Gorai.009G268200.2_P2_AdigSu	1488	1/1	16	58	NA	74	2374	24	22	78	NA	1.01095197978096
9156_Gorai.009G268200.2_P2_AdigSu	1489	1/1	16	58	NA	74	2374	24	22	78	NA	1.01095197978096
9156_Gorai.009G268200.2_P2_AdigSu	1500	1/1	16	61	NA	77	2374	24	21	79	NA	1.01095197978096
9156_Gorai.009G268200.2_P2_AdigSu	1512	1/1	16	58	NA	74	2374	24	22	78	NA	1.01095197978096
9156_Gorai.009G268200.2_P2_AdigSu	1524	1/1	15	59	NA	74	2374	24	20	80	NA	1.01095197978096
9156_Gorai.009G268200.2_P2_AdigSu	1692	1/1	5	80	NA	85	2374	24	6	94	NA	1.01095197978096
9156_Gorai.009G268200.2_P2_AdigSu	1707	1/1	9	75	NA	84	2374	24	11	89	NA	1.01095197978096
9156_Gorai.009G268200.2_P2_AdigSu	1794	1/1	21	42	NA	63	2374	24	33	67	NA	1.01095197978096
9156_Gorai.009G268200.2_P2_AdigSu	1824	0/1	22	28	NA	50	2374	24	44	56	NA	1.01095197978096
9156_Gorai.009G268200.2_P2_AdigSu	1842	0/1	22	17	NA	39	2374	24	56	44	NA	1.01095197978096
9156_Gorai.009G268200.2_P2_AdigSu	1851	0/1	22	15	NA	37	2374	24	59	41	NA	1.01095197978096
9156_Gorai.009G268200.2_P2_AdigSu	2046	1/1	0	12	NA	12	2374	24	0	100	NA	1.01095197978096
9156_Gorai.009G268200.2_P2_AdigSu	2253	1/1	5	21	NA	26	2374	24	19	81	NA	1.01095197978096
9156_Gorai.009G268200.2_P2_AdigSu	2264	1/1	2	18	NA	20	2374	24	10	90	NA	1.01095197978096
9156_Gorai.009G268200.2_P2_AdigSu	2280	1/1	2	15	NA	17	2374	24	12	88	NA	1.01095197978096
9156_Gorai.009G268200.2_P2_AdigSu	2315	1/1	2	9	NA	11	2374	24	18	82	NA	1.01095197978096
9156_Gorai.009G268200.2_P2_AdigSu_3	714	1/1	0	13	NA	13	2374	44	0	100	NA	1.85341196293176
9156_Gorai.009G268200.2_P2_AdigSu_3	784	1/1	2	11	NA	13	2374	44	15	85	NA	1.85341196293176
9156_Gorai.009G268200.2_P2_AdigSu_3	917	1/1	0	15	NA	15	2374	44	0	100	NA	1.85341196293176
9156_Gorai.009G268200.2_P2_AdigSu_3	931	1/1	0	15	NA	15	2374	44	0	100	NA	1.85341196293176
9156_Gorai.009G268200.2_P2_AdigSu_3	1008	1/1	1	16	NA	17	2374	44	6	94	NA	1.85341196293176
9156_Gorai.009G268200.2_P2_AdigSu_3	1032	1/1	5	8	NA	13	2374	44	38	62	NA	1.85341196293176
9156_Gorai.009G268200.2_P2_AdigSu_3	1069	0/1	10	4	NA	14	2374	44	71	29	NA	1.85341196293176
9156_Gorai.009G268200.2_P2_AdigSu_3	1073	0/1	11	4	NA	15	2374	44	73	27	NA	1.85341196293176
9156_Gorai.009G268200.2_P2_AdigSu_3	1077	0/1	12	3	NA	15	2374	44	80	20	NA	1.85341196293176
9156_Gorai.009G268200.2_P2_AdigSu_3	1086	0/1	13	3	NA	16	2374	44	81	19	NA	1.85341196293176
9156_Gorai.009G268200.2_P2_AdigSu_3	1092	0/1	14	3	NA	17	2374	44	82	18	NA	1.85341196293176
9156_Gorai.009G268200.2_P2_AdigSu_3	1165	1/1	0	15	NA	15	2374	44	0	100	NA	1.85341196293176
9156_Gorai.009G268200.2_P2_AdigSu_3	1173	1/1	0	10	NA	10	2374	44	0	100	NA	1.85341196293176
9156_Gorai.009G268200.2_P2_AdigSu_3	1177	1/1	0	10	NA	10	2374	44	0	100	NA	1.85341196293176
9156_Gorai.009G268200.2_P2_AdigSu_3	1188	1/1	0	10	NA	10	2374	44	0	100	NA	1.85341196293176
9156_Gorai.009G268200.2_P2_AdigSu_3	1192	1/1	0	10	NA	10	2374	44	0	100	NA	1.85341196293176
9156_Gorai.009G268200.2_P2_AdigSu_3	1195	1/1	0	10	NA	10	2374	44	0	100	NA	1.85341196293176
9156_Gorai.009G268200.2_P2_AdigSu_3	1197	1/1	0	10	NA	10	2374	44	0	100	NA	1.85341196293176
9156_Gorai.009G268200.2_P2_AdigSu_3	1198	1/1	0	10	NA	10	2374	44	0	100	NA	1.85341196293176
9156_Gorai.009G268200.2_P2_AdigSu_3	1204	1/1	0	10	NA	10	2374	44	0	100	NA	1.85341196293176
9156_Gorai.009G268200.2_P2_AdigSu_3	1206	1/1	0	10	NA	10	2374	44	0	100	NA	1.85341196293176
9156_Gorai.009G268200.2_P2_AdigSu_3	1214	1/1	0	22	NA	22	2374	44	0	100	NA	1.85341196293176
9156_Gorai.009G268200.2_P2_AdigSu_3	1271	1/1	8	22	NA	30	2374	44	27	73	NA	1.85341196293176
9156_Gorai.009G268200.2_P2_AdigSu_3	1280	1/1	8	22	NA	30	2374	44	27	73	NA	1.85341196293176
9156_Gorai.009G268200.2_P2_AdigSu_3	1396	1/1	0	19	NA	19	2374	44	0	100	NA	1.85341196293176
9156_Gorai.009G268200.2_P2_AdigSu_3	1401	1/1	0	19	NA	19	2374	44	0	100	NA	1.85341196293176
9156_Gorai.009G268200.2_P2_AdigSu_3	1488	1/1	4	33	NA	37	2374	44	11	89	NA	1.85341196293176
9156_Gorai.009G268200.2_P2_AdigSu_3	1489	1/1	4	33	NA	37	2374	44	11	89	NA	1.85341196293176
9156_Gorai.009G268200.2_P2_AdigSu_3	1500	1/1	6	36	NA	42	2374	44	14	86	NA	1.85341196293176
9156_Gorai.009G268200.2_P2_AdigSu_3	1512	1/1	6	40	NA	46	2374	44	13	87	NA	1.85341196293176
9156_Gorai.009G268200.2_P2_AdigSu_3	1524	1/1	6	44	NA	50	2374	44	12	88	NA	1.85341196293176
9156_Gorai.009G268200.2_P2_AdigSu_3	1692	1/1	4	68	NA	72	2374	44	6	94	NA	1.85341196293176
9156_Gorai.009G268200.2_P2_AdigSu_3	1707	1/1	5	63	NA	68	2374	44	7	93	NA	1.85341196293176
9156_Gorai.009G268200.2_P2_AdigSu_3	1794	0/1	29	35	NA	64	2374	44	45	55	NA	1.85341196293176
9156_Gorai.009G268200.2_P2_AdigSu_3	1803	0/1	32	30	NA	62	2374	44	52	48	NA	1.85341196293176
9156_Gorai.009G268200.2_P2_AdigSu_3	1824	0/1	33	28	NA	61	2374	44	54	46	NA	1.85341196293176
9156_Gorai.009G268200.2_P2_AdigSu_3	1842	0/1	36	22	NA	58	2374	44	62	38	NA	1.85341196293176
9156_Gorai.009G268200.2_P2_AdigSu_3	1851	0/1	37	21	NA	58	2374	44	64	36	NA	1.85341196293176
9156_Gorai.009G268200.2_P2_AdigSu_3	1863	0/1	37	16	NA	53	2374	44	70	30	NA	1.85341196293176
9156_Gorai.009G268200.2_P2_AdigSu_3	2037	1/1	0	31	NA	31	2374	44	0	100	NA	1.85341196293176
9156_Gorai.009G268200.2_P2_AdigSu_3	2253	1/1	3	20	NA	23	2374	44	13	87	NA	1.85341196293176
9156_Gorai.009G268200.2_P2_AdigSu_3	2264	1/1	4	16	NA	20	2374	44	20	80	NA	1.85341196293176
9156_Gorai.009G268200.2_P2_AdigSu_3	2280	1/1	4	14	NA	18	2374	44	22	78	NA	1.85341196293176
9156_Gorai.009G268200.2_P2_AdigSu_3	2324	0/1	4	12	NA	16	2374	44	25	75	NA	1.85341196293176
959_Gorai.001G017000.1_P2_AdigSu	754	1/1	0	3	NA	3	1319	4	0	100	NA	0.303260045489007
959_Gorai.001G017000.1_P2_AdigSu	763	1/1	0	3	NA	3	1319	4	0	100	NA	0.303260045489007
959_Gorai.001G017000.1_P2_AdigSu	775	1/1	0	3	NA	3	1319	4	0	100	NA	0.303260045489007
959_Gorai.001G017000.1_P2_AdigSu	783	1/1	0	3	NA	3	1319	4	0	100	NA	0.303260045489007
