allele	position	GT	ref.reads	alt1.reads	alt2.reads	total.reads	length	var_sites	perc_ref	perc_alt1	perc_alt2	perc_variant
10149_Gorai.006G244400.2_P2_AdigBF	1235	1/1	7	8	NA	15	1602	11	47	53	NA	0.686641697877653
10149_Gorai.006G244400.2_P2_AdigBF	1240	1/1	4	12	NA	16	1602	11	25	75	NA	0.686641697877653
10149_Gorai.006G244400.2_P2_AdigBF	1243	1/1	4	12	NA	16	1602	11	25	75	NA	0.686641697877653
10149_Gorai.006G244400.2_P2_AdigBF	1247	1/1	7	8	NA	15	1602	11	47	53	NA	0.686641697877653
10149_Gorai.006G244400.2_P2_AdigBF	1250	1/1	7	8	NA	15	1602	11	47	53	NA	0.686641697877653
10149_Gorai.006G244400.2_P2_AdigBF	1256	1/1	6	8	NA	14	1602	11	43	57	NA	0.686641697877653
10149_Gorai.006G244400.2_P2_AdigBF	1277	1/1	4	10	NA	14	1602	11	29	71	NA	0.686641697877653
10149_Gorai.006G244400.2_P2_AdigBF	1280	1/1	4	10	NA	14	1602	11	29	71	NA	0.686641697877653
10149_Gorai.006G244400.2_P2_AdigBF	1283	1/1	8	6	NA	14	1602	11	57	43	NA	0.686641697877653
10149_Gorai.006G244400.2_P2_AdigBF	1292	1/1	3	9	NA	12	1602	11	25	75	NA	0.686641697877653
10149_Gorai.006G244400.2_P2_AdigBF	1319	1/1	6	5	NA	11	1602	11	55	45	NA	0.686641697877653
1028_Gorai.013G094000.2_AdigBF	990	0/1	14	4	NA	18	1767	3	78	22	NA	0.169779286926995
1028_Gorai.013G094000.2_AdigBF	1033	0/1	17	5	NA	22	1767	3	77	23	NA	0.169779286926995
1028_Gorai.013G094000.2_AdigBF	1208	0/1	22	4	NA	26	1767	3	85	15	NA	0.169779286926995
10375_Gorai.003G120400.2_P2_AdigBF	415	0/1	6	4	NA	10	1648	3	60	40	NA	0.182038834951456
10375_Gorai.003G120400.2_P2_AdigBF	431	0/1	6	4	NA	10	1648	3	60	40	NA	0.182038834951456
10375_Gorai.003G120400.2_P2_AdigBF	458	0/1	6	4	NA	10	1648	3	60	40	NA	0.182038834951456
1089_Gorai.005G213100.2_AdigBF	203	0/1	12	3	NA	15	3568	10	80	20	NA	0.280269058295964
1089_Gorai.005G213100.2_AdigBF	207	0/1	12	3	NA	15	3568	10	80	20	NA	0.280269058295964
1089_Gorai.005G213100.2_AdigBF	278	0/1	11	3	NA	14	3568	10	79	21	NA	0.280269058295964
1089_Gorai.005G213100.2_AdigBF	558	0/1	10	3	NA	13	3568	10	77	23	NA	0.280269058295964
1089_Gorai.005G213100.2_AdigBF	669	0/1	9	3	NA	12	3568	10	75	25	NA	0.280269058295964
1089_Gorai.005G213100.2_AdigBF	1473	0/1	6	3	NA	9	3568	10	67	33	NA	0.280269058295964
1089_Gorai.005G213100.2_AdigBF	1494	0/1	6	4	NA	10	3568	10	60	40	NA	0.280269058295964
1089_Gorai.005G213100.2_AdigBF	3163	0/1	33	8	NA	41	3568	10	80	20	NA	0.280269058295964
1089_Gorai.005G213100.2_AdigBF	3221	0/1	30	10	NA	40	3568	10	75	25	NA	0.280269058295964
1089_Gorai.005G213100.2_AdigBF	3279	0/1	25	6	NA	31	3568	10	81	19	NA	0.280269058295964
11201_Gorai.009G235000.3_AdigBF	569	1/1	17	7	NA	24	1088	1	71	29	NA	0.0919117647058824
11217_Gorai.002G050300.2_P1_AdigBF	386	0/1	3	2	NA	5	1365	10	60	40	NA	0.732600732600733
11217_Gorai.002G050300.2_P1_AdigBF	1054	0/1	5	2	NA	7	1365	10	71	29	NA	0.732600732600733
11217_Gorai.002G050300.2_P1_AdigBF	1099	0/1	5	3	NA	8	1365	10	62	38	NA	0.732600732600733
11217_Gorai.002G050300.2_P1_AdigBF	1129	0/1	5	4	NA	9	1365	10	56	44	NA	0.732600732600733
11217_Gorai.002G050300.2_P1_AdigBF	1135	0/1	6	4	NA	10	1365	10	60	40	NA	0.732600732600733
11217_Gorai.002G050300.2_P1_AdigBF	1141	0/1	7	4	NA	11	1365	10	64	36	NA	0.732600732600733
11217_Gorai.002G050300.2_P1_AdigBF	1198	0/1	8	4	NA	12	1365	10	67	33	NA	0.732600732600733
11217_Gorai.002G050300.2_P1_AdigBF	1222	0/1	8	4	NA	12	1365	10	67	33	NA	0.732600732600733
11217_Gorai.002G050300.2_P1_AdigBF	1231	0/1	8	4	NA	12	1365	10	67	33	NA	0.732600732600733
11217_Gorai.002G050300.2_P1_AdigBF	1234	0/1	8	4	NA	12	1365	10	67	33	NA	0.732600732600733
11382_Gorai.009G038200.1_AdigBF	701	0/1	5	2	NA	7	2362	2	71	29	NA	0.0846740050804403
11382_Gorai.009G038200.1_AdigBF	1667	0/1	11	3	NA	14	2362	2	79	21	NA	0.0846740050804403
11426_Gorai.011G126700.1_AdigBF_3	1413	1/1	5	13	NA	18	1706	1	28	72	NA	0.0586166471277843
1189_Gorai.008G016300.1_P1_AdigBF	590	1/1	0	28	NA	28	3823	8	0	100	NA	0.209259743656814
1189_Gorai.008G016300.1_P1_AdigBF	626	1/1	0	26	NA	26	3823	8	0	100	NA	0.209259743656814
1189_Gorai.008G016300.1_P1_AdigBF	1094	1/1	0	4	NA	4	3823	8	0	100	NA	0.209259743656814
1189_Gorai.008G016300.1_P1_AdigBF	1106	1/1	0	4	NA	4	3823	8	0	100	NA	0.209259743656814
1189_Gorai.008G016300.1_P1_AdigBF	1133	1/1	0	4	NA	4	3823	8	0	100	NA	0.209259743656814
1189_Gorai.008G016300.1_P1_AdigBF	1241	1/1	0	6	NA	6	3823	8	0	100	NA	0.209259743656814
1189_Gorai.008G016300.1_P1_AdigBF	1253	1/1	0	6	NA	6	3823	8	0	100	NA	0.209259743656814
1189_Gorai.008G016300.1_P1_AdigBF	2660	1/1	4	9	NA	13	3823	8	31	69	NA	0.209259743656814
1189_Gorai.008G016300.1_P2_AdigBF	3140	0/1	21	19	NA	40	3820	2	52	48	NA	0.0523560209424084
1189_Gorai.008G016300.1_P2_AdigBF	3281	0/1	22	14	NA	36	3820	2	61	39	NA	0.0523560209424084
12182_Gorai.001G115500.2_AdigBF	1148	0/1	19	7	NA	26	2411	2	73	27	NA	0.0829531314807134
12182_Gorai.001G115500.2_AdigBF	1684	0/1	7	3	NA	10	2411	2	70	30	NA	0.0829531314807134
123_Gorai.011G217300.1_AdigBF_3	4785	1/1	3	16	NA	19	6696	1	16	84	NA	0.0149342891278375
1316_Gorai.010G255400.1_AdigBF	1605	0/1	6	2	NA	8	6082	3	75	25	NA	0.0493258796448537
1316_Gorai.010G255400.1_AdigBF	2896	0/1	5	5	NA	10	6082	3	50	50	NA	0.0493258796448537
1316_Gorai.010G255400.1_AdigBF	3316	1/1	0	7	NA	7	6082	3	0	100	NA	0.0493258796448537
13692_Gorai.005G223700.2_P2_AdigBF	380	0/1	9	3	NA	12	1345	9	75	25	NA	0.669144981412639
13692_Gorai.005G223700.2_P2_AdigBF	446	0/1	12	3	NA	15	1345	9	80	20	NA	0.669144981412639
13692_Gorai.005G223700.2_P2_AdigBF	455	0/1	13	3	NA	16	1345	9	81	19	NA	0.669144981412639
13692_Gorai.005G223700.2_P2_AdigBF	492	0/1	12	3	NA	15	1345	9	80	20	NA	0.669144981412639
13692_Gorai.005G223700.2_P2_AdigBF	497	0/1	12	3	NA	15	1345	9	80	20	NA	0.669144981412639
13692_Gorai.005G223700.2_P2_AdigBF	510	0/1	12	3	NA	15	1345	9	80	20	NA	0.669144981412639
13692_Gorai.005G223700.2_P2_AdigBF	521	0/1	10	3	NA	13	1345	9	77	23	NA	0.669144981412639
13692_Gorai.005G223700.2_P2_AdigBF	528	0/1	9	3	NA	12	1345	9	75	25	NA	0.669144981412639
13692_Gorai.005G223700.2_P2_AdigBF	533	0/1	8	3	NA	11	1345	9	73	27	NA	0.669144981412639
1413_Gorai.001G037900.1_P2_AdigBF	1760	1/1	4	8	NA	12	3048	14	33	67	NA	0.459317585301837
1413_Gorai.001G037900.1_P2_AdigBF	1823	1/1	0	17	NA	17	3048	14	0	100	NA	0.459317585301837
1413_Gorai.001G037900.1_P2_AdigBF	1882	1/1	0	24	NA	24	3048	14	0	100	NA	0.459317585301837
1413_Gorai.001G037900.1_P2_AdigBF	2216	1/1	0	5	NA	5	3048	14	0	100	NA	0.459317585301837
1413_Gorai.001G037900.1_P2_AdigBF	2221	1/1	0	5	NA	5	3048	14	0	100	NA	0.459317585301837
1413_Gorai.001G037900.1_P2_AdigBF	2223	1/1	0	5	NA	5	3048	14	0	100	NA	0.459317585301837
1413_Gorai.001G037900.1_P2_AdigBF	2225	1/1	0	5	NA	5	3048	14	0	100	NA	0.459317585301837
1413_Gorai.001G037900.1_P2_AdigBF	2233	1/1	0	9	NA	9	3048	14	0	100	NA	0.459317585301837
1413_Gorai.001G037900.1_P2_AdigBF	2238	1/1	0	10	NA	10	3048	14	0	100	NA	0.459317585301837
1413_Gorai.001G037900.1_P2_AdigBF	2275	1/1	0	11	NA	11	3048	14	0	100	NA	0.459317585301837
1413_Gorai.001G037900.1_P2_AdigBF	2282	1/1	0	12	NA	12	3048	14	0	100	NA	0.459317585301837
1413_Gorai.001G037900.1_P2_AdigBF	2288	1/1	0	11	NA	11	3048	14	0	100	NA	0.459317585301837
1413_Gorai.001G037900.1_P2_AdigBF	2360	1/1	0	15	NA	15	3048	14	0	100	NA	0.459317585301837
1413_Gorai.001G037900.1_P2_AdigBF	2366	1/2	0	4	11	15	3048	14	0	27	73	0.459317585301837
1413_Gorai.001G037900.1_P2_AdigBF_3	1823	1/1	0	16	NA	16	3048	21	0	100	NA	0.688976377952756
1413_Gorai.001G037900.1_P2_AdigBF_3	1850	0/1	14	8	NA	22	3048	21	64	36	NA	0.688976377952756
1413_Gorai.001G037900.1_P2_AdigBF_3	1882	1/1	2	19	NA	21	3048	21	10	90	NA	0.688976377952756
1413_Gorai.001G037900.1_P2_AdigBF_3	1902	0/1	9	11	NA	20	3048	21	45	55	NA	0.688976377952756
1413_Gorai.001G037900.1_P2_AdigBF_3	1936	1/1	4	14	NA	18	3048	21	22	78	NA	0.688976377952756
1413_Gorai.001G037900.1_P2_AdigBF_3	1953	1/1	4	14	NA	18	3048	21	22	78	NA	0.688976377952756
1413_Gorai.001G037900.1_P2_AdigBF_3	1965	1/1	4	13	NA	17	3048	21	24	76	NA	0.688976377952756
1413_Gorai.001G037900.1_P2_AdigBF_3	2146	0/1	4	8	NA	12	3048	21	33	67	NA	0.688976377952756
1413_Gorai.001G037900.1_P2_AdigBF_3	2275	1/1	0	17	NA	17	3048	21	0	100	NA	0.688976377952756
1413_Gorai.001G037900.1_P2_AdigBF_3	2282	1/1	0	17	NA	17	3048	21	0	100	NA	0.688976377952756
1413_Gorai.001G037900.1_P2_AdigBF_3	2288	1/1	0	18	NA	18	3048	21	0	100	NA	0.688976377952756
1413_Gorai.001G037900.1_P2_AdigBF_3	2360	1/1	0	16	NA	16	3048	21	0	100	NA	0.688976377952756
1413_Gorai.001G037900.1_P2_AdigBF_3	2366	0/1	3	13	NA	16	3048	21	19	81	NA	0.688976377952756
1413_Gorai.001G037900.1_P2_AdigBF_3	2408	0/1	3	7	NA	10	3048	21	30	70	NA	0.688976377952756
1413_Gorai.001G037900.1_P2_AdigBF_3	2432	1/1	3	8	NA	11	3048	21	27	73	NA	0.688976377952756
1413_Gorai.001G037900.1_P2_AdigBF_3	2459	1/1	5	2	NA	7	3048	21	71	29	NA	0.688976377952756
1413_Gorai.001G037900.1_P2_AdigBF_3	2469	1/1	6	2	NA	8	3048	21	75	25	NA	0.688976377952756
1413_Gorai.001G037900.1_P2_AdigBF_3	2471	1/1	6	2	NA	8	3048	21	75	25	NA	0.688976377952756
1413_Gorai.001G037900.1_P2_AdigBF_3	2477	1/1	6	2	NA	8	3048	21	75	25	NA	0.688976377952756
1413_Gorai.001G037900.1_P2_AdigBF_3	2482	1/1	6	2	NA	8	3048	21	75	25	NA	0.688976377952756
1413_Gorai.001G037900.1_P2_AdigBF_3	2486	1/1	6	2	NA	8	3048	21	75	25	NA	0.688976377952756
14421_Gorai.012G106000.2_AdigBF	603	1/1	0	5	NA	5	1567	12	0	100	NA	0.765794511805999
14421_Gorai.012G106000.2_AdigBF	653	1/1	0	4	NA	4	1567	12	0	100	NA	0.765794511805999
14421_Gorai.012G106000.2_AdigBF	656	1/1	0	4	NA	4	1567	12	0	100	NA	0.765794511805999
14421_Gorai.012G106000.2_AdigBF	657	1/1	0	4	NA	4	1567	12	0	100	NA	0.765794511805999
14421_Gorai.012G106000.2_AdigBF	660	1/1	0	4	NA	4	1567	12	0	100	NA	0.765794511805999
14421_Gorai.012G106000.2_AdigBF	663	1/1	0	4	NA	4	1567	12	0	100	NA	0.765794511805999
14421_Gorai.012G106000.2_AdigBF	672	1/1	0	4	NA	4	1567	12	0	100	NA	0.765794511805999
14421_Gorai.012G106000.2_AdigBF	693	1/1	0	3	NA	3	1567	12	0	100	NA	0.765794511805999
14421_Gorai.012G106000.2_AdigBF	743	1/1	0	8	NA	8	1567	12	0	100	NA	0.765794511805999
14421_Gorai.012G106000.2_AdigBF	750	1/1	0	8	NA	8	1567	12	0	100	NA	0.765794511805999
14421_Gorai.012G106000.2_AdigBF	753	1/1	0	8	NA	8	1567	12	0	100	NA	0.765794511805999
14421_Gorai.012G106000.2_AdigBF	762	1/1	0	9	NA	9	1567	12	0	100	NA	0.765794511805999
14421_Gorai.012G106000.2_AdigBF_3	579	1/1	0	6	NA	6	1567	19	0	100	NA	1.21250797702616
14421_Gorai.012G106000.2_AdigBF_3	603	1/1	0	8	NA	8	1567	19	0	100	NA	1.21250797702616
14421_Gorai.012G106000.2_AdigBF_3	648	0/1	3	2	NA	5	1567	19	60	40	NA	1.21250797702616
14421_Gorai.012G106000.2_AdigBF_3	651	1/1	0	5	NA	5	1567	19	0	100	NA	1.21250797702616
14421_Gorai.012G106000.2_AdigBF_3	669	0/1	1	7	NA	8	1567	19	12	88	NA	1.21250797702616
14421_Gorai.012G106000.2_AdigBF_3	693	0/1	1	6	NA	7	1567	19	14	86	NA	1.21250797702616
14421_Gorai.012G106000.2_AdigBF_3	702	1/1	0	6	NA	6	1567	19	0	100	NA	1.21250797702616
14421_Gorai.012G106000.2_AdigBF_3	708	0/1	1	4	NA	5	1567	19	20	80	NA	1.21250797702616
14421_Gorai.012G106000.2_AdigBF_3	710	0/1	1	4	NA	5	1567	19	20	80	NA	1.21250797702616
14421_Gorai.012G106000.2_AdigBF_3	717	1/1	0	4	NA	4	1567	19	0	100	NA	1.21250797702616
14421_Gorai.012G106000.2_AdigBF_3	720	1/1	0	4	NA	4	1567	19	0	100	NA	1.21250797702616
14421_Gorai.012G106000.2_AdigBF_3	723	0/1	1	3	NA	4	1567	19	25	75	NA	1.21250797702616
14421_Gorai.012G106000.2_AdigBF_3	726	1/1	0	4	NA	4	1567	19	0	100	NA	1.21250797702616
14421_Gorai.012G106000.2_AdigBF_3	729	1/1	0	4	NA	4	1567	19	0	100	NA	1.21250797702616
14421_Gorai.012G106000.2_AdigBF_3	732	1/1	0	4	NA	4	1567	19	0	100	NA	1.21250797702616
14421_Gorai.012G106000.2_AdigBF_3	743	0/1	1	6	NA	7	1567	19	14	86	NA	1.21250797702616
14421_Gorai.012G106000.2_AdigBF_3	750	1/1	0	7	NA	7	1567	19	0	100	NA	1.21250797702616
14421_Gorai.012G106000.2_AdigBF_3	753	1/1	0	6	NA	6	1567	19	0	100	NA	1.21250797702616
14421_Gorai.012G106000.2_AdigBF_3	762	1/1	0	6	NA	6	1567	19	0	100	NA	1.21250797702616
14654_Gorai.005G220300.2_AdigBF	502	0/1	8	4	NA	12	3482	10	67	33	NA	0.287191269385411
14654_Gorai.005G220300.2_AdigBF	515	0/1	8	4	NA	12	3482	10	67	33	NA	0.287191269385411
14654_Gorai.005G220300.2_AdigBF	655	0/1	11	3	NA	14	3482	10	79	21	NA	0.287191269385411
14654_Gorai.005G220300.2_AdigBF	695	0/1	16	3	NA	19	3482	10	84	16	NA	0.287191269385411
14654_Gorai.005G220300.2_AdigBF	872	0/1	16	4	NA	20	3482	10	80	20	NA	0.287191269385411
14654_Gorai.005G220300.2_AdigBF	877	0/1	16	3	NA	19	3482	10	84	16	NA	0.287191269385411
14654_Gorai.005G220300.2_AdigBF	946	0/1	9	3	NA	12	3482	10	75	25	NA	0.287191269385411
14654_Gorai.005G220300.2_AdigBF	2324	0/1	5	2	NA	7	3482	10	71	29	NA	0.287191269385411
14654_Gorai.005G220300.2_AdigBF	2330	0/1	5	2	NA	7	3482	10	71	29	NA	0.287191269385411
14654_Gorai.005G220300.2_AdigBF	3360	0/1	5	2	NA	7	3482	10	71	29	NA	0.287191269385411
15643_Gorai.009G023100.1_AdigBF	315	0/1	30	9	NA	39	2682	8	77	23	NA	0.298284862043251
15643_Gorai.009G023100.1_AdigBF	327	0/1	27	12	NA	39	2682	8	69	31	NA	0.298284862043251
15643_Gorai.009G023100.1_AdigBF	393	0/1	18	9	NA	27	2682	8	67	33	NA	0.298284862043251
15643_Gorai.009G023100.1_AdigBF	401	0/1	18	7	NA	25	2682	8	72	28	NA	0.298284862043251
15643_Gorai.009G023100.1_AdigBF	403	0/1	17	8	NA	25	2682	8	68	32	NA	0.298284862043251
15643_Gorai.009G023100.1_AdigBF	462	0/1	7	5	NA	12	2682	8	58	42	NA	0.298284862043251
15643_Gorai.009G023100.1_AdigBF	467	0/1	7	5	NA	12	2682	8	58	42	NA	0.298284862043251
15643_Gorai.009G023100.1_AdigBF	1418	0/1	5	2	NA	7	2682	8	71	29	NA	0.298284862043251
15967_Gorai.009G226900.2_P2_AdigBF	1724	1/1	0	8	NA	8	1899	1	0	100	NA	0.0526592943654555
15967_Gorai.009G226900.2_P2_AdigBF_3	1724	1/1	2	8	NA	10	1899	1	20	80	NA	0.0526592943654555
1609_Gorai.007G247300.1_P1_AdigBF	1999	1/1	0	13	NA	13	2572	3	0	100	NA	0.116640746500778
1609_Gorai.007G247300.1_P1_AdigBF	2044	1/1	0	9	NA	9	2572	3	0	100	NA	0.116640746500778
1609_Gorai.007G247300.1_P1_AdigBF	2299	1/1	0	3	NA	3	2572	3	0	100	NA	0.116640746500778
1609_Gorai.007G247300.1_P1_AdigBF_3	1885	1/1	4	7	NA	11	2572	3	36	64	NA	0.116640746500778
1609_Gorai.007G247300.1_P1_AdigBF_3	1999	1/1	0	7	NA	7	2572	3	0	100	NA	0.116640746500778
1609_Gorai.007G247300.1_P1_AdigBF_3	2044	1/1	0	8	NA	8	2572	3	0	100	NA	0.116640746500778
17013_Gorai.009G050600.1_AdigBF	2367	0/1	11	4	NA	15	2431	1	73	27	NA	0.0411353352529823
180_Gorai.004G293400.1_AdigBF	2669	1/1	5	3	NA	8	6842	37	62	38	NA	0.540777550423853
180_Gorai.004G293400.1_AdigBF	2670	1/1	5	3	NA	8	6842	37	62	38	NA	0.540777550423853
180_Gorai.004G293400.1_AdigBF	2674	1/1	5	3	NA	8	6842	37	62	38	NA	0.540777550423853
180_Gorai.004G293400.1_AdigBF	2679	1/1	5	3	NA	8	6842	37	62	38	NA	0.540777550423853
180_Gorai.004G293400.1_AdigBF	2686	1/1	4	3	NA	7	6842	37	57	43	NA	0.540777550423853
180_Gorai.004G293400.1_AdigBF	2699	1/1	5	4	NA	9	6842	37	56	44	NA	0.540777550423853
180_Gorai.004G293400.1_AdigBF	2702	1/1	5	4	NA	9	6842	37	56	44	NA	0.540777550423853
180_Gorai.004G293400.1_AdigBF	2727	1/1	5	4	NA	9	6842	37	56	44	NA	0.540777550423853
180_Gorai.004G293400.1_AdigBF	2735	1/1	5	4	NA	9	6842	37	56	44	NA	0.540777550423853
180_Gorai.004G293400.1_AdigBF	2751	1/1	4	4	NA	8	6842	37	50	50	NA	0.540777550423853
180_Gorai.004G293400.1_AdigBF	2756	0/1	6	2	NA	8	6842	37	75	25	NA	0.540777550423853
180_Gorai.004G293400.1_AdigBF	2757	0/1	6	2	NA	8	6842	37	75	25	NA	0.540777550423853
180_Gorai.004G293400.1_AdigBF	2780	1/1	4	2	NA	6	6842	37	67	33	NA	0.540777550423853
180_Gorai.004G293400.1_AdigBF	2781	0/1	6	2	NA	8	6842	37	75	25	NA	0.540777550423853
180_Gorai.004G293400.1_AdigBF	2782	0/1	6	2	NA	8	6842	37	75	25	NA	0.540777550423853
180_Gorai.004G293400.1_AdigBF	2799	1/1	4	4	NA	8	6842	37	50	50	NA	0.540777550423853
180_Gorai.004G293400.1_AdigBF	2812	1/1	4	3	NA	7	6842	37	57	43	NA	0.540777550423853
180_Gorai.004G293400.1_AdigBF	2906	1/1	1	2	NA	3	6842	37	33	67	NA	0.540777550423853
180_Gorai.004G293400.1_AdigBF	2910	1/1	1	3	NA	4	6842	37	25	75	NA	0.540777550423853
180_Gorai.004G293400.1_AdigBF	2989	1/1	0	4	NA	4	6842	37	0	100	NA	0.540777550423853
180_Gorai.004G293400.1_AdigBF	2990	1/1	0	4	NA	4	6842	37	0	100	NA	0.540777550423853
180_Gorai.004G293400.1_AdigBF	2997	1/1	0	4	NA	4	6842	37	0	100	NA	0.540777550423853
180_Gorai.004G293400.1_AdigBF	3017	1/1	1	4	NA	5	6842	37	20	80	NA	0.540777550423853
180_Gorai.004G293400.1_AdigBF	3023	1/1	1	4	NA	5	6842	37	20	80	NA	0.540777550423853
180_Gorai.004G293400.1_AdigBF	3026	1/1	1	4	NA	5	6842	37	20	80	NA	0.540777550423853
180_Gorai.004G293400.1_AdigBF	3043	1/1	1	4	NA	5	6842	37	20	80	NA	0.540777550423853
180_Gorai.004G293400.1_AdigBF	3047	1/1	1	4	NA	5	6842	37	20	80	NA	0.540777550423853
180_Gorai.004G293400.1_AdigBF	3057	1/1	1	4	NA	5	6842	37	20	80	NA	0.540777550423853
180_Gorai.004G293400.1_AdigBF	3059	1/1	1	4	NA	5	6842	37	20	80	NA	0.540777550423853
180_Gorai.004G293400.1_AdigBF	6600	0/1	16	24	NA	40	6842	37	40	60	NA	0.540777550423853
180_Gorai.004G293400.1_AdigBF	6614	0/1	47	11	NA	58	6842	37	81	19	NA	0.540777550423853
180_Gorai.004G293400.1_AdigBF	6627	0/1	42	22	NA	64	6842	37	66	34	NA	0.540777550423853
180_Gorai.004G293400.1_AdigBF	6630	0/1	43	23	NA	66	6842	37	65	35	NA	0.540777550423853
180_Gorai.004G293400.1_AdigBF	6642	0/1	38	21	NA	59	6842	37	64	36	NA	0.540777550423853
180_Gorai.004G293400.1_AdigBF	6654	0/1	18	29	NA	47	6842	37	38	62	NA	0.540777550423853
180_Gorai.004G293400.1_AdigBF	6664	0/1	15	20	NA	35	6842	37	43	57	NA	0.540777550423853
180_Gorai.004G293400.1_AdigBF	6721	1/1	0	4	NA	4	6842	37	0	100	NA	0.540777550423853
18105_Gorai.008G211000.1_P1_AdigBF	340	0/1	10	3	NA	13	1232	5	77	23	NA	0.405844155844156
18105_Gorai.008G211000.1_P1_AdigBF	352	0/1	10	3	NA	13	1232	5	77	23	NA	0.405844155844156
18105_Gorai.008G211000.1_P1_AdigBF	469	0/1	7	3	NA	10	1232	5	70	30	NA	0.405844155844156
18105_Gorai.008G211000.1_P1_AdigBF	1019	0/1	6	2	NA	8	1232	5	75	25	NA	0.405844155844156
18105_Gorai.008G211000.1_P1_AdigBF	1022	0/1	6	2	NA	8	1232	5	75	25	NA	0.405844155844156
1845_Gorai.010G178200.3_AdigBF	328	1/1	1	10	NA	11	822	9	9	91	NA	1.09489051094891
1845_Gorai.010G178200.3_AdigBF	358	1/1	0	12	NA	12	822	9	0	100	NA	1.09489051094891
1845_Gorai.010G178200.3_AdigBF	361	1/1	0	12	NA	12	822	9	0	100	NA	1.09489051094891
1845_Gorai.010G178200.3_AdigBF	365	1/1	0	12	NA	12	822	9	0	100	NA	1.09489051094891
1845_Gorai.010G178200.3_AdigBF	389	0/1	5	7	NA	12	822	9	42	58	NA	1.09489051094891
1845_Gorai.010G178200.3_AdigBF	413	0/1	4	7	NA	11	822	9	36	64	NA	1.09489051094891
1845_Gorai.010G178200.3_AdigBF	522	0/1	3	8	NA	11	822	9	27	73	NA	1.09489051094891
1845_Gorai.010G178200.3_AdigBF	531	0/1	3	9	NA	12	822	9	25	75	NA	1.09489051094891
1845_Gorai.010G178200.3_AdigBF	544	1/1	2	9	NA	11	822	9	18	82	NA	1.09489051094891
1845_Gorai.010G178200.3_AdigBF_3	328	1/1	5	8	NA	13	822	15	38	62	NA	1.82481751824818
1845_Gorai.010G178200.3_AdigBF_3	358	1/1	0	9	NA	9	822	15	0	100	NA	1.82481751824818
1845_Gorai.010G178200.3_AdigBF_3	361	1/1	0	9	NA	9	822	15	0	100	NA	1.82481751824818
1845_Gorai.010G178200.3_AdigBF_3	365	1/1	1	9	NA	10	822	15	10	90	NA	1.82481751824818
1845_Gorai.010G178200.3_AdigBF_3	413	1/1	2	11	NA	13	822	15	15	85	NA	1.82481751824818
1845_Gorai.010G178200.3_AdigBF_3	431	0/1	6	6	NA	12	822	15	50	50	NA	1.82481751824818
1845_Gorai.010G178200.3_AdigBF_3	446	0/1	9	4	NA	13	822	15	69	31	NA	1.82481751824818
1845_Gorai.010G178200.3_AdigBF_3	459	0/1	3	10	NA	13	822	15	23	77	NA	1.82481751824818
1845_Gorai.010G178200.3_AdigBF_3	475	0/1	9	4	NA	13	822	15	69	31	NA	1.82481751824818
1845_Gorai.010G178200.3_AdigBF_3	524	0/1	5	7	NA	12	822	15	42	58	NA	1.82481751824818
1845_Gorai.010G178200.3_AdigBF_3	541	0/1	5	4	NA	9	822	15	56	44	NA	1.82481751824818
1845_Gorai.010G178200.3_AdigBF_3	542	0/1	5	4	NA	9	822	15	56	44	NA	1.82481751824818
1845_Gorai.010G178200.3_AdigBF_3	548	0/1	5	4	NA	9	822	15	56	44	NA	1.82481751824818
1845_Gorai.010G178200.3_AdigBF_3	550	0/1	5	4	NA	9	822	15	56	44	NA	1.82481751824818
1845_Gorai.010G178200.3_AdigBF_3	557	0/1	5	4	NA	9	822	15	56	44	NA	1.82481751824818
18825_Gorai.004G127500.3_AdigBF	48	0/1	3	2	NA	5	1259	19	60	40	NA	1.50913423351867
18825_Gorai.004G127500.3_AdigBF	78	0/1	2	7	NA	9	1259	19	22	78	NA	1.50913423351867
18825_Gorai.004G127500.3_AdigBF	87	0/1	2	5	NA	7	1259	19	29	71	NA	1.50913423351867
18825_Gorai.004G127500.3_AdigBF	210	0/1	1	8	NA	9	1259	19	11	89	NA	1.50913423351867
18825_Gorai.004G127500.3_AdigBF	222	0/1	1	9	NA	10	1259	19	10	90	NA	1.50913423351867
18825_Gorai.004G127500.3_AdigBF	273	0/1	1	8	NA	9	1259	19	11	89	NA	1.50913423351867
18825_Gorai.004G127500.3_AdigBF	338	1/1	0	8	NA	8	1259	19	0	100	NA	1.50913423351867
18825_Gorai.004G127500.3_AdigBF	384	0/1	6	4	NA	10	1259	19	60	40	NA	1.50913423351867
18825_Gorai.004G127500.3_AdigBF	453	0/1	7	5	NA	12	1259	19	58	42	NA	1.50913423351867
18825_Gorai.004G127500.3_AdigBF	465	1/1	4	10	NA	14	1259	19	29	71	NA	1.50913423351867
18825_Gorai.004G127500.3_AdigBF	480	1/1	5	10	NA	15	1259	19	33	67	NA	1.50913423351867
18825_Gorai.004G127500.3_AdigBF	492	1/1	5	9	NA	14	1259	19	36	64	NA	1.50913423351867
18825_Gorai.004G127500.3_AdigBF	510	1/1	6	9	NA	15	1259	19	40	60	NA	1.50913423351867
18825_Gorai.004G127500.3_AdigBF	521	1/1	5	10	NA	15	1259	19	33	67	NA	1.50913423351867
18825_Gorai.004G127500.3_AdigBF	525	1/1	6	9	NA	15	1259	19	40	60	NA	1.50913423351867
18825_Gorai.004G127500.3_AdigBF	537	1/1	5	8	NA	13	1259	19	38	62	NA	1.50913423351867
18825_Gorai.004G127500.3_AdigBF	552	1/1	5	8	NA	13	1259	19	38	62	NA	1.50913423351867
18825_Gorai.004G127500.3_AdigBF	588	1/1	5	9	NA	14	1259	19	36	64	NA	1.50913423351867
18825_Gorai.004G127500.3_AdigBF	591	1/1	5	8	NA	13	1259	19	38	62	NA	1.50913423351867
18825_Gorai.004G127500.3_AdigBF_3	78	1/1	0	7	NA	7	1259	8	0	100	NA	0.635424940428912
18825_Gorai.004G127500.3_AdigBF_3	338	1/1	0	9	NA	9	1259	8	0	100	NA	0.635424940428912
18825_Gorai.004G127500.3_AdigBF_3	480	1/1	1	18	NA	19	1259	8	5	95	NA	0.635424940428912
18825_Gorai.004G127500.3_AdigBF_3	642	0/1	4	9	NA	13	1259	8	31	69	NA	0.635424940428912
18825_Gorai.004G127500.3_AdigBF_3	648	1/1	1	12	NA	13	1259	8	8	92	NA	0.635424940428912
18825_Gorai.004G127500.3_AdigBF_3	784	1/1	12	4	NA	16	1259	8	75	25	NA	0.635424940428912
18825_Gorai.004G127500.3_AdigBF_3	811	1/1	15	3	NA	18	1259	8	83	17	NA	0.635424940428912
18825_Gorai.004G127500.3_AdigBF_3	822	1/1	15	2	NA	17	1259	8	88	12	NA	0.635424940428912
18966_Gorai.006G049000.1_P1_AdigBF	697	0/1	14	5	NA	19	1705	35	74	26	NA	2.05278592375367
18966_Gorai.006G049000.1_P1_AdigBF	716	0/1	18	5	NA	23	1705	35	78	22	NA	2.05278592375367
18966_Gorai.006G049000.1_P1_AdigBF	748	0/1	20	11	NA	31	1705	35	65	35	NA	2.05278592375367
18966_Gorai.006G049000.1_P1_AdigBF	749	0/1	26	5	NA	31	1705	35	84	16	NA	2.05278592375367
18966_Gorai.006G049000.1_P1_AdigBF	753	0/1	28	5	NA	33	1705	35	85	15	NA	2.05278592375367
18966_Gorai.006G049000.1_P1_AdigBF	754	0/1	27	5	NA	32	1705	35	84	16	NA	2.05278592375367
18966_Gorai.006G049000.1_P1_AdigBF	760	0/1	15	19	NA	34	1705	35	44	56	NA	2.05278592375367
18966_Gorai.006G049000.1_P1_AdigBF	769	0/1	21	10	NA	31	1705	35	68	32	NA	2.05278592375367
18966_Gorai.006G049000.1_P1_AdigBF	781	0/1	21	19	NA	40	1705	35	52	48	NA	2.05278592375367
18966_Gorai.006G049000.1_P1_AdigBF	790	0/1	22	18	NA	40	1705	35	55	45	NA	2.05278592375367
18966_Gorai.006G049000.1_P1_AdigBF	826	0/1	24	19	NA	43	1705	35	56	44	NA	2.05278592375367
18966_Gorai.006G049000.1_P1_AdigBF	874	0/1	13	42	NA	55	1705	35	24	76	NA	2.05278592375367
18966_Gorai.006G049000.1_P1_AdigBF	904	1/1	4	14	NA	18	1705	35	22	78	NA	2.05278592375367
18966_Gorai.006G049000.1_P1_AdigBF	1007	0/1	25	26	NA	51	1705	35	49	51	NA	2.05278592375367
18966_Gorai.006G049000.1_P1_AdigBF	1018	0/1	26	31	NA	57	1705	35	46	54	NA	2.05278592375367
18966_Gorai.006G049000.1_P1_AdigBF	1020	0/1	32	27	NA	59	1705	35	54	46	NA	2.05278592375367
18966_Gorai.006G049000.1_P1_AdigBF	1023	0/1	28	32	NA	60	1705	35	47	53	NA	2.05278592375367
18966_Gorai.006G049000.1_P1_AdigBF	1035	0/1	46	32	NA	78	1705	35	59	41	NA	2.05278592375367
18966_Gorai.006G049000.1_P1_AdigBF	1045	0/1	51	36	NA	87	1705	35	59	41	NA	2.05278592375367
18966_Gorai.006G049000.1_P1_AdigBF	1049	0/1	52	40	NA	92	1705	35	57	43	NA	2.05278592375367
18966_Gorai.006G049000.1_P1_AdigBF	1099	1/1	14	95	NA	109	1705	35	13	87	NA	2.05278592375367
18966_Gorai.006G049000.1_P1_AdigBF	1105	0/1	76	32	NA	108	1705	35	70	30	NA	2.05278592375367
18966_Gorai.006G049000.1_P1_AdigBF	1111	0/1	69	45	NA	114	1705	35	61	39	NA	2.05278592375367
18966_Gorai.006G049000.1_P1_AdigBF	1117	0/1	73	39	NA	112	1705	35	65	35	NA	2.05278592375367
18966_Gorai.006G049000.1_P1_AdigBF	1357	1/1	65	74	NA	139	1705	35	47	53	NA	2.05278592375367
18966_Gorai.006G049000.1_P1_AdigBF	1369	1/1	48	94	NA	142	1705	35	34	66	NA	2.05278592375367
18966_Gorai.006G049000.1_P1_AdigBF	1390	1/1	46	98	NA	144	1705	35	32	68	NA	2.05278592375367
18966_Gorai.006G049000.1_P1_AdigBF	1489	0/1	98	28	NA	126	1705	35	78	22	NA	2.05278592375367
18966_Gorai.006G049000.1_P1_AdigBF	1564	0/1	106	14	NA	120	1705	35	88	12	NA	2.05278592375367
18966_Gorai.006G049000.1_P1_AdigBF	1600	0/1	47	56	NA	103	1705	35	46	54	NA	2.05278592375367
18966_Gorai.006G049000.1_P1_AdigBF	1603	1/1	39	56	NA	95	1705	35	41	59	NA	2.05278592375367
18966_Gorai.006G049000.1_P1_AdigBF	1669	0/1	29	19	NA	48	1705	35	60	40	NA	2.05278592375367
18966_Gorai.006G049000.1_P1_AdigBF	1678	1/1	25	11	NA	36	1705	35	69	31	NA	2.05278592375367
18966_Gorai.006G049000.1_P1_AdigBF	1681	1/1	20	12	NA	32	1705	35	62	38	NA	2.05278592375367
18966_Gorai.006G049000.1_P1_AdigBF	1696	1/1	9	6	NA	15	1705	35	60	40	NA	2.05278592375367
18966_Gorai.006G049000.1_P1_AdigBF_3	664	0/1	3	17	NA	20	1705	31	15	85	NA	1.81818181818182
18966_Gorai.006G049000.1_P1_AdigBF_3	703	0/1	22	6	NA	28	1705	31	79	21	NA	1.81818181818182
18966_Gorai.006G049000.1_P1_AdigBF_3	760	0/1	23	21	NA	44	1705	31	52	48	NA	1.81818181818182
18966_Gorai.006G049000.1_P1_AdigBF_3	769	0/1	15	12	NA	27	1705	31	56	44	NA	1.81818181818182
18966_Gorai.006G049000.1_P1_AdigBF_3	874	0/1	23	44	NA	67	1705	31	34	66	NA	1.81818181818182
18966_Gorai.006G049000.1_P1_AdigBF_3	987	0/1	64	19	NA	83	1705	31	77	23	NA	1.81818181818182
18966_Gorai.006G049000.1_P1_AdigBF_3	1012	0/1	63	18	NA	81	1705	31	78	22	NA	1.81818181818182
18966_Gorai.006G049000.1_P1_AdigBF_3	1099	1/1	20	81	NA	101	1705	31	20	80	NA	1.81818181818182
18966_Gorai.006G049000.1_P1_AdigBF_3	1174	0/1	100	29	NA	129	1705	31	78	22	NA	1.81818181818182
18966_Gorai.006G049000.1_P1_AdigBF_3	1195	0/1	94	36	NA	130	1705	31	72	28	NA	1.81818181818182
18966_Gorai.006G049000.1_P1_AdigBF_3	1264	0/1	125	45	NA	170	1705	31	74	26	NA	1.81818181818182
18966_Gorai.006G049000.1_P1_AdigBF_3	1294	0/1	123	59	NA	182	1705	31	68	32	NA	1.81818181818182
18966_Gorai.006G049000.1_P1_AdigBF_3	1306	0/1	159	29	NA	188	1705	31	85	15	NA	1.81818181818182
18966_Gorai.006G049000.1_P1_AdigBF_3	1327	0/1	129	68	NA	197	1705	31	65	35	NA	1.81818181818182
18966_Gorai.006G049000.1_P1_AdigBF_3	1330	0/1	129	67	NA	196	1705	31	66	34	NA	1.81818181818182
18966_Gorai.006G049000.1_P1_AdigBF_3	1345	0/1	134	70	NA	204	1705	31	66	34	NA	1.81818181818182
18966_Gorai.006G049000.1_P1_AdigBF_3	1393	0/1	135	86	NA	221	1705	31	61	39	NA	1.81818181818182
18966_Gorai.006G049000.1_P1_AdigBF_3	1402	0/1	137	88	NA	225	1705	31	61	39	NA	1.81818181818182
18966_Gorai.006G049000.1_P1_AdigBF_3	1450	0/1	114	90	NA	204	1705	31	56	44	NA	1.81818181818182
18966_Gorai.006G049000.1_P1_AdigBF_3	1483	0/1	104	81	NA	185	1705	31	56	44	NA	1.81818181818182
18966_Gorai.006G049000.1_P1_AdigBF_3	1495	1/2	28	75	78	181	1705	31	15	41	43	1.81818181818182
18966_Gorai.006G049000.1_P1_AdigBF_3	1522	0/1	95	75	NA	170	1705	31	56	44	NA	1.81818181818182
18966_Gorai.006G049000.1_P1_AdigBF_3	1552	0/1	99	55	NA	154	1705	31	64	36	NA	1.81818181818182
18966_Gorai.006G049000.1_P1_AdigBF_3	1573	0/1	68	64	NA	132	1705	31	52	48	NA	1.81818181818182
18966_Gorai.006G049000.1_P1_AdigBF_3	1576	0/1	70	54	NA	124	1705	31	56	44	NA	1.81818181818182
18966_Gorai.006G049000.1_P1_AdigBF_3	1600	0/1	42	69	NA	111	1705	31	38	62	NA	1.81818181818182
18966_Gorai.006G049000.1_P1_AdigBF_3	1612	0/1	73	34	NA	107	1705	31	68	32	NA	1.81818181818182
18966_Gorai.006G049000.1_P1_AdigBF_3	1628	0/1	60	26	NA	86	1705	31	70	30	NA	1.81818181818182
18966_Gorai.006G049000.1_P1_AdigBF_3	1636	0/1	55	21	NA	76	1705	31	72	28	NA	1.81818181818182
18966_Gorai.006G049000.1_P1_AdigBF_3	1651	0/1	46	29	NA	75	1705	31	61	39	NA	1.81818181818182
18966_Gorai.006G049000.1_P1_AdigBF_3	1669	0/1	43	12	NA	55	1705	31	78	22	NA	1.81818181818182
19901_Gorai.012G089500.2_P2_AdigBF_3	946	1/1	5	2	NA	7	1169	2	71	29	NA	0.171086398631309
19901_Gorai.012G089500.2_P2_AdigBF_3	957	1/1	5	2	NA	7	1169	2	71	29	NA	0.171086398631309
20128_Gorai.004G000900.2_P1_AdigBF	1522	0/1	6	3	NA	9	1855	4	67	33	NA	0.215633423180593
20128_Gorai.004G000900.2_P1_AdigBF	1525	0/1	6	3	NA	9	1855	4	67	33	NA	0.215633423180593
20128_Gorai.004G000900.2_P1_AdigBF	1604	0/1	6	2	NA	8	1855	4	75	25	NA	0.215633423180593
20128_Gorai.004G000900.2_P1_AdigBF	1606	0/1	6	2	NA	8	1855	4	75	25	NA	0.215633423180593
20128_Gorai.004G000900.2_P2_AdigBF	850	0/1	8	3	NA	11	1642	6	73	27	NA	0.365408038976857
20128_Gorai.004G000900.2_P2_AdigBF	888	0/1	9	3	NA	12	1642	6	75	25	NA	0.365408038976857
20128_Gorai.004G000900.2_P2_AdigBF	891	0/1	9	3	NA	12	1642	6	75	25	NA	0.365408038976857
20128_Gorai.004G000900.2_P2_AdigBF	892	0/1	9	3	NA	12	1642	6	75	25	NA	0.365408038976857
20128_Gorai.004G000900.2_P2_AdigBF	924	0/1	9	3	NA	12	1642	6	75	25	NA	0.365408038976857
20128_Gorai.004G000900.2_P2_AdigBF	964	0/1	5	2	NA	7	1642	6	71	29	NA	0.365408038976857
2020_Gorai.011G051500.2_AdigBF	866	0/1	4	3	NA	7	5247	5	57	43	NA	0.0952925481227368
2020_Gorai.011G051500.2_AdigBF	1632	0/1	7	3	NA	10	5247	5	70	30	NA	0.0952925481227368
2020_Gorai.011G051500.2_AdigBF	1633	0/1	7	4	NA	11	5247	5	64	36	NA	0.0952925481227368
2020_Gorai.011G051500.2_AdigBF	1858	0/1	5	2	NA	7	5247	5	71	29	NA	0.0952925481227368
2020_Gorai.011G051500.2_AdigBF	1911	0/1	7	2	NA	9	5247	5	78	22	NA	0.0952925481227368
20385_Gorai.012G081900.6_AdigBF	201	0/1	5	3	NA	8	2275	1	62	38	NA	0.043956043956044
204_Gorai.004G241000.1_AdigBF	2430	0/1	28	5	NA	33	3087	5	85	15	NA	0.161969549724652
204_Gorai.004G241000.1_AdigBF	2609	0/1	37	8	NA	45	3087	5	82	18	NA	0.161969549724652
204_Gorai.004G241000.1_AdigBF	2648	0/1	36	8	NA	44	3087	5	82	18	NA	0.161969549724652
204_Gorai.004G241000.1_AdigBF	2653	0/1	39	8	NA	47	3087	5	83	17	NA	0.161969549724652
204_Gorai.004G241000.1_AdigBF	2715	0/1	40	6	NA	46	3087	5	87	13	NA	0.161969549724652
20686_Gorai.013G120800.2_P1_AdigBF_3	1228	1/1	0	2	NA	2	1773	1	0	100	NA	0.0564015792442188
20698_Gorai.012G015200.1_AdigBF	273	0/1	6	2	NA	8	2080	5	75	25	NA	0.240384615384615
20698_Gorai.012G015200.1_AdigBF	293	0/1	5	2	NA	7	2080	5	71	29	NA	0.240384615384615
20698_Gorai.012G015200.1_AdigBF	314	0/1	5	2	NA	7	2080	5	71	29	NA	0.240384615384615
20698_Gorai.012G015200.1_AdigBF	322	0/1	5	2	NA	7	2080	5	71	29	NA	0.240384615384615
20698_Gorai.012G015200.1_AdigBF	1564	0/1	5	2	NA	7	2080	5	71	29	NA	0.240384615384615
20747_Gorai.010G137900.2_AdigBF	397	0/1	6	2	NA	8	1691	4	75	25	NA	0.236546422235364
20747_Gorai.010G137900.2_AdigBF	409	0/1	6	2	NA	8	1691	4	75	25	NA	0.236546422235364
20747_Gorai.010G137900.2_AdigBF	547	0/1	4	3	NA	7	1691	4	57	43	NA	0.236546422235364
20747_Gorai.010G137900.2_AdigBF	1224	1/1	0	8	NA	8	1691	4	0	100	NA	0.236546422235364
2174_Gorai.008G218700.1_AdigBF	1601	0/1	7	3	NA	10	3920	14	70	30	NA	0.357142857142857
2174_Gorai.008G218700.1_AdigBF	1613	0/1	5	4	NA	9	3920	14	56	44	NA	0.357142857142857
2174_Gorai.008G218700.1_AdigBF	1614	0/1	6	3	NA	9	3920	14	67	33	NA	0.357142857142857
2174_Gorai.008G218700.1_AdigBF	1690	0/1	11	4	NA	15	3920	14	73	27	NA	0.357142857142857
2174_Gorai.008G218700.1_AdigBF	1913	0/1	24	4	NA	28	3920	14	86	14	NA	0.357142857142857
2174_Gorai.008G218700.1_AdigBF	3556	0/1	7	3	NA	10	3920	14	70	30	NA	0.357142857142857
2174_Gorai.008G218700.1_AdigBF	3565	0/1	6	3	NA	9	3920	14	67	33	NA	0.357142857142857
2174_Gorai.008G218700.1_AdigBF	3594	0/1	5	4	NA	9	3920	14	56	44	NA	0.357142857142857
2174_Gorai.008G218700.1_AdigBF	3601	0/1	5	3	NA	8	3920	14	62	38	NA	0.357142857142857
2174_Gorai.008G218700.1_AdigBF	3606	0/1	5	3	NA	8	3920	14	62	38	NA	0.357142857142857
2174_Gorai.008G218700.1_AdigBF	3634	0/1	5	3	NA	8	3920	14	62	38	NA	0.357142857142857
2174_Gorai.008G218700.1_AdigBF	3657	0/1	5	2	NA	7	3920	14	71	29	NA	0.357142857142857
2174_Gorai.008G218700.1_AdigBF	3673	0/1	5	2	NA	7	3920	14	71	29	NA	0.357142857142857
2174_Gorai.008G218700.1_AdigBF	3680	0/1	5	2	NA	7	3920	14	71	29	NA	0.357142857142857
2184_Gorai.008G154400.3_AdigBF	1892	0/1	3	2	NA	5	2159	1	60	40	NA	0.0463177396943029
22470_Gorai.008G061000.1_P2_AdigBF	420	0/1	20	5	NA	25	1017	12	80	20	NA	1.17994100294985
22470_Gorai.008G061000.1_P2_AdigBF	511	0/1	13	5	NA	18	1017	12	72	28	NA	1.17994100294985
22470_Gorai.008G061000.1_P2_AdigBF	786	0/1	5	2	NA	7	1017	12	71	29	NA	1.17994100294985
22470_Gorai.008G061000.1_P2_AdigBF	787	0/1	5	2	NA	7	1017	12	71	29	NA	1.17994100294985
22470_Gorai.008G061000.1_P2_AdigBF	845	0/1	5	3	NA	8	1017	12	62	38	NA	1.17994100294985
22470_Gorai.008G061000.1_P2_AdigBF	847	0/1	5	3	NA	8	1017	12	62	38	NA	1.17994100294985
22470_Gorai.008G061000.1_P2_AdigBF	851	0/1	5	3	NA	8	1017	12	62	38	NA	1.17994100294985
22470_Gorai.008G061000.1_P2_AdigBF	865	0/1	5	3	NA	8	1017	12	62	38	NA	1.17994100294985
22470_Gorai.008G061000.1_P2_AdigBF	878	0/1	6	3	NA	9	1017	12	67	33	NA	1.17994100294985
22470_Gorai.008G061000.1_P2_AdigBF	889	0/1	6	3	NA	9	1017	12	67	33	NA	1.17994100294985
22470_Gorai.008G061000.1_P2_AdigBF	896	0/1	5	4	NA	9	1017	12	56	44	NA	1.17994100294985
22470_Gorai.008G061000.1_P2_AdigBF	907	0/1	6	3	NA	9	1017	12	67	33	NA	1.17994100294985
23081_Gorai.010G082500.1_AdigBF	792	0/1	4	3	NA	7	1730	1	57	43	NA	0.0578034682080925
23196_Gorai.007G238700.2_P1_AdigBF	996	0/1	14	6	NA	20	1384	16	70	30	NA	1.15606936416185
23196_Gorai.007G238700.2_P1_AdigBF	999	0/1	14	5	NA	19	1384	16	74	26	NA	1.15606936416185
23196_Gorai.007G238700.2_P1_AdigBF	1032	0/1	20	4	NA	24	1384	16	83	17	NA	1.15606936416185
23196_Gorai.007G238700.2_P1_AdigBF	1042	0/1	20	4	NA	24	1384	16	83	17	NA	1.15606936416185
23196_Gorai.007G238700.2_P1_AdigBF	1173	0/1	6	3	NA	9	1384	16	67	33	NA	1.15606936416185
23196_Gorai.007G238700.2_P1_AdigBF	1185	0/1	6	3	NA	9	1384	16	67	33	NA	1.15606936416185
23196_Gorai.007G238700.2_P1_AdigBF	1199	0/1	6	3	NA	9	1384	16	67	33	NA	1.15606936416185
23196_Gorai.007G238700.2_P1_AdigBF	1200	0/1	6	3	NA	9	1384	16	67	33	NA	1.15606936416185
23196_Gorai.007G238700.2_P1_AdigBF	1203	0/1	6	3	NA	9	1384	16	67	33	NA	1.15606936416185
23196_Gorai.007G238700.2_P1_AdigBF	1205	0/1	6	3	NA	9	1384	16	67	33	NA	1.15606936416185
23196_Gorai.007G238700.2_P1_AdigBF	1210	0/1	5	4	NA	9	1384	16	56	44	NA	1.15606936416185
23196_Gorai.007G238700.2_P1_AdigBF	1218	0/1	6	3	NA	9	1384	16	67	33	NA	1.15606936416185
23196_Gorai.007G238700.2_P1_AdigBF	1220	0/1	6	3	NA	9	1384	16	67	33	NA	1.15606936416185
23196_Gorai.007G238700.2_P1_AdigBF	1221	0/1	6	3	NA	9	1384	16	67	33	NA	1.15606936416185
23196_Gorai.007G238700.2_P1_AdigBF	1248	0/1	6	2	NA	8	1384	16	75	25	NA	1.15606936416185
23196_Gorai.007G238700.2_P1_AdigBF	1306	0/1	6	2	NA	8	1384	16	75	25	NA	1.15606936416185
23627_Gorai.009G068200.1_P3_AdigBF	341	0/1	14	4	NA	18	1383	1	78	22	NA	0.0723065798987708
2377_Gorai.011G150500.4_AdigBF	317	0/1	10	3	NA	13	3269	2	77	23	NA	0.0611807892321811
2377_Gorai.011G150500.4_AdigBF	609	0/1	12	3	NA	15	3269	2	80	20	NA	0.0611807892321811
25454_Gorai.011G134300.1_AdigBF	460	0/1	5	4	NA	9	1032	6	56	44	NA	0.581395348837209
25454_Gorai.011G134300.1_AdigBF	562	0/1	8	3	NA	11	1032	6	73	27	NA	0.581395348837209
25454_Gorai.011G134300.1_AdigBF	565	0/1	8	3	NA	11	1032	6	73	27	NA	0.581395348837209
25454_Gorai.011G134300.1_AdigBF	655	0/1	6	2	NA	8	1032	6	75	25	NA	0.581395348837209
25454_Gorai.011G134300.1_AdigBF	668	0/1	6	2	NA	8	1032	6	75	25	NA	0.581395348837209
25454_Gorai.011G134300.1_AdigBF	706	0/1	6	2	NA	8	1032	6	75	25	NA	0.581395348837209
26615_Gorai.002G267900.1_AdigBF	156	0/1	5	3	NA	8	1350	11	62	38	NA	0.814814814814815
26615_Gorai.002G267900.1_AdigBF	162	0/1	5	3	NA	8	1350	11	62	38	NA	0.814814814814815
26615_Gorai.002G267900.1_AdigBF	164	0/1	5	3	NA	8	1350	11	62	38	NA	0.814814814814815
26615_Gorai.002G267900.1_AdigBF	171	0/1	6	3	NA	9	1350	11	67	33	NA	0.814814814814815
26615_Gorai.002G267900.1_AdigBF	186	0/1	5	2	NA	7	1350	11	71	29	NA	0.814814814814815
26615_Gorai.002G267900.1_AdigBF	231	0/1	6	3	NA	9	1350	11	67	33	NA	0.814814814814815
26615_Gorai.002G267900.1_AdigBF	509	0/1	7	3	NA	10	1350	11	70	30	NA	0.814814814814815
26615_Gorai.002G267900.1_AdigBF	512	0/1	7	3	NA	10	1350	11	70	30	NA	0.814814814814815
26615_Gorai.002G267900.1_AdigBF	539	0/1	7	4	NA	11	1350	11	64	36	NA	0.814814814814815
26615_Gorai.002G267900.1_AdigBF	577	0/1	8	3	NA	11	1350	11	73	27	NA	0.814814814814815
26615_Gorai.002G267900.1_AdigBF	578	0/1	8	3	NA	11	1350	11	73	27	NA	0.814814814814815
27868_Gorai.009G193000.1_AdigBF	1209	0/1	4	2	NA	6	1385	5	67	33	NA	0.36101083032491
27868_Gorai.009G193000.1_AdigBF	1213	0/1	4	2	NA	6	1385	5	67	33	NA	0.36101083032491
27868_Gorai.009G193000.1_AdigBF	1222	0/1	5	2	NA	7	1385	5	71	29	NA	0.36101083032491
27868_Gorai.009G193000.1_AdigBF	1237	0/1	5	2	NA	7	1385	5	71	29	NA	0.36101083032491
27868_Gorai.009G193000.1_AdigBF	1249	0/1	4	2	NA	6	1385	5	67	33	NA	0.36101083032491
2941_Gorai.003G152700.2_AdigBF	1257	0/1	5	2	NA	7	1634	1	71	29	NA	0.0611995104039168
2952_Gorai.003G119600.1_AdigBF	3095	0/1	5	2	NA	7	3180	1	71	29	NA	0.0314465408805031
3168_Gorai.013G033700.2_P2_AdigBF	1653	0/1	5	6	NA	11	3142	25	45	55	NA	0.795671546785487
3168_Gorai.013G033700.2_P2_AdigBF	1680	0/1	5	6	NA	11	3142	25	45	55	NA	0.795671546785487
3168_Gorai.013G033700.2_P2_AdigBF	1711	0/1	7	6	NA	13	3142	25	54	46	NA	0.795671546785487
3168_Gorai.013G033700.2_P2_AdigBF	1732	0/1	6	7	NA	13	3142	25	46	54	NA	0.795671546785487
3168_Gorai.013G033700.2_P2_AdigBF	1733	0/1	6	7	NA	13	3142	25	46	54	NA	0.795671546785487
3168_Gorai.013G033700.2_P2_AdigBF	1745	0/1	6	7	NA	13	3142	25	46	54	NA	0.795671546785487
3168_Gorai.013G033700.2_P2_AdigBF	1756	0/1	5	7	NA	12	3142	25	42	58	NA	0.795671546785487
3168_Gorai.013G033700.2_P2_AdigBF	1765	0/1	6	8	NA	14	3142	25	43	57	NA	0.795671546785487
3168_Gorai.013G033700.2_P2_AdigBF	1769	0/1	6	7	NA	13	3142	25	46	54	NA	0.795671546785487
3168_Gorai.013G033700.2_P2_AdigBF	1777	0/1	7	7	NA	14	3142	25	50	50	NA	0.795671546785487
3168_Gorai.013G033700.2_P2_AdigBF	1786	0/1	10	4	NA	14	3142	25	71	29	NA	0.795671546785487
3168_Gorai.013G033700.2_P2_AdigBF	1792	0/1	7	7	NA	14	3142	25	50	50	NA	0.795671546785487
3168_Gorai.013G033700.2_P2_AdigBF	1795	0/1	6	8	NA	14	3142	25	43	57	NA	0.795671546785487
3168_Gorai.013G033700.2_P2_AdigBF	1812	0/1	6	9	NA	15	3142	25	40	60	NA	0.795671546785487
3168_Gorai.013G033700.2_P2_AdigBF	1837	0/1	5	8	NA	13	3142	25	38	62	NA	0.795671546785487
3168_Gorai.013G033700.2_P2_AdigBF	1850	0/1	4	7	NA	11	3142	25	36	64	NA	0.795671546785487
3168_Gorai.013G033700.2_P2_AdigBF	1854	0/1	5	7	NA	12	3142	25	42	58	NA	0.795671546785487
3168_Gorai.013G033700.2_P2_AdigBF	1863	0/1	5	6	NA	11	3142	25	45	55	NA	0.795671546785487
3168_Gorai.013G033700.2_P2_AdigBF	1865	0/1	5	6	NA	11	3142	25	45	55	NA	0.795671546785487
3168_Gorai.013G033700.2_P2_AdigBF	1873	0/1	5	5	NA	10	3142	25	50	50	NA	0.795671546785487
3168_Gorai.013G033700.2_P2_AdigBF	2105	0/1	5	4	NA	9	3142	25	56	44	NA	0.795671546785487
3168_Gorai.013G033700.2_P2_AdigBF	2231	0/1	9	4	NA	13	3142	25	69	31	NA	0.795671546785487
3168_Gorai.013G033700.2_P2_AdigBF	2357	0/1	23	4	NA	27	3142	25	85	15	NA	0.795671546785487
3168_Gorai.013G033700.2_P2_AdigBF	2360	0/1	24	4	NA	28	3142	25	86	14	NA	0.795671546785487
3168_Gorai.013G033700.2_P2_AdigBF	2363	0/1	24	4	NA	28	3142	25	86	14	NA	0.795671546785487
3351_Gorai.012G128100.3_P1_AdigBF	309	0/1	71	8	NA	79	806	2	90	10	NA	0.248138957816377
3351_Gorai.012G128100.3_P1_AdigBF	713	0/1	44	8	NA	52	806	2	85	15	NA	0.248138957816377
3351_Gorai.012G128100.3_P2_AdigBF	194	0/1	17	3	NA	20	914	17	85	15	NA	1.85995623632385
3351_Gorai.012G128100.3_P2_AdigBF	236	0/1	22	5	NA	27	914	17	81	19	NA	1.85995623632385
3351_Gorai.012G128100.3_P2_AdigBF	242	0/1	22	6	NA	28	914	17	79	21	NA	1.85995623632385
3351_Gorai.012G128100.3_P2_AdigBF	275	0/1	27	6	NA	33	914	17	82	18	NA	1.85995623632385
3351_Gorai.012G128100.3_P2_AdigBF	278	0/1	28	6	NA	34	914	17	82	18	NA	1.85995623632385
3351_Gorai.012G128100.3_P2_AdigBF	284	0/1	29	6	NA	35	914	17	83	17	NA	1.85995623632385
3351_Gorai.012G128100.3_P2_AdigBF	311	0/1	32	7	NA	39	914	17	82	18	NA	1.85995623632385
3351_Gorai.012G128100.3_P2_AdigBF	335	0/1	32	5	NA	37	914	17	86	14	NA	1.85995623632385
3351_Gorai.012G128100.3_P2_AdigBF	354	0/1	31	5	NA	36	914	17	86	14	NA	1.85995623632385
3351_Gorai.012G128100.3_P2_AdigBF	361	0/1	28	5	NA	33	914	17	85	15	NA	1.85995623632385
3351_Gorai.012G128100.3_P2_AdigBF	365	0/1	28	4	NA	32	914	17	88	12	NA	1.85995623632385
3351_Gorai.012G128100.3_P2_AdigBF	377	0/1	27	4	NA	31	914	17	87	13	NA	1.85995623632385
3351_Gorai.012G128100.3_P2_AdigBF	378	0/1	27	4	NA	31	914	17	87	13	NA	1.85995623632385
3351_Gorai.012G128100.3_P2_AdigBF	413	0/1	24	5	NA	29	914	17	83	17	NA	1.85995623632385
3351_Gorai.012G128100.3_P2_AdigBF	443	0/1	27	4	NA	31	914	17	87	13	NA	1.85995623632385
3351_Gorai.012G128100.3_P2_AdigBF	663	0/1	38	15	NA	53	914	17	72	28	NA	1.85995623632385
3351_Gorai.012G128100.3_P2_AdigBF	759	0/1	54	22	NA	76	914	17	71	29	NA	1.85995623632385
3505_Gorai.009G172900.1_P1_AdigBF	1674	0/1	5	3	NA	8	2614	13	62	38	NA	0.497322111706197
3505_Gorai.009G172900.1_P1_AdigBF	1717	0/1	5	3	NA	8	2614	13	62	38	NA	0.497322111706197
3505_Gorai.009G172900.1_P1_AdigBF	1805	0/1	5	5	NA	10	2614	13	50	50	NA	0.497322111706197
3505_Gorai.009G172900.1_P1_AdigBF	2001	0/1	12	3	NA	15	2614	13	80	20	NA	0.497322111706197
3505_Gorai.009G172900.1_P1_AdigBF	2019	0/1	12	4	NA	16	2614	13	75	25	NA	0.497322111706197
3505_Gorai.009G172900.1_P1_AdigBF	2067	0/1	9	4	NA	13	2614	13	69	31	NA	0.497322111706197
3505_Gorai.009G172900.1_P1_AdigBF	2071	0/1	9	3	NA	12	2614	13	75	25	NA	0.497322111706197
3505_Gorai.009G172900.1_P1_AdigBF	2073	0/1	9	3	NA	12	2614	13	75	25	NA	0.497322111706197
3505_Gorai.009G172900.1_P1_AdigBF	2130	0/1	5	5	NA	10	2614	13	50	50	NA	0.497322111706197
3505_Gorai.009G172900.1_P1_AdigBF	2142	0/1	5	5	NA	10	2614	13	50	50	NA	0.497322111706197
3505_Gorai.009G172900.1_P1_AdigBF	2145	0/1	5	5	NA	10	2614	13	50	50	NA	0.497322111706197
3505_Gorai.009G172900.1_P1_AdigBF	2148	0/1	5	5	NA	10	2614	13	50	50	NA	0.497322111706197
3505_Gorai.009G172900.1_P1_AdigBF	2151	0/1	5	5	NA	10	2614	13	50	50	NA	0.497322111706197
3505_Gorai.009G172900.1_P2_AdigBF	2674	0/1	15	3	NA	18	2851	3	83	17	NA	0.105226236408278
3505_Gorai.009G172900.1_P2_AdigBF	2725	0/1	10	4	NA	14	2851	3	71	29	NA	0.105226236408278
3505_Gorai.009G172900.1_P2_AdigBF	2731	0/1	11	4	NA	15	2851	3	73	27	NA	0.105226236408278
3881_Gorai.010G118200.1_AdigBF	2231	0/1	5	2	NA	7	3559	1	71	29	NA	0.0280977802753582
4143_Gorai.008G286900.1_AdigBF	47	1/1	0	6	NA	6	1762	21	0	100	NA	1.19182746878547
4143_Gorai.008G286900.1_AdigBF	78	0/1	6	6	NA	12	1762	21	50	50	NA	1.19182746878547
4143_Gorai.008G286900.1_AdigBF	117	0/1	8	9	NA	17	1762	21	47	53	NA	1.19182746878547
4143_Gorai.008G286900.1_AdigBF	147	0/1	8	10	NA	18	1762	21	44	56	NA	1.19182746878547
4143_Gorai.008G286900.1_AdigBF	148	0/1	8	10	NA	18	1762	21	44	56	NA	1.19182746878547
4143_Gorai.008G286900.1_AdigBF	192	0/1	10	8	NA	18	1762	21	56	44	NA	1.19182746878547
4143_Gorai.008G286900.1_AdigBF	207	1/1	5	14	NA	19	1762	21	26	74	NA	1.19182746878547
4143_Gorai.008G286900.1_AdigBF	227	0/1	8	11	NA	19	1762	21	42	58	NA	1.19182746878547
4143_Gorai.008G286900.1_AdigBF	273	0/1	5	7	NA	12	1762	21	42	58	NA	1.19182746878547
4143_Gorai.008G286900.1_AdigBF	287	0/1	5	5	NA	10	1762	21	50	50	NA	1.19182746878547
4143_Gorai.008G286900.1_AdigBF	300	0/1	4	5	NA	9	1762	21	44	56	NA	1.19182746878547
4143_Gorai.008G286900.1_AdigBF	302	0/1	4	5	NA	9	1762	21	44	56	NA	1.19182746878547
4143_Gorai.008G286900.1_AdigBF	312	0/1	4	6	NA	10	1762	21	40	60	NA	1.19182746878547
4143_Gorai.008G286900.1_AdigBF	399	1/1	0	5	NA	5	1762	21	0	100	NA	1.19182746878547
4143_Gorai.008G286900.1_AdigBF	400	1/1	0	4	NA	4	1762	21	0	100	NA	1.19182746878547
4143_Gorai.008G286900.1_AdigBF	416	1/1	0	4	NA	4	1762	21	0	100	NA	1.19182746878547
4143_Gorai.008G286900.1_AdigBF	418	1/1	0	4	NA	4	1762	21	0	100	NA	1.19182746878547
4143_Gorai.008G286900.1_AdigBF	430	1/1	0	3	NA	3	1762	21	0	100	NA	1.19182746878547
4143_Gorai.008G286900.1_AdigBF	431	1/1	0	3	NA	3	1762	21	0	100	NA	1.19182746878547
4143_Gorai.008G286900.1_AdigBF	455	1/1	0	3	NA	3	1762	21	0	100	NA	1.19182746878547
4143_Gorai.008G286900.1_AdigBF	461	1/1	0	3	NA	3	1762	21	0	100	NA	1.19182746878547
4143_Gorai.008G286900.1_AdigBF_3	47	1/1	0	6	NA	6	1762	9	0	100	NA	0.510783200908059
4143_Gorai.008G286900.1_AdigBF_3	117	1/1	5	8	NA	13	1762	9	38	62	NA	0.510783200908059
4143_Gorai.008G286900.1_AdigBF_3	147	1/1	6	7	NA	13	1762	9	46	54	NA	0.510783200908059
4143_Gorai.008G286900.1_AdigBF_3	148	1/1	6	6	NA	12	1762	9	50	50	NA	0.510783200908059
4143_Gorai.008G286900.1_AdigBF_3	207	0/1	7	7	NA	14	1762	9	50	50	NA	0.510783200908059
4143_Gorai.008G286900.1_AdigBF_3	227	1/1	5	5	NA	10	1762	9	50	50	NA	0.510783200908059
4143_Gorai.008G286900.1_AdigBF_3	342	1/1	3	7	NA	10	1762	9	30	70	NA	0.510783200908059
4143_Gorai.008G286900.1_AdigBF_3	372	1/1	0	7	NA	7	1762	9	0	100	NA	0.510783200908059
4143_Gorai.008G286900.1_AdigBF_3	399	1/1	0	9	NA	9	1762	9	0	100	NA	0.510783200908059
4341_Gorai.004G072100.1_AdigBF	223	0/1	23	9	NA	32	2571	2	72	28	NA	0.0777907429015947
4341_Gorai.004G072100.1_AdigBF	1337	0/1	5	3	NA	8	2571	2	62	38	NA	0.0777907429015947
4453_Gorai.002G114100.1_AdigBF	1718	1/1	2	11	NA	13	3227	2	15	85	NA	0.0619770684846607
4453_Gorai.002G114100.1_AdigBF	1813	1/1	3	8	NA	11	3227	2	27	73	NA	0.0619770684846607
4453_Gorai.002G114100.1_AdigBF_3	1718	0/1	7	10	NA	17	3227	1	41	59	NA	0.0309885342423303
4485_Gorai.004G191700.2_AdigBF	590	0/1	6	3	NA	9	3511	7	67	33	NA	0.199373397892338
4485_Gorai.004G191700.2_AdigBF	636	0/1	6	4	NA	10	3511	7	60	40	NA	0.199373397892338
4485_Gorai.004G191700.2_AdigBF	861	0/1	7	4	NA	11	3511	7	64	36	NA	0.199373397892338
4485_Gorai.004G191700.2_AdigBF	910	0/1	7	4	NA	11	3511	7	64	36	NA	0.199373397892338
4485_Gorai.004G191700.2_AdigBF	913	0/1	7	4	NA	11	3511	7	64	36	NA	0.199373397892338
4485_Gorai.004G191700.2_AdigBF	1555	0/1	6	2	NA	8	3511	7	75	25	NA	0.199373397892338
4485_Gorai.004G191700.2_AdigBF	3051	0/1	82	18	NA	100	3511	7	82	18	NA	0.199373397892338
453_Gorai.012G186300.1_AdigBF	4045	0/1	11	9	NA	20	4296	1	55	45	NA	0.0232774674115456
471_Gorai.006G256000.2_AdigBF	1228	0/1	10	3	NA	13	1581	4	77	23	NA	0.253004427577483
471_Gorai.006G256000.2_AdigBF	1302	0/1	12	4	NA	16	1581	4	75	25	NA	0.253004427577483
471_Gorai.006G256000.2_AdigBF	1312	0/1	11	4	NA	15	1581	4	73	27	NA	0.253004427577483
471_Gorai.006G256000.2_AdigBF	1421	0/1	6	4	NA	10	1581	4	60	40	NA	0.253004427577483
5128_Gorai.008G247200.2_AdigBF	411	0/1	26	45	NA	71	2365	5	37	63	NA	0.211416490486258
5128_Gorai.008G247200.2_AdigBF	438	0/1	44	23	NA	67	2365	5	66	34	NA	0.211416490486258
5128_Gorai.008G247200.2_AdigBF	445	0/1	27	37	NA	64	2365	5	42	58	NA	0.211416490486258
5128_Gorai.008G247200.2_AdigBF	462	0/1	29	19	NA	48	2365	5	60	40	NA	0.211416490486258
5128_Gorai.008G247200.2_AdigBF	525	0/1	33	19	NA	52	2365	5	63	37	NA	0.211416490486258
5302_Gorai.011G200900.2_AdigBF	1515	0/1	5	3	NA	8	2068	1	62	38	NA	0.0483558994197292
5533_Gorai.003G156900.1_P1_AdigBF	412	1/1	0	2	NA	2	2249	2	0	100	NA	0.0889284126278346
5533_Gorai.003G156900.1_P1_AdigBF	418	1/1	0	2	NA	2	2249	2	0	100	NA	0.0889284126278346
5691_Gorai.012G163300.2_P1_AdigBF	376	1/1	5	4	NA	9	2071	13	56	44	NA	0.627716079188798
5691_Gorai.012G163300.2_P1_AdigBF	547	0/1	4	5	NA	9	2071	13	44	56	NA	0.627716079188798
5691_Gorai.012G163300.2_P1_AdigBF	571	1/1	1	8	NA	9	2071	13	11	89	NA	0.627716079188798
5691_Gorai.012G163300.2_P1_AdigBF	599	1/1	0	9	NA	9	2071	13	0	100	NA	0.627716079188798
5691_Gorai.012G163300.2_P1_AdigBF	637	1/1	2	7	NA	9	2071	13	22	78	NA	0.627716079188798
5691_Gorai.012G163300.2_P1_AdigBF	663	1/1	2	8	NA	10	2071	13	20	80	NA	0.627716079188798
5691_Gorai.012G163300.2_P1_AdigBF	670	1/1	2	8	NA	10	2071	13	20	80	NA	0.627716079188798
5691_Gorai.012G163300.2_P1_AdigBF	695	1/1	2	8	NA	10	2071	13	20	80	NA	0.627716079188798
5691_Gorai.012G163300.2_P1_AdigBF	718	1/1	2	9	NA	11	2071	13	18	82	NA	0.627716079188798
5691_Gorai.012G163300.2_P1_AdigBF	726	1/1	2	9	NA	11	2071	13	18	82	NA	0.627716079188798
5691_Gorai.012G163300.2_P1_AdigBF	730	1/1	2	9	NA	11	2071	13	18	82	NA	0.627716079188798
5691_Gorai.012G163300.2_P1_AdigBF	739	1/1	1	9	NA	10	2071	13	10	90	NA	0.627716079188798
5691_Gorai.012G163300.2_P1_AdigBF	753	1/1	1	9	NA	10	2071	13	10	90	NA	0.627716079188798
5691_Gorai.012G163300.2_P1_AdigBF_3	265	1/1	1	3	NA	4	2071	15	25	75	NA	0.724287783679382
5691_Gorai.012G163300.2_P1_AdigBF_3	485	1/1	2	4	NA	6	2071	15	33	67	NA	0.724287783679382
5691_Gorai.012G163300.2_P1_AdigBF_3	486	1/1	2	4	NA	6	2071	15	33	67	NA	0.724287783679382
5691_Gorai.012G163300.2_P1_AdigBF_3	547	1/1	0	5	NA	5	2071	15	0	100	NA	0.724287783679382
5691_Gorai.012G163300.2_P1_AdigBF_3	571	1/1	0	7	NA	7	2071	15	0	100	NA	0.724287783679382
5691_Gorai.012G163300.2_P1_AdigBF_3	599	1/1	0	7	NA	7	2071	15	0	100	NA	0.724287783679382
5691_Gorai.012G163300.2_P1_AdigBF_3	637	1/1	0	7	NA	7	2071	15	0	100	NA	0.724287783679382
5691_Gorai.012G163300.2_P1_AdigBF_3	663	1/1	0	12	NA	12	2071	15	0	100	NA	0.724287783679382
5691_Gorai.012G163300.2_P1_AdigBF_3	670	1/1	0	11	NA	11	2071	15	0	100	NA	0.724287783679382
5691_Gorai.012G163300.2_P1_AdigBF_3	695	1/1	0	11	NA	11	2071	15	0	100	NA	0.724287783679382
5691_Gorai.012G163300.2_P1_AdigBF_3	718	1/1	0	9	NA	9	2071	15	0	100	NA	0.724287783679382
5691_Gorai.012G163300.2_P1_AdigBF_3	726	1/1	0	9	NA	9	2071	15	0	100	NA	0.724287783679382
5691_Gorai.012G163300.2_P1_AdigBF_3	730	1/1	0	9	NA	9	2071	15	0	100	NA	0.724287783679382
5691_Gorai.012G163300.2_P1_AdigBF_3	739	1/1	0	9	NA	9	2071	15	0	100	NA	0.724287783679382
5691_Gorai.012G163300.2_P1_AdigBF_3	753	1/1	0	9	NA	9	2071	15	0	100	NA	0.724287783679382
5691_Gorai.012G163300.2_P2_AdigBF	761	0/1	4	3	NA	7	2305	12	57	43	NA	0.52060737527115
5691_Gorai.012G163300.2_P2_AdigBF	822	0/1	4	3	NA	7	2305	12	57	43	NA	0.52060737527115
5691_Gorai.012G163300.2_P2_AdigBF	857	0/1	4	4	NA	8	2305	12	50	50	NA	0.52060737527115
5691_Gorai.012G163300.2_P2_AdigBF	881	1/1	0	8	NA	8	2305	12	0	100	NA	0.52060737527115
5691_Gorai.012G163300.2_P2_AdigBF	947	1/1	1	5	NA	6	2305	12	17	83	NA	0.52060737527115
5691_Gorai.012G163300.2_P2_AdigBF	974	1/1	1	3	NA	4	2305	12	25	75	NA	0.52060737527115
5691_Gorai.012G163300.2_P2_AdigBF	980	1/1	1	3	NA	4	2305	12	25	75	NA	0.52060737527115
5691_Gorai.012G163300.2_P2_AdigBF	987	1/1	1	2	NA	3	2305	12	33	67	NA	0.52060737527115
5691_Gorai.012G163300.2_P2_AdigBF	992	1/1	1	2	NA	3	2305	12	33	67	NA	0.52060737527115
5691_Gorai.012G163300.2_P2_AdigBF	1002	1/1	1	2	NA	3	2305	12	33	67	NA	0.52060737527115
5691_Gorai.012G163300.2_P2_AdigBF	1006	1/1	1	2	NA	3	2305	12	33	67	NA	0.52060737527115
5691_Gorai.012G163300.2_P2_AdigBF	1240	1/1	1	4	NA	5	2305	12	20	80	NA	0.52060737527115
5691_Gorai.012G163300.2_P2_AdigBF_3	881	1/1	0	7	NA	7	2305	1	0	100	NA	0.0433839479392625
5764_Gorai.006G242500.2_AdigBF	1816	0/1	6	3	NA	9	2647	2	67	33	NA	0.0755572346052134
5764_Gorai.006G242500.2_AdigBF	1827	0/1	6	3	NA	9	2647	2	67	33	NA	0.0755572346052134
5978_Gorai.002G218100.6_P2_AdigBF	1056	1/1	0	6	NA	6	1820	5	0	100	NA	0.274725274725275
5978_Gorai.002G218100.6_P2_AdigBF	1142	1/1	1	2	NA	3	1820	5	33	67	NA	0.274725274725275
5978_Gorai.002G218100.6_P2_AdigBF	1151	1/1	1	2	NA	3	1820	5	33	67	NA	0.274725274725275
5978_Gorai.002G218100.6_P2_AdigBF	1356	1/1	0	6	NA	6	1820	5	0	100	NA	0.274725274725275
5978_Gorai.002G218100.6_P2_AdigBF	1605	1/1	0	8	NA	8	1820	5	0	100	NA	0.274725274725275
5978_Gorai.002G218100.6_P2_AdigBF_3	981	1/1	3	4	NA	7	1820	22	43	57	NA	1.20879120879121
5978_Gorai.002G218100.6_P2_AdigBF_3	990	1/1	3	4	NA	7	1820	22	43	57	NA	1.20879120879121
5978_Gorai.002G218100.6_P2_AdigBF_3	1056	1/1	1	6	NA	7	1820	22	14	86	NA	1.20879120879121
5978_Gorai.002G218100.6_P2_AdigBF_3	1061	0/1	3	4	NA	7	1820	22	43	57	NA	1.20879120879121
5978_Gorai.002G218100.6_P2_AdigBF_3	1068	0/1	3	4	NA	7	1820	22	43	57	NA	1.20879120879121
5978_Gorai.002G218100.6_P2_AdigBF_3	1130	0/1	4	3	NA	7	1820	22	57	43	NA	1.20879120879121
5978_Gorai.002G218100.6_P2_AdigBF_3	1131	0/1	4	3	NA	7	1820	22	57	43	NA	1.20879120879121
5978_Gorai.002G218100.6_P2_AdigBF_3	1146	0/1	4	3	NA	7	1820	22	57	43	NA	1.20879120879121
5978_Gorai.002G218100.6_P2_AdigBF_3	1356	1/1	2	5	NA	7	1820	22	29	71	NA	1.20879120879121
5978_Gorai.002G218100.6_P2_AdigBF_3	1502	1/1	6	4	NA	10	1820	22	60	40	NA	1.20879120879121
5978_Gorai.002G218100.6_P2_AdigBF_3	1507	1/1	6	4	NA	10	1820	22	60	40	NA	1.20879120879121
5978_Gorai.002G218100.6_P2_AdigBF_3	1605	1/1	0	5	NA	5	1820	22	0	100	NA	1.20879120879121
5978_Gorai.002G218100.6_P2_AdigBF_3	1663	0/1	1	6	NA	7	1820	22	14	86	NA	1.20879120879121
5978_Gorai.002G218100.6_P2_AdigBF_3	1665	0/1	3	4	NA	7	1820	22	43	57	NA	1.20879120879121
5978_Gorai.002G218100.6_P2_AdigBF_3	1667	0/1	3	4	NA	7	1820	22	43	57	NA	1.20879120879121
5978_Gorai.002G218100.6_P2_AdigBF_3	1675	0/1	1	6	NA	7	1820	22	14	86	NA	1.20879120879121
5978_Gorai.002G218100.6_P2_AdigBF_3	1731	0/1	1	3	NA	4	1820	22	25	75	NA	1.20879120879121
5978_Gorai.002G218100.6_P2_AdigBF_3	1733	0/1	1	3	NA	4	1820	22	25	75	NA	1.20879120879121
5978_Gorai.002G218100.6_P2_AdigBF_3	1739	0/1	1	3	NA	4	1820	22	25	75	NA	1.20879120879121
5978_Gorai.002G218100.6_P2_AdigBF_3	1741	0/1	1	3	NA	4	1820	22	25	75	NA	1.20879120879121
5978_Gorai.002G218100.6_P2_AdigBF_3	1756	1/1	0	2	NA	2	1820	22	0	100	NA	1.20879120879121
5978_Gorai.002G218100.6_P2_AdigBF_3	1758	1/1	0	2	NA	2	1820	22	0	100	NA	1.20879120879121
6159_Gorai.005G170100.1_AdigBF	3085	0/1	7	3	NA	10	3764	1	70	30	NA	0.026567481402763
6171_Gorai.008G228900.3_P1_AdigBF_3	2154	1/1	2	5	NA	7	2270	2	29	71	NA	0.0881057268722467
6171_Gorai.008G228900.3_P1_AdigBF_3	2187	1/1	0	6	NA	6	2270	2	0	100	NA	0.0881057268722467
6171_Gorai.008G228900.3_P3_AdigBF_3	339	1/1	1	6	NA	7	2098	2	14	86	NA	0.0953288846520496
6171_Gorai.008G228900.3_P3_AdigBF_3	354	1/1	1	6	NA	7	2098	2	14	86	NA	0.0953288846520496
6227_Gorai.010G034900.1_P2_AdigBF	1918	0/1	6	2	NA	8	2150	1	75	25	NA	0.0465116279069767
6252_Gorai.013G105000.3_AdigBF	1084	0/1	20	5	NA	25	3310	3	80	20	NA	0.0906344410876133
6252_Gorai.013G105000.3_AdigBF	1356	0/1	7	3	NA	10	3310	3	70	30	NA	0.0906344410876133
6252_Gorai.013G105000.3_AdigBF	2840	0/1	5	3	NA	8	3310	3	62	38	NA	0.0906344410876133
6801_Gorai.008G191000.1_AdigBF	416	1/1	5	4	NA	9	2193	1	56	44	NA	0.0455996352029184
704_Gorai.012G017400.1_AdigBF	993	1/1	3	2	NA	5	4049	1	60	40	NA	0.0246974561620153
7126_Gorai.012G081300.2_AdigBF	2201	0/1	4	2	NA	6	3014	1	67	33	NA	0.033178500331785
7148_Gorai.008G046800.2_AdigBF	244	0/1	16	6	NA	22	3462	11	73	27	NA	0.317735413056037
7148_Gorai.008G046800.2_AdigBF	349	0/1	20	8	NA	28	3462	11	71	29	NA	0.317735413056037
7148_Gorai.008G046800.2_AdigBF	381	0/1	27	9	NA	36	3462	11	75	25	NA	0.317735413056037
7148_Gorai.008G046800.2_AdigBF	412	0/1	29	8	NA	37	3462	11	78	22	NA	0.317735413056037
7148_Gorai.008G046800.2_AdigBF	415	0/1	30	7	NA	37	3462	11	81	19	NA	0.317735413056037
7148_Gorai.008G046800.2_AdigBF	505	0/1	33	8	NA	41	3462	11	80	20	NA	0.317735413056037
7148_Gorai.008G046800.2_AdigBF	547	0/1	33	8	NA	41	3462	11	80	20	NA	0.317735413056037
7148_Gorai.008G046800.2_AdigBF	586	0/1	43	7	NA	50	3462	11	86	14	NA	0.317735413056037
7148_Gorai.008G046800.2_AdigBF	754	0/1	35	7	NA	42	3462	11	83	17	NA	0.317735413056037
7148_Gorai.008G046800.2_AdigBF	808	0/1	27	9	NA	36	3462	11	75	25	NA	0.317735413056037
7148_Gorai.008G046800.2_AdigBF	934	0/1	22	4	NA	26	3462	11	85	15	NA	0.317735413056037
727_Gorai.011G026100.1_AdigBF	116	0/1	14	7	NA	21	5099	5	67	33	NA	0.0980584428319278
727_Gorai.011G026100.1_AdigBF	162	0/1	12	8	NA	20	5099	5	60	40	NA	0.0980584428319278
727_Gorai.011G026100.1_AdigBF	167	0/1	12	9	NA	21	5099	5	57	43	NA	0.0980584428319278
727_Gorai.011G026100.1_AdigBF	184	0/1	15	4	NA	19	5099	5	79	21	NA	0.0980584428319278
727_Gorai.011G026100.1_AdigBF	258	0/1	10	5	NA	15	5099	5	67	33	NA	0.0980584428319278
7271_Gorai.005G267000.2_P1_AdigBF	1206	1/1	4	17	NA	21	2217	8	19	81	NA	0.36084799278304
7271_Gorai.005G267000.2_P1_AdigBF	1230	1/1	1	21	NA	22	2217	8	5	95	NA	0.36084799278304
7271_Gorai.005G267000.2_P1_AdigBF	1242	1/1	2	19	NA	21	2217	8	10	90	NA	0.36084799278304
7271_Gorai.005G267000.2_P1_AdigBF	1376	1/1	0	15	NA	15	2217	8	0	100	NA	0.36084799278304
7271_Gorai.005G267000.2_P1_AdigBF	1378	1/1	0	16	NA	16	2217	8	0	100	NA	0.36084799278304
7271_Gorai.005G267000.2_P1_AdigBF	1440	1/1	1	15	NA	16	2217	8	6	94	NA	0.36084799278304
7271_Gorai.005G267000.2_P1_AdigBF	2008	0/1	41	7	NA	48	2217	8	85	15	NA	0.36084799278304
7271_Gorai.005G267000.2_P1_AdigBF	2100	1/1	0	30	NA	30	2217	8	0	100	NA	0.36084799278304
7271_Gorai.005G267000.2_P1_AdigBF_3	1242	1/1	0	33	NA	33	2217	10	0	100	NA	0.4510599909788
7271_Gorai.005G267000.2_P1_AdigBF_3	1376	1/1	0	20	NA	20	2217	10	0	100	NA	0.4510599909788
7271_Gorai.005G267000.2_P1_AdigBF_3	1378	1/1	0	20	NA	20	2217	10	0	100	NA	0.4510599909788
7271_Gorai.005G267000.2_P1_AdigBF_3	1440	1/1	0	13	NA	13	2217	10	0	100	NA	0.4510599909788
7271_Gorai.005G267000.2_P1_AdigBF_3	1468	0/1	8	7	NA	15	2217	10	53	47	NA	0.4510599909788
7271_Gorai.005G267000.2_P1_AdigBF_3	1470	1/1	3	13	NA	16	2217	10	19	81	NA	0.4510599909788
7271_Gorai.005G267000.2_P1_AdigBF_3	2113	1/1	2	12	NA	14	2217	10	14	86	NA	0.4510599909788
7271_Gorai.005G267000.2_P1_AdigBF_3	2114	1/1	2	12	NA	14	2217	10	14	86	NA	0.4510599909788
7271_Gorai.005G267000.2_P1_AdigBF_3	2133	1/1	2	10	NA	12	2217	10	17	83	NA	0.4510599909788
7271_Gorai.005G267000.2_P1_AdigBF_3	2154	1/1	2	8	NA	10	2217	10	20	80	NA	0.4510599909788
7442_Gorai.012G040400.1_P1_AdigBF	968	0/1	8	3	NA	11	2057	7	73	27	NA	0.340301409820126
7442_Gorai.012G040400.1_P1_AdigBF	997	0/1	7	4	NA	11	2057	7	64	36	NA	0.340301409820126
7442_Gorai.012G040400.1_P1_AdigBF	1041	0/1	5	2	NA	7	2057	7	71	29	NA	0.340301409820126
7442_Gorai.012G040400.1_P1_AdigBF	1348	0/1	26	8	NA	34	2057	7	76	24	NA	0.340301409820126
7442_Gorai.012G040400.1_P1_AdigBF	1391	0/1	41	7	NA	48	2057	7	85	15	NA	0.340301409820126
7442_Gorai.012G040400.1_P1_AdigBF	1644	0/1	47	6	NA	53	2057	7	89	11	NA	0.340301409820126
7442_Gorai.012G040400.1_P1_AdigBF	1998	0/1	18	3	NA	21	2057	7	86	14	NA	0.340301409820126
7442_Gorai.012G040400.1_P3_AdigBF_3	468	1/1	0	7	NA	7	2221	7	0	100	NA	0.315173345339937
7442_Gorai.012G040400.1_P3_AdigBF_3	474	1/1	0	6	NA	6	2221	7	0	100	NA	0.315173345339937
7442_Gorai.012G040400.1_P3_AdigBF_3	493	1/1	1	5	NA	6	2221	7	17	83	NA	0.315173345339937
7442_Gorai.012G040400.1_P3_AdigBF_3	501	1/1	0	6	NA	6	2221	7	0	100	NA	0.315173345339937
7442_Gorai.012G040400.1_P3_AdigBF_3	525	1/1	0	7	NA	7	2221	7	0	100	NA	0.315173345339937
7442_Gorai.012G040400.1_P3_AdigBF_3	549	1/1	1	6	NA	7	2221	7	14	86	NA	0.315173345339937
7442_Gorai.012G040400.1_P3_AdigBF_3	597	1/1	0	6	NA	6	2221	7	0	100	NA	0.315173345339937
7780_Gorai.002G102000.1_P1_AdigBF_3	616	0/1	10	4	NA	14	1736	1	71	29	NA	0.0576036866359447
7780_Gorai.002G102000.1_P2_AdigBF	1063	0/1	18	7	NA	25	1392	3	72	28	NA	0.21551724137931
7780_Gorai.002G102000.1_P2_AdigBF	1084	0/1	18	8	NA	26	1392	3	69	31	NA	0.21551724137931
7780_Gorai.002G102000.1_P2_AdigBF	1180	0/1	15	3	NA	18	1392	3	83	17	NA	0.21551724137931
7780_Gorai.002G102000.1_P3_AdigBF_3	289	1/1	0	13	NA	13	1700	3	0	100	NA	0.176470588235294
7780_Gorai.002G102000.1_P3_AdigBF_3	307	1/1	1	10	NA	11	1700	3	9	91	NA	0.176470588235294
7780_Gorai.002G102000.1_P3_AdigBF_3	436	0/1	5	7	NA	12	1700	3	42	58	NA	0.176470588235294
7798_Gorai.009G344900.1_AdigBF	2911	0/1	10	10	NA	20	3085	1	50	50	NA	0.0324149108589951
7848_Gorai.001G047000.1_P2_AdigBF	870	1/1	1	3	NA	4	2994	4	25	75	NA	0.133600534402138
7848_Gorai.001G047000.1_P2_AdigBF	875	1/1	1	3	NA	4	2994	4	25	75	NA	0.133600534402138
7848_Gorai.001G047000.1_P2_AdigBF	882	1/1	1	3	NA	4	2994	4	25	75	NA	0.133600534402138
7848_Gorai.001G047000.1_P2_AdigBF	885	1/1	1	3	NA	4	2994	4	25	75	NA	0.133600534402138
7856_Gorai.003G086000.1_P1_AdigBF_3	1127	1/1	6	8	NA	14	1798	2	43	57	NA	0.111234705228031
7856_Gorai.003G086000.1_P1_AdigBF_3	1235	1/1	9	16	NA	25	1798	2	36	64	NA	0.111234705228031
7856_Gorai.003G086000.1_P3_AdigBF_3	578	1/1	13	34	NA	47	1792	1	28	72	NA	0.0558035714285714
8031_Gorai.003G035200.6_P1_AdigBF	292	0/1	11	3	NA	14	1243	6	79	21	NA	0.482703137570394
8031_Gorai.003G035200.6_P1_AdigBF	340	0/1	10	3	NA	13	1243	6	77	23	NA	0.482703137570394
8031_Gorai.003G035200.6_P1_AdigBF	379	0/1	8	3	NA	11	1243	6	73	27	NA	0.482703137570394
8031_Gorai.003G035200.6_P1_AdigBF	756	0/1	5	2	NA	7	1243	6	71	29	NA	0.482703137570394
8031_Gorai.003G035200.6_P1_AdigBF	810	0/1	5	3	NA	8	1243	6	62	38	NA	0.482703137570394
8031_Gorai.003G035200.6_P1_AdigBF	832	0/1	5	3	NA	8	1243	6	62	38	NA	0.482703137570394
8047_Gorai.004G175700.3_AdigBF	1636	0/1	5	2	NA	7	2193	3	71	29	NA	0.136798905608755
8047_Gorai.004G175700.3_AdigBF	1768	0/1	4	4	NA	8	2193	3	50	50	NA	0.136798905608755
8047_Gorai.004G175700.3_AdigBF	1840	0/1	13	5	NA	18	2193	3	72	28	NA	0.136798905608755
8071_Gorai.002G129300.6_P1_AdigBF_3	334	0/1	5	5	NA	10	1703	2	50	50	NA	0.117439812096301
8071_Gorai.002G129300.6_P1_AdigBF_3	337	0/1	4	5	NA	9	1703	2	44	56	NA	0.117439812096301
8313_Gorai.009G136600.1_AdigBF	1410	0/1	5	2	NA	7	2794	1	71	29	NA	0.0357909806728704
8477_Gorai.013G272100.1_AdigBF	2016	0/1	14	3	NA	17	2258	1	82	18	NA	0.0442869796279894
8697_Gorai.006G213600.4_AdigBF	143	0/1	5	3	NA	8	3234	2	62	38	NA	0.0618429189857761
8697_Gorai.006G213600.4_AdigBF	578	0/1	5	2	NA	7	3234	2	71	29	NA	0.0618429189857761
8902_Gorai.009G043400.2_P1_AdigBF	183	0/1	6	2	NA	8	1367	6	75	25	NA	0.438917337234821
8902_Gorai.009G043400.2_P1_AdigBF	294	0/1	12	6	NA	18	1367	6	67	33	NA	0.438917337234821
8902_Gorai.009G043400.2_P1_AdigBF	407	0/1	18	6	NA	24	1367	6	75	25	NA	0.438917337234821
8902_Gorai.009G043400.2_P1_AdigBF	411	0/1	19	6	NA	25	1367	6	76	24	NA	0.438917337234821
8902_Gorai.009G043400.2_P1_AdigBF	550	0/1	5	5	NA	10	1367	6	50	50	NA	0.438917337234821
8902_Gorai.009G043400.2_P1_AdigBF	750	0/1	12	3	NA	15	1367	6	80	20	NA	0.438917337234821
9076_Gorai.001G120700.4_AdigBF	120	0/1	9	4	NA	13	3031	1	69	31	NA	0.0329924117452986
9156_Gorai.009G268200.2_P2_AdigBF	760	1/1	1	4	NA	5	2374	14	20	80	NA	0.58972198820556
9156_Gorai.009G268200.2_P2_AdigBF	769	1/1	1	4	NA	5	2374	14	20	80	NA	0.58972198820556
9156_Gorai.009G268200.2_P2_AdigBF	1271	1/1	0	6	NA	6	2374	14	0	100	NA	0.58972198820556
9156_Gorai.009G268200.2_P2_AdigBF	1458	1/1	1	11	NA	12	2374	14	8	92	NA	0.58972198820556
9156_Gorai.009G268200.2_P2_AdigBF	1464	1/1	1	12	NA	13	2374	14	8	92	NA	0.58972198820556
9156_Gorai.009G268200.2_P2_AdigBF	1527	1/1	4	10	NA	14	2374	14	29	71	NA	0.58972198820556
9156_Gorai.009G268200.2_P2_AdigBF	1608	0/1	10	7	NA	17	2374	14	59	41	NA	0.58972198820556
9156_Gorai.009G268200.2_P2_AdigBF	1647	0/1	9	8	NA	17	2374	14	53	47	NA	0.58972198820556
9156_Gorai.009G268200.2_P2_AdigBF	1692	0/1	3	15	NA	18	2374	14	17	83	NA	0.58972198820556
9156_Gorai.009G268200.2_P2_AdigBF	1707	0/1	4	15	NA	19	2374	14	21	79	NA	0.58972198820556
9156_Gorai.009G268200.2_P2_AdigBF	1776	0/1	9	8	NA	17	2374	14	53	47	NA	0.58972198820556
9156_Gorai.009G268200.2_P2_AdigBF	1818	1/1	10	7	NA	17	2374	14	59	41	NA	0.58972198820556
9156_Gorai.009G268200.2_P2_AdigBF	1857	1/1	7	5	NA	12	2374	14	58	42	NA	0.58972198820556
9156_Gorai.009G268200.2_P2_AdigBF	1902	1/1	3	4	NA	7	2374	14	43	57	NA	0.58972198820556
9156_Gorai.009G268200.2_P2_AdigBF_3	1455	0/1	5	5	NA	10	2374	6	50	50	NA	0.25273799494524
9156_Gorai.009G268200.2_P2_AdigBF_3	1458	1/1	2	8	NA	10	2374	6	20	80	NA	0.25273799494524
9156_Gorai.009G268200.2_P2_AdigBF_3	1464	1/1	2	8	NA	10	2374	6	20	80	NA	0.25273799494524
9156_Gorai.009G268200.2_P2_AdigBF_3	1527	1/1	1	10	NA	11	2374	6	9	91	NA	0.25273799494524
9156_Gorai.009G268200.2_P2_AdigBF_3	1692	1/1	4	9	NA	13	2374	6	31	69	NA	0.25273799494524
9156_Gorai.009G268200.2_P2_AdigBF_3	1707	1/1	5	10	NA	15	2374	6	33	67	NA	0.25273799494524
923_Gorai.005G170300.2_P2_AdigBF_3	809	1/1	0	12	NA	12	3035	2	0	100	NA	0.0658978583196046
923_Gorai.005G170300.2_P2_AdigBF_3	937	1/1	1	7	NA	8	3035	2	12	88	NA	0.0658978583196046
9263_Gorai.004G098000.1_P1_AdigBF	384	0/1	3	10	NA	13	1251	4	23	77	NA	0.319744204636291
9263_Gorai.004G098000.1_P1_AdigBF	420	0/1	8	4	NA	12	1251	4	67	33	NA	0.319744204636291
9263_Gorai.004G098000.1_P1_AdigBF	423	0/1	4	8	NA	12	1251	4	33	67	NA	0.319744204636291
9263_Gorai.004G098000.1_P1_AdigBF	437	0/1	7	4	NA	11	1251	4	64	36	NA	0.319744204636291
9263_Gorai.004G098000.1_P1_AdigBF_3	420	0/1	6	3	NA	9	1251	3	67	33	NA	0.239808153477218
9263_Gorai.004G098000.1_P1_AdigBF_3	437	0/1	5	4	NA	9	1251	3	56	44	NA	0.239808153477218
9263_Gorai.004G098000.1_P1_AdigBF_3	516	1/1	3	4	NA	7	1251	3	43	57	NA	0.239808153477218
9516_Gorai.010G134100.1_AdigBF	125	0/1	6	3	NA	9	2359	1	67	33	NA	0.0423908435777872
959_Gorai.001G017000.1_P2_AdigBF_3	787	1/1	0	2	NA	2	1319	2	0	100	NA	0.151630022744503
959_Gorai.001G017000.1_P2_AdigBF_3	805	1/1	0	3	NA	3	1319	2	0	100	NA	0.151630022744503
9657_Gorai.004G033500.2_AdigBF	1202	1/1	2	7	NA	9	2301	6	22	78	NA	0.260756192959583
9657_Gorai.004G033500.2_AdigBF	1236	1/1	0	11	NA	11	2301	6	0	100	NA	0.260756192959583
9657_Gorai.004G033500.2_AdigBF	1280	1/1	0	10	NA	10	2301	6	0	100	NA	0.260756192959583
9657_Gorai.004G033500.2_AdigBF	1281	1/1	0	10	NA	10	2301	6	0	100	NA	0.260756192959583
9657_Gorai.004G033500.2_AdigBF	1295	1/1	0	10	NA	10	2301	6	0	100	NA	0.260756192959583
9657_Gorai.004G033500.2_AdigBF	1304	1/1	0	11	NA	11	2301	6	0	100	NA	0.260756192959583
9657_Gorai.004G033500.2_AdigBF_3	1236	1/1	0	15	NA	15	2301	6	0	100	NA	0.260756192959583
9657_Gorai.004G033500.2_AdigBF_3	1280	1/1	0	12	NA	12	2301	6	0	100	NA	0.260756192959583
9657_Gorai.004G033500.2_AdigBF_3	1281	1/1	0	12	NA	12	2301	6	0	100	NA	0.260756192959583
9657_Gorai.004G033500.2_AdigBF_3	1295	1/1	0	12	NA	12	2301	6	0	100	NA	0.260756192959583
9657_Gorai.004G033500.2_AdigBF_3	1304	1/1	0	10	NA	10	2301	6	0	100	NA	0.260756192959583
9657_Gorai.004G033500.2_AdigBF_3	1355	1/1	1	5	NA	6	2301	6	17	83	NA	0.260756192959583
9791_Gorai.002G036300.1_AdigBF	1555	0/1	5	2	NA	7	2054	1	71	29	NA	0.0486854917234664
9918_Gorai.013G145300.4_AdigBF	173	0/1	9	4	NA	13	1643	1	69	31	NA	0.0608642726719416
