allele	position	GT	ref.reads	alt1.reads	alt2.reads	total.reads	length	var_sites	perc_ref	perc_alt1	perc_alt2	perc_variant
10149_Gorai.006G244400.2_P2_AdigSen	754	1/1	0	9	NA	9	1602	16	0	100	NA	0.998751560549313
10149_Gorai.006G244400.2_P2_AdigSen	768	1/1	0	9	NA	9	1602	16	0	100	NA	0.998751560549313
10149_Gorai.006G244400.2_P2_AdigSen	829	0/1	4	8	NA	12	1602	16	33	67	NA	0.998751560549313
10149_Gorai.006G244400.2_P2_AdigSen	843	0/1	4	7	NA	11	1602	16	36	64	NA	0.998751560549313
10149_Gorai.006G244400.2_P2_AdigSen	847	0/1	4	6	NA	10	1602	16	40	60	NA	0.998751560549313
10149_Gorai.006G244400.2_P2_AdigSen	862	0/1	3	2	NA	5	1602	16	60	40	NA	0.998751560549313
10149_Gorai.006G244400.2_P2_AdigSen	1371	1/1	3	26	NA	29	1602	16	10	90	NA	0.998751560549313
10149_Gorai.006G244400.2_P2_AdigSen	1386	1/1	2	29	NA	31	1602	16	6	94	NA	0.998751560549313
10149_Gorai.006G244400.2_P2_AdigSen	1424	1/1	4	31	NA	35	1602	16	11	89	NA	0.998751560549313
10149_Gorai.006G244400.2_P2_AdigSen	1445	0/1	16	19	NA	35	1602	16	46	54	NA	0.998751560549313
10149_Gorai.006G244400.2_P2_AdigSen	1459	0/1	6	26	NA	32	1602	16	19	81	NA	0.998751560549313
10149_Gorai.006G244400.2_P2_AdigSen	1478	0/1	7	22	NA	29	1602	16	24	76	NA	0.998751560549313
10149_Gorai.006G244400.2_P2_AdigSen	1479	0/1	6	22	NA	28	1602	16	21	79	NA	0.998751560549313
10149_Gorai.006G244400.2_P2_AdigSen	1483	0/1	6	22	NA	28	1602	16	21	79	NA	0.998751560549313
10149_Gorai.006G244400.2_P2_AdigSen	1507	0/1	5	22	NA	27	1602	16	19	81	NA	0.998751560549313
10149_Gorai.006G244400.2_P2_AdigSen	1537	0/1	5	19	NA	24	1602	16	21	79	NA	0.998751560549313
10149_Gorai.006G244400.2_P2_AdigSen_3	754	1/1	0	5	NA	5	1602	14	0	100	NA	0.873907615480649
10149_Gorai.006G244400.2_P2_AdigSen_3	768	1/1	0	5	NA	5	1602	14	0	100	NA	0.873907615480649
10149_Gorai.006G244400.2_P2_AdigSen_3	792	1/1	7	5	NA	12	1602	14	58	42	NA	0.873907615480649
10149_Gorai.006G244400.2_P2_AdigSen_3	795	1/1	7	5	NA	12	1602	14	58	42	NA	0.873907615480649
10149_Gorai.006G244400.2_P2_AdigSen_3	829	1/1	9	5	NA	14	1602	14	64	36	NA	0.873907615480649
10149_Gorai.006G244400.2_P2_AdigSen_3	843	1/1	9	5	NA	14	1602	14	64	36	NA	0.873907615480649
10149_Gorai.006G244400.2_P2_AdigSen_3	856	1/1	9	2	NA	11	1602	14	82	18	NA	0.873907615480649
10149_Gorai.006G244400.2_P2_AdigSen_3	1504	0/1	7	8	NA	15	1602	14	47	53	NA	0.873907615480649
10149_Gorai.006G244400.2_P2_AdigSen_3	1513	0/1	16	4	NA	20	1602	14	80	20	NA	0.873907615480649
10149_Gorai.006G244400.2_P2_AdigSen_3	1530	0/1	16	4	NA	20	1602	14	80	20	NA	0.873907615480649
10149_Gorai.006G244400.2_P2_AdigSen_3	1532	0/1	16	4	NA	20	1602	14	80	20	NA	0.873907615480649
10149_Gorai.006G244400.2_P2_AdigSen_3	1537	0/1	9	12	NA	21	1602	14	43	57	NA	0.873907615480649
10149_Gorai.006G244400.2_P2_AdigSen_3	1538	0/1	17	4	NA	21	1602	14	81	19	NA	0.873907615480649
10149_Gorai.006G244400.2_P2_AdigSen_3	1565	0/1	17	4	NA	21	1602	14	81	19	NA	0.873907615480649
1028_Gorai.013G094000.2_AdigSen	457	1/1	9	53	NA	62	1767	1	15	85	NA	0.0565930956423316
1028_Gorai.013G094000.2_AdigSen_3	457	1/1	3	68	NA	71	1767	1	4	96	NA	0.0565930956423316
10375_Gorai.003G120400.2_P1_AdigSen	1650	1/1	0	3	NA	3	2208	8	0	100	NA	0.36231884057971
10375_Gorai.003G120400.2_P1_AdigSen	1662	1/1	0	4	NA	4	2208	8	0	100	NA	0.36231884057971
10375_Gorai.003G120400.2_P1_AdigSen	1671	1/1	0	4	NA	4	2208	8	0	100	NA	0.36231884057971
10375_Gorai.003G120400.2_P1_AdigSen	1716	1/1	0	8	NA	8	2208	8	0	100	NA	0.36231884057971
10375_Gorai.003G120400.2_P1_AdigSen	1737	0/1	1	6	NA	7	2208	8	14	86	NA	0.36231884057971
10375_Gorai.003G120400.2_P1_AdigSen	1747	0/1	3	5	NA	8	2208	8	38	62	NA	0.36231884057971
10375_Gorai.003G120400.2_P1_AdigSen	1776	0/1	2	6	NA	8	2208	8	25	75	NA	0.36231884057971
10375_Gorai.003G120400.2_P1_AdigSen	1785	1/1	3	8	NA	11	2208	8	27	73	NA	0.36231884057971
10375_Gorai.003G120400.2_P1_AdigSen_3	1650	1/1	4	9	NA	13	2208	19	31	69	NA	0.860507246376812
10375_Gorai.003G120400.2_P1_AdigSen_3	1662	1/1	3	9	NA	12	2208	19	25	75	NA	0.860507246376812
10375_Gorai.003G120400.2_P1_AdigSen_3	1671	1/1	3	9	NA	12	2208	19	25	75	NA	0.860507246376812
10375_Gorai.003G120400.2_P1_AdigSen_3	1716	1/1	0	10	NA	10	2208	19	0	100	NA	0.860507246376812
10375_Gorai.003G120400.2_P1_AdigSen_3	1776	1/1	0	13	NA	13	2208	19	0	100	NA	0.860507246376812
10375_Gorai.003G120400.2_P1_AdigSen_3	1785	1/1	0	13	NA	13	2208	19	0	100	NA	0.860507246376812
10375_Gorai.003G120400.2_P1_AdigSen_3	1812	1/1	0	9	NA	9	2208	19	0	100	NA	0.860507246376812
10375_Gorai.003G120400.2_P1_AdigSen_3	1818	1/1	0	9	NA	9	2208	19	0	100	NA	0.860507246376812
10375_Gorai.003G120400.2_P1_AdigSen_3	1821	1/1	0	9	NA	9	2208	19	0	100	NA	0.860507246376812
10375_Gorai.003G120400.2_P1_AdigSen_3	1829	1/1	1	7	NA	8	2208	19	12	88	NA	0.860507246376812
10375_Gorai.003G120400.2_P1_AdigSen_3	1833	1/1	1	6	NA	7	2208	19	14	86	NA	0.860507246376812
10375_Gorai.003G120400.2_P1_AdigSen_3	1836	1/1	1	6	NA	7	2208	19	14	86	NA	0.860507246376812
10375_Gorai.003G120400.2_P1_AdigSen_3	1839	1/1	1	6	NA	7	2208	19	14	86	NA	0.860507246376812
10375_Gorai.003G120400.2_P1_AdigSen_3	1845	1/1	1	6	NA	7	2208	19	14	86	NA	0.860507246376812
10375_Gorai.003G120400.2_P1_AdigSen_3	1854	1/1	1	6	NA	7	2208	19	14	86	NA	0.860507246376812
10375_Gorai.003G120400.2_P1_AdigSen_3	1855	1/1	1	6	NA	7	2208	19	14	86	NA	0.860507246376812
10375_Gorai.003G120400.2_P1_AdigSen_3	1857	1/1	1	6	NA	7	2208	19	14	86	NA	0.860507246376812
10375_Gorai.003G120400.2_P1_AdigSen_3	1869	1/1	1	7	NA	8	2208	19	12	88	NA	0.860507246376812
10375_Gorai.003G120400.2_P1_AdigSen_3	1900	1/1	1	7	NA	8	2208	19	12	88	NA	0.860507246376812
10375_Gorai.003G120400.2_P2_AdigSen	1562	0/1	17	3	NA	20	1648	2	85	15	NA	0.121359223300971
10375_Gorai.003G120400.2_P2_AdigSen	1567	0/1	15	3	NA	18	1648	2	83	17	NA	0.121359223300971
10378_Gorai.008G223500.4_P2_AdigSen	831	0/1	5	2	NA	7	2114	5	71	29	NA	0.236518448438978
10378_Gorai.008G223500.4_P2_AdigSen	836	0/1	5	2	NA	7	2114	5	71	29	NA	0.236518448438978
10378_Gorai.008G223500.4_P2_AdigSen	839	0/1	5	2	NA	7	2114	5	71	29	NA	0.236518448438978
10378_Gorai.008G223500.4_P2_AdigSen	903	0/1	5	3	NA	8	2114	5	62	38	NA	0.236518448438978
10378_Gorai.008G223500.4_P2_AdigSen	914	0/1	6	2	NA	8	2114	5	75	25	NA	0.236518448438978
10846_Gorai.002G129100.1_AdigSen	121	0/1	7	3	NA	10	3421	2	70	30	NA	0.0584624378836597
10846_Gorai.002G129100.1_AdigSen	3190	0/1	74	12	NA	86	3421	2	86	14	NA	0.0584624378836597
10952_Gorai.010G135000.1_AdigSen	171	0/1	12	5	NA	17	1650	9	71	29	NA	0.545454545454545
10952_Gorai.010G135000.1_AdigSen	224	0/1	9	4	NA	13	1650	9	69	31	NA	0.545454545454545
10952_Gorai.010G135000.1_AdigSen	237	0/1	8	4	NA	12	1650	9	67	33	NA	0.545454545454545
10952_Gorai.010G135000.1_AdigSen	251	0/1	8	4	NA	12	1650	9	67	33	NA	0.545454545454545
10952_Gorai.010G135000.1_AdigSen	1078	0/1	14	3	NA	17	1650	9	82	18	NA	0.545454545454545
10952_Gorai.010G135000.1_AdigSen	1431	0/1	19	8	NA	27	1650	9	70	30	NA	0.545454545454545
10952_Gorai.010G135000.1_AdigSen	1551	0/1	59	7	NA	66	1650	9	89	11	NA	0.545454545454545
10952_Gorai.010G135000.1_AdigSen	1574	0/1	38	23	NA	61	1650	9	62	38	NA	0.545454545454545
10952_Gorai.010G135000.1_AdigSen	1598	0/1	38	7	NA	45	1650	9	84	16	NA	0.545454545454545
11201_Gorai.009G235000.3_AdigSen	476	0/1	65	21	NA	86	1088	21	76	24	NA	1.93014705882353
11201_Gorai.009G235000.3_AdigSen	482	0/1	65	22	NA	87	1088	21	75	25	NA	1.93014705882353
11201_Gorai.009G235000.3_AdigSen	500	0/1	72	22	NA	94	1088	21	77	23	NA	1.93014705882353
11201_Gorai.009G235000.3_AdigSen	566	0/1	92	3	NA	95	1088	21	97	3	NA	1.93014705882353
11201_Gorai.009G235000.3_AdigSen	570	0/1	92	3	NA	95	1088	21	97	3	NA	1.93014705882353
11201_Gorai.009G235000.3_AdigSen	572	0/1	21	3	NA	24	1088	21	88	12	NA	1.93014705882353
11201_Gorai.009G235000.3_AdigSen	578	0/1	94	3	NA	97	1088	21	97	3	NA	1.93014705882353
11201_Gorai.009G235000.3_AdigSen	581	0/1	79	16	NA	95	1088	21	83	17	NA	1.93014705882353
11201_Gorai.009G235000.3_AdigSen	584	0/1	94	3	NA	97	1088	21	97	3	NA	1.93014705882353
11201_Gorai.009G235000.3_AdigSen	587	0/1	20	78	NA	98	1088	21	20	80	NA	1.93014705882353
11201_Gorai.009G235000.3_AdigSen	593	0/1	94	4	NA	98	1088	21	96	4	NA	1.93014705882353
11201_Gorai.009G235000.3_AdigSen	954	0/1	62	34	NA	96	1088	21	65	35	NA	1.93014705882353
11201_Gorai.009G235000.3_AdigSen	957	0/1	58	35	NA	93	1088	21	62	38	NA	1.93014705882353
11201_Gorai.009G235000.3_AdigSen	972	0/1	48	43	NA	91	1088	21	53	47	NA	1.93014705882353
11201_Gorai.009G235000.3_AdigSen	987	0/1	43	44	NA	87	1088	21	49	51	NA	1.93014705882353
11201_Gorai.009G235000.3_AdigSen	990	0/1	41	46	NA	87	1088	21	47	53	NA	1.93014705882353
11201_Gorai.009G235000.3_AdigSen	996	0/1	40	45	NA	85	1088	21	47	53	NA	1.93014705882353
11201_Gorai.009G235000.3_AdigSen	999	0/1	38	45	NA	83	1088	21	46	54	NA	1.93014705882353
11201_Gorai.009G235000.3_AdigSen	1002	0/1	38	45	NA	83	1088	21	46	54	NA	1.93014705882353
11201_Gorai.009G235000.3_AdigSen	1017	0/1	28	49	NA	77	1088	21	36	64	NA	1.93014705882353
11201_Gorai.009G235000.3_AdigSen	1083	1/1	3	43	NA	46	1088	21	7	93	NA	1.93014705882353
11201_Gorai.009G235000.3_AdigSen_3	500	1/1	59	52	NA	111	1088	6	53	47	NA	0.551470588235294
11201_Gorai.009G235000.3_AdigSen_3	581	1/1	59	34	NA	93	1088	6	63	37	NA	0.551470588235294
11201_Gorai.009G235000.3_AdigSen_3	957	0/1	21	36	NA	57	1088	6	37	63	NA	0.551470588235294
11201_Gorai.009G235000.3_AdigSen_3	990	0/1	16	44	NA	60	1088	6	27	73	NA	0.551470588235294
11201_Gorai.009G235000.3_AdigSen_3	1017	1/1	8	54	NA	62	1088	6	13	87	NA	0.551470588235294
11201_Gorai.009G235000.3_AdigSen_3	1083	1/1	1	40	NA	41	1088	6	2	98	NA	0.551470588235294
11217_Gorai.002G050300.2_P1_AdigSen	1099	0/1	6	6	NA	12	1365	3	50	50	NA	0.21978021978022
11217_Gorai.002G050300.2_P1_AdigSen	1135	0/1	5	7	NA	12	1365	3	42	58	NA	0.21978021978022
11217_Gorai.002G050300.2_P1_AdigSen	1198	0/1	5	11	NA	16	1365	3	31	69	NA	0.21978021978022
11217_Gorai.002G050300.2_P1_AdigSen_3	1135	1/1	5	5	NA	10	1365	4	50	50	NA	0.293040293040293
11217_Gorai.002G050300.2_P1_AdigSen_3	1198	1/1	4	6	NA	10	1365	4	40	60	NA	0.293040293040293
11217_Gorai.002G050300.2_P1_AdigSen_3	1231	1/1	2	6	NA	8	1365	4	25	75	NA	0.293040293040293
11217_Gorai.002G050300.2_P1_AdigSen_3	1234	1/1	2	6	NA	8	1365	4	25	75	NA	0.293040293040293
11426_Gorai.011G126700.1_AdigSen	1221	1/1	10	9	NA	19	1706	8	53	47	NA	0.468933177022274
11426_Gorai.011G126700.1_AdigSen	1227	1/1	9	14	NA	23	1706	8	39	61	NA	0.468933177022274
11426_Gorai.011G126700.1_AdigSen	1237	1/1	7	17	NA	24	1706	8	29	71	NA	0.468933177022274
11426_Gorai.011G126700.1_AdigSen	1245	1/1	7	17	NA	24	1706	8	29	71	NA	0.468933177022274
11426_Gorai.011G126700.1_AdigSen	1268	1/1	4	23	NA	27	1706	8	15	85	NA	0.468933177022274
11426_Gorai.011G126700.1_AdigSen	1273	1/1	4	24	NA	28	1706	8	14	86	NA	0.468933177022274
11426_Gorai.011G126700.1_AdigSen	1297	1/1	1	24	NA	25	1706	8	4	96	NA	0.468933177022274
11426_Gorai.011G126700.1_AdigSen	1369	1/1	6	6	NA	12	1706	8	50	50	NA	0.468933177022274
11772_Gorai.008G015500.1_AdigSen	201	1/1	19	54	NA	73	1988	1	26	74	NA	0.0503018108651912
1189_Gorai.008G016300.1_P1_AdigSen	2684	1/1	2	8	NA	10	3823	1	20	80	NA	0.0261574679571018
1189_Gorai.008G016300.1_P1_AdigSen_3	2684	1/1	1	11	NA	12	3823	1	8	92	NA	0.0261574679571018
1189_Gorai.008G016300.1_P2_AdigSen	3140	0/1	7	9	NA	16	3820	5	44	56	NA	0.130890052356021
1189_Gorai.008G016300.1_P2_AdigSen	3305	1/1	0	36	NA	36	3820	5	0	100	NA	0.130890052356021
1189_Gorai.008G016300.1_P2_AdigSen	3347	1/1	0	28	NA	28	3820	5	0	100	NA	0.130890052356021
1189_Gorai.008G016300.1_P2_AdigSen	3353	0/1	17	10	NA	27	3820	5	63	37	NA	0.130890052356021
1189_Gorai.008G016300.1_P2_AdigSen	3359	1/1	0	25	NA	25	3820	5	0	100	NA	0.130890052356021
1189_Gorai.008G016300.1_P2_AdigSen_3	3350	1/1	0	30	NA	30	3820	5	0	100	NA	0.130890052356021
1189_Gorai.008G016300.1_P2_AdigSen_3	3417	1/1	1	27	NA	28	3820	5	4	96	NA	0.130890052356021
1189_Gorai.008G016300.1_P2_AdigSen_3	3449	1/1	19	21	NA	40	3820	5	48	52	NA	0.130890052356021
1189_Gorai.008G016300.1_P2_AdigSen_3	3452	1/1	25	18	NA	43	3820	5	58	42	NA	0.130890052356021
1189_Gorai.008G016300.1_P2_AdigSen_3	3461	1/1	27	20	NA	47	3820	5	57	43	NA	0.130890052356021
12182_Gorai.001G115500.2_AdigSen	1684	0/1	5	2	NA	7	2411	1	71	29	NA	0.0414765657403567
123_Gorai.011G217300.1_AdigSen	4532	1/1	1	16	NA	17	6696	5	6	94	NA	0.0746714456391876
123_Gorai.011G217300.1_AdigSen	5340	1/1	0	8	NA	8	6696	5	0	100	NA	0.0746714456391876
123_Gorai.011G217300.1_AdigSen	5354	1/1	0	7	NA	7	6696	5	0	100	NA	0.0746714456391876
123_Gorai.011G217300.1_AdigSen	5355	1/1	0	4	NA	4	6696	5	0	100	NA	0.0746714456391876
123_Gorai.011G217300.1_AdigSen	5357	1/1	0	8	NA	8	6696	5	0	100	NA	0.0746714456391876
123_Gorai.011G217300.1_AdigSen_3	4532	0/1	5	16	NA	21	6696	40	24	76	NA	0.597371565113501
123_Gorai.011G217300.1_AdigSen_3	5243	0/1	3	2	NA	5	6696	40	60	40	NA	0.597371565113501
123_Gorai.011G217300.1_AdigSen_3	5258	0/1	2	2	NA	4	6696	40	50	50	NA	0.597371565113501
123_Gorai.011G217300.1_AdigSen_3	5261	0/1	2	2	NA	4	6696	40	50	50	NA	0.597371565113501
123_Gorai.011G217300.1_AdigSen_3	5266	0/1	2	2	NA	4	6696	40	50	50	NA	0.597371565113501
123_Gorai.011G217300.1_AdigSen_3	5267	0/1	2	2	NA	4	6696	40	50	50	NA	0.597371565113501
123_Gorai.011G217300.1_AdigSen_3	5269	0/1	2	2	NA	4	6696	40	50	50	NA	0.597371565113501
123_Gorai.011G217300.1_AdigSen_3	5279	0/1	2	2	NA	4	6696	40	50	50	NA	0.597371565113501
123_Gorai.011G217300.1_AdigSen_3	5288	0/1	2	2	NA	4	6696	40	50	50	NA	0.597371565113501
123_Gorai.011G217300.1_AdigSen_3	5300	0/1	2	3	NA	5	6696	40	40	60	NA	0.597371565113501
123_Gorai.011G217300.1_AdigSen_3	5303	0/1	2	3	NA	5	6696	40	40	60	NA	0.597371565113501
123_Gorai.011G217300.1_AdigSen_3	5327	1/1	1	4	NA	5	6696	40	20	80	NA	0.597371565113501
123_Gorai.011G217300.1_AdigSen_3	5340	1/1	0	5	NA	5	6696	40	0	100	NA	0.597371565113501
123_Gorai.011G217300.1_AdigSen_3	5354	1/1	0	5	NA	5	6696	40	0	100	NA	0.597371565113501
123_Gorai.011G217300.1_AdigSen_3	5357	1/1	0	5	NA	5	6696	40	0	100	NA	0.597371565113501
123_Gorai.011G217300.1_AdigSen_3	5387	1/1	0	4	NA	4	6696	40	0	100	NA	0.597371565113501
123_Gorai.011G217300.1_AdigSen_3	5390	1/1	0	3	NA	3	6696	40	0	100	NA	0.597371565113501
123_Gorai.011G217300.1_AdigSen_3	5399	1/1	0	3	NA	3	6696	40	0	100	NA	0.597371565113501
123_Gorai.011G217300.1_AdigSen_3	5405	1/1	0	2	NA	2	6696	40	0	100	NA	0.597371565113501
123_Gorai.011G217300.1_AdigSen_3	5406	1/1	0	2	NA	2	6696	40	0	100	NA	0.597371565113501
123_Gorai.011G217300.1_AdigSen_3	5408	1/1	0	2	NA	2	6696	40	0	100	NA	0.597371565113501
123_Gorai.011G217300.1_AdigSen_3	5415	1/1	0	2	NA	2	6696	40	0	100	NA	0.597371565113501
123_Gorai.011G217300.1_AdigSen_3	5417	1/1	0	2	NA	2	6696	40	0	100	NA	0.597371565113501
123_Gorai.011G217300.1_AdigSen_3	5432	1/1	0	2	NA	2	6696	40	0	100	NA	0.597371565113501
123_Gorai.011G217300.1_AdigSen_3	5438	1/1	0	2	NA	2	6696	40	0	100	NA	0.597371565113501
123_Gorai.011G217300.1_AdigSen_3	5442	1/1	0	2	NA	2	6696	40	0	100	NA	0.597371565113501
123_Gorai.011G217300.1_AdigSen_3	5450	1/1	0	2	NA	2	6696	40	0	100	NA	0.597371565113501
123_Gorai.011G217300.1_AdigSen_3	5787	1/1	4	2	NA	6	6696	40	67	33	NA	0.597371565113501
123_Gorai.011G217300.1_AdigSen_3	5792	1/1	4	2	NA	6	6696	40	67	33	NA	0.597371565113501
123_Gorai.011G217300.1_AdigSen_3	5795	1/1	4	2	NA	6	6696	40	67	33	NA	0.597371565113501
123_Gorai.011G217300.1_AdigSen_3	5796	1/1	4	2	NA	6	6696	40	67	33	NA	0.597371565113501
123_Gorai.011G217300.1_AdigSen_3	5804	1/1	4	2	NA	6	6696	40	67	33	NA	0.597371565113501
123_Gorai.011G217300.1_AdigSen_3	5813	1/1	5	2	NA	7	6696	40	71	29	NA	0.597371565113501
123_Gorai.011G217300.1_AdigSen_3	5819	1/1	5	2	NA	7	6696	40	71	29	NA	0.597371565113501
123_Gorai.011G217300.1_AdigSen_3	5830	1/1	5	2	NA	7	6696	40	71	29	NA	0.597371565113501
123_Gorai.011G217300.1_AdigSen_3	5841	1/1	5	2	NA	7	6696	40	71	29	NA	0.597371565113501
123_Gorai.011G217300.1_AdigSen_3	5849	1/1	5	2	NA	7	6696	40	71	29	NA	0.597371565113501
123_Gorai.011G217300.1_AdigSen_3	5852	1/1	5	2	NA	7	6696	40	71	29	NA	0.597371565113501
123_Gorai.011G217300.1_AdigSen_3	5855	1/1	5	2	NA	7	6696	40	71	29	NA	0.597371565113501
123_Gorai.011G217300.1_AdigSen_3	5879	1/1	3	2	NA	5	6696	40	60	40	NA	0.597371565113501
12588_Gorai.006G082300.1_AdigSen_3	2231	1/1	1	3	NA	4	3009	1	25	75	NA	0.0332336324360253
13692_Gorai.005G223700.2_P1_AdigSen	798	0/1	8	3	NA	11	1445	10	73	27	NA	0.692041522491349
13692_Gorai.005G223700.2_P1_AdigSen	809	0/1	8	4	NA	12	1445	10	67	33	NA	0.692041522491349
13692_Gorai.005G223700.2_P1_AdigSen	822	0/1	8	4	NA	12	1445	10	67	33	NA	0.692041522491349
13692_Gorai.005G223700.2_P1_AdigSen	827	0/1	8	4	NA	12	1445	10	67	33	NA	0.692041522491349
13692_Gorai.005G223700.2_P1_AdigSen	838	0/1	6	6	NA	12	1445	10	50	50	NA	0.692041522491349
13692_Gorai.005G223700.2_P1_AdigSen	864	0/1	8	4	NA	12	1445	10	67	33	NA	0.692041522491349
13692_Gorai.005G223700.2_P1_AdigSen	873	0/1	8	4	NA	12	1445	10	67	33	NA	0.692041522491349
13692_Gorai.005G223700.2_P1_AdigSen	903	0/1	6	3	NA	9	1445	10	67	33	NA	0.692041522491349
13692_Gorai.005G223700.2_P1_AdigSen	919	0/1	5	3	NA	8	1445	10	62	38	NA	0.692041522491349
13692_Gorai.005G223700.2_P1_AdigSen	939	0/1	2	2	NA	4	1445	10	50	50	NA	0.692041522491349
1379_Gorai.007G259700.2_P2_AdigSen	1520	1/1	0	11	NA	11	3578	2	0	100	NA	0.0558971492453885
1379_Gorai.007G259700.2_P2_AdigSen	1565	1/1	0	9	NA	9	3578	2	0	100	NA	0.0558971492453885
1379_Gorai.007G259700.2_P2_AdigSen_3	1446	1/1	0	3	NA	3	3578	7	0	100	NA	0.19564002235886
1379_Gorai.007G259700.2_P2_AdigSen_3	1456	1/1	1	3	NA	4	3578	7	25	75	NA	0.19564002235886
1379_Gorai.007G259700.2_P2_AdigSen_3	1460	1/1	1	3	NA	4	3578	7	25	75	NA	0.19564002235886
1379_Gorai.007G259700.2_P2_AdigSen_3	1477	1/1	1	4	NA	5	3578	7	20	80	NA	0.19564002235886
1379_Gorai.007G259700.2_P2_AdigSen_3	1489	1/1	1	4	NA	5	3578	7	20	80	NA	0.19564002235886
1379_Gorai.007G259700.2_P2_AdigSen_3	1494	1/1	0	4	NA	4	3578	7	0	100	NA	0.19564002235886
1379_Gorai.007G259700.2_P2_AdigSen_3	1520	1/1	0	6	NA	6	3578	7	0	100	NA	0.19564002235886
14121_Gorai.008G215800.2_AdigSen	726	1/1	9	68	NA	77	2668	1	12	88	NA	0.0374812593703148
1413_Gorai.001G037900.1_P2_AdigSen	157	0/1	1	3	NA	4	3048	4	25	75	NA	0.131233595800525
1413_Gorai.001G037900.1_P2_AdigSen	208	1/1	0	7	NA	7	3048	4	0	100	NA	0.131233595800525
1413_Gorai.001G037900.1_P2_AdigSen	220	1/1	0	7	NA	7	3048	4	0	100	NA	0.131233595800525
1413_Gorai.001G037900.1_P2_AdigSen	245	0/1	3	6	NA	9	3048	4	33	67	NA	0.131233595800525
1413_Gorai.001G037900.1_P2_AdigSen_3	131	1/1	2	4	NA	6	3048	4	33	67	NA	0.131233595800525
1413_Gorai.001G037900.1_P2_AdigSen_3	208	1/1	0	7	NA	7	3048	4	0	100	NA	0.131233595800525
1413_Gorai.001G037900.1_P2_AdigSen_3	220	1/1	0	7	NA	7	3048	4	0	100	NA	0.131233595800525
1413_Gorai.001G037900.1_P2_AdigSen_3	245	1/1	1	6	NA	7	3048	4	14	86	NA	0.131233595800525
14421_Gorai.012G106000.2_AdigSen	576	1/1	0	51	NA	51	1567	3	0	100	NA	0.1914486279515
14421_Gorai.012G106000.2_AdigSen	579	1/1	0	49	NA	49	1567	3	0	100	NA	0.1914486279515
14421_Gorai.012G106000.2_AdigSen	603	1/1	0	43	NA	43	1567	3	0	100	NA	0.1914486279515
14421_Gorai.012G106000.2_AdigSen_3	437	0/1	39	12	NA	51	1567	22	76	24	NA	1.40395660497766
14421_Gorai.012G106000.2_AdigSen_3	441	0/1	38	12	NA	50	1567	22	76	24	NA	1.40395660497766
14421_Gorai.012G106000.2_AdigSen_3	444	0/1	37	12	NA	49	1567	22	76	24	NA	1.40395660497766
14421_Gorai.012G106000.2_AdigSen_3	456	0/1	36	13	NA	49	1567	22	73	27	NA	1.40395660497766
14421_Gorai.012G106000.2_AdigSen_3	480	0/1	31	14	NA	45	1567	22	69	31	NA	1.40395660497766
14421_Gorai.012G106000.2_AdigSen_3	483	0/1	30	14	NA	44	1567	22	68	32	NA	1.40395660497766
14421_Gorai.012G106000.2_AdigSen_3	494	0/1	28	14	NA	42	1567	22	67	33	NA	1.40395660497766
14421_Gorai.012G106000.2_AdigSen_3	495	0/1	27	14	NA	41	1567	22	66	34	NA	1.40395660497766
14421_Gorai.012G106000.2_AdigSen_3	498	0/1	26	14	NA	40	1567	22	65	35	NA	1.40395660497766
14421_Gorai.012G106000.2_AdigSen_3	504	0/1	24	14	NA	38	1567	22	63	37	NA	1.40395660497766
14421_Gorai.012G106000.2_AdigSen_3	507	0/1	24	14	NA	38	1567	22	63	37	NA	1.40395660497766
14421_Gorai.012G106000.2_AdigSen_3	510	0/1	24	14	NA	38	1567	22	63	37	NA	1.40395660497766
14421_Gorai.012G106000.2_AdigSen_3	516	0/1	22	14	NA	36	1567	22	61	39	NA	1.40395660497766
14421_Gorai.012G106000.2_AdigSen_3	519	0/1	20	15	NA	35	1567	22	57	43	NA	1.40395660497766
14421_Gorai.012G106000.2_AdigSen_3	525	0/1	17	25	NA	42	1567	22	40	60	NA	1.40395660497766
14421_Gorai.012G106000.2_AdigSen_3	534	0/1	10	26	NA	36	1567	22	28	72	NA	1.40395660497766
14421_Gorai.012G106000.2_AdigSen_3	558	1/1	2	28	NA	30	1567	22	7	93	NA	1.40395660497766
14421_Gorai.012G106000.2_AdigSen_3	561	1/1	2	28	NA	30	1567	22	7	93	NA	1.40395660497766
14421_Gorai.012G106000.2_AdigSen_3	570	1/1	2	30	NA	32	1567	22	6	94	NA	1.40395660497766
14421_Gorai.012G106000.2_AdigSen_3	576	1/1	2	30	NA	32	1567	22	6	94	NA	1.40395660497766
14421_Gorai.012G106000.2_AdigSen_3	579	1/1	2	30	NA	32	1567	22	6	94	NA	1.40395660497766
14421_Gorai.012G106000.2_AdigSen_3	603	1/1	0	33	NA	33	1567	22	0	100	NA	1.40395660497766
14654_Gorai.005G220300.2_AdigSen_3	1593	1/1	1	6	NA	7	3482	6	14	86	NA	0.172314761631246
14654_Gorai.005G220300.2_AdigSen_3	1603	1/1	1	6	NA	7	3482	6	14	86	NA	0.172314761631246
14654_Gorai.005G220300.2_AdigSen_3	1621	1/1	1	6	NA	7	3482	6	14	86	NA	0.172314761631246
14654_Gorai.005G220300.2_AdigSen_3	1637	1/1	1	3	NA	4	3482	6	25	75	NA	0.172314761631246
14654_Gorai.005G220300.2_AdigSen_3	1638	1/1	1	3	NA	4	3482	6	25	75	NA	0.172314761631246
14654_Gorai.005G220300.2_AdigSen_3	1639	1/1	1	3	NA	4	3482	6	25	75	NA	0.172314761631246
14985_Gorai.005G078200.3_AdigSen	74	0/1	2	4	NA	6	1815	10	33	67	NA	0.550964187327824
14985_Gorai.005G078200.3_AdigSen	165	1/1	1	19	NA	20	1815	10	5	95	NA	0.550964187327824
14985_Gorai.005G078200.3_AdigSen	222	1/1	0	6	NA	6	1815	10	0	100	NA	0.550964187327824
14985_Gorai.005G078200.3_AdigSen	231	1/1	0	5	NA	5	1815	10	0	100	NA	0.550964187327824
14985_Gorai.005G078200.3_AdigSen	240	1/1	0	5	NA	5	1815	10	0	100	NA	0.550964187327824
14985_Gorai.005G078200.3_AdigSen	242	1/1	0	5	NA	5	1815	10	0	100	NA	0.550964187327824
14985_Gorai.005G078200.3_AdigSen	267	1/1	0	4	NA	4	1815	10	0	100	NA	0.550964187327824
14985_Gorai.005G078200.3_AdigSen	273	1/1	0	4	NA	4	1815	10	0	100	NA	0.550964187327824
14985_Gorai.005G078200.3_AdigSen	288	1/1	0	4	NA	4	1815	10	0	100	NA	0.550964187327824
14985_Gorai.005G078200.3_AdigSen	315	1/1	1	3	NA	4	1815	10	25	75	NA	0.550964187327824
14985_Gorai.005G078200.3_AdigSen_3	64	0/1	5	5	NA	10	1815	7	50	50	NA	0.385674931129477
14985_Gorai.005G078200.3_AdigSen_3	68	0/1	7	5	NA	12	1815	7	58	42	NA	0.385674931129477
14985_Gorai.005G078200.3_AdigSen_3	122	0/1	10	4	NA	14	1815	7	71	29	NA	0.385674931129477
14985_Gorai.005G078200.3_AdigSen_3	134	0/1	6	9	NA	15	1815	7	40	60	NA	0.385674931129477
14985_Gorai.005G078200.3_AdigSen_3	147	0/1	6	10	NA	16	1815	7	38	62	NA	0.385674931129477
14985_Gorai.005G078200.3_AdigSen_3	165	0/1	5	13	NA	18	1815	7	28	72	NA	0.385674931129477
14985_Gorai.005G078200.3_AdigSen_3	288	1/1	2	10	NA	12	1815	7	17	83	NA	0.385674931129477
15643_Gorai.009G023100.1_AdigSen	123	0/1	63	15	NA	78	2682	4	81	19	NA	0.149142431021626
15643_Gorai.009G023100.1_AdigSen	130	0/1	69	8	NA	77	2682	4	90	10	NA	0.149142431021626
15643_Gorai.009G023100.1_AdigSen	141	0/1	63	11	NA	74	2682	4	85	15	NA	0.149142431021626
15643_Gorai.009G023100.1_AdigSen	462	0/1	33	6	NA	39	2682	4	85	15	NA	0.149142431021626
1609_Gorai.007G247300.1_P1_AdigSen	2044	1/1	1	7	NA	8	2572	1	12	88	NA	0.0388802488335925
1609_Gorai.007G247300.1_P1_AdigSen_3	1994	1/1	0	5	NA	5	2572	2	0	100	NA	0.0777604976671851
1609_Gorai.007G247300.1_P1_AdigSen_3	2044	1/1	1	4	NA	5	2572	2	20	80	NA	0.0777604976671851
1609_Gorai.007G247300.1_P2_AdigSen	1259	0/1	4	2	NA	6	2301	6	67	33	NA	0.260756192959583
1609_Gorai.007G247300.1_P2_AdigSen	1277	0/1	4	2	NA	6	2301	6	67	33	NA	0.260756192959583
1609_Gorai.007G247300.1_P2_AdigSen	1283	0/1	4	2	NA	6	2301	6	67	33	NA	0.260756192959583
1609_Gorai.007G247300.1_P2_AdigSen	1304	0/1	4	2	NA	6	2301	6	67	33	NA	0.260756192959583
1609_Gorai.007G247300.1_P2_AdigSen	1310	0/1	4	2	NA	6	2301	6	67	33	NA	0.260756192959583
1609_Gorai.007G247300.1_P2_AdigSen	1379	0/1	4	4	NA	8	2301	6	50	50	NA	0.260756192959583
16773_Gorai.001G097400.1_AdigSen	1331	0/1	5	3	NA	8	1919	4	62	38	NA	0.208441896821261
16773_Gorai.001G097400.1_AdigSen	1542	0/1	23	8	NA	31	1919	4	74	26	NA	0.208441896821261
16773_Gorai.001G097400.1_AdigSen	1760	0/1	22	5	NA	27	1919	4	81	19	NA	0.208441896821261
16773_Gorai.001G097400.1_AdigSen	1781	0/1	14	17	NA	31	1919	4	45	55	NA	0.208441896821261
1681_Gorai.007G166700.1_AdigSen_3	2476	1/1	1	6	NA	7	3714	2	14	86	NA	0.053850296176629
1681_Gorai.007G166700.1_AdigSen_3	2605	1/1	1	4	NA	5	3714	2	20	80	NA	0.053850296176629
17013_Gorai.009G050600.1_AdigSen	124	0/1	5	4	NA	9	2431	3	56	44	NA	0.123406005758947
17013_Gorai.009G050600.1_AdigSen	154	0/1	5	2	NA	7	2431	3	71	29	NA	0.123406005758947
17013_Gorai.009G050600.1_AdigSen	166	0/1	5	2	NA	7	2431	3	71	29	NA	0.123406005758947
17633_Gorai.007G129100.7_AdigSen	595	0/1	6	2	NA	8	1611	1	75	25	NA	0.0620732464307883
180_Gorai.004G293400.1_AdigSen	5761	0/1	28	8	NA	36	6842	12	78	22	NA	0.175387313650979
180_Gorai.004G293400.1_AdigSen	5764	0/1	28	8	NA	36	6842	12	78	22	NA	0.175387313650979
180_Gorai.004G293400.1_AdigSen	5773	0/1	8	25	NA	33	6842	12	24	76	NA	0.175387313650979
180_Gorai.004G293400.1_AdigSen	5775	0/1	25	8	NA	33	6842	12	76	24	NA	0.175387313650979
180_Gorai.004G293400.1_AdigSen	5808	0/1	19	10	NA	29	6842	12	66	34	NA	0.175387313650979
180_Gorai.004G293400.1_AdigSen	5810	0/1	10	18	NA	28	6842	12	36	64	NA	0.175387313650979
180_Gorai.004G293400.1_AdigSen	5852	1/1	6	10	NA	16	6842	12	38	62	NA	0.175387313650979
180_Gorai.004G293400.1_AdigSen	5889	1/1	2	13	NA	15	6842	12	13	87	NA	0.175387313650979
180_Gorai.004G293400.1_AdigSen	5904	0/1	13	3	NA	16	6842	12	81	19	NA	0.175387313650979
180_Gorai.004G293400.1_AdigSen	5965	1/1	0	14	NA	14	6842	12	0	100	NA	0.175387313650979
180_Gorai.004G293400.1_AdigSen	5977	1/1	0	15	NA	15	6842	12	0	100	NA	0.175387313650979
180_Gorai.004G293400.1_AdigSen	5995	1/1	0	16	NA	16	6842	12	0	100	NA	0.175387313650979
180_Gorai.004G293400.1_AdigSen_3	5775	0/1	14	5	NA	19	6842	18	74	26	NA	0.263080970476469
180_Gorai.004G293400.1_AdigSen_3	5808	0/1	13	5	NA	18	6842	18	72	28	NA	0.263080970476469
180_Gorai.004G293400.1_AdigSen_3	5852	1/1	11	8	NA	19	6842	18	58	42	NA	0.263080970476469
180_Gorai.004G293400.1_AdigSen_3	5863	0/1	12	9	NA	21	6842	18	57	43	NA	0.263080970476469
180_Gorai.004G293400.1_AdigSen_3	5889	0/1	5	11	NA	16	6842	18	31	69	NA	0.263080970476469
180_Gorai.004G293400.1_AdigSen_3	5919	0/1	1	10	NA	11	6842	18	9	91	NA	0.263080970476469
180_Gorai.004G293400.1_AdigSen_3	5926	1/1	0	11	NA	11	6842	18	0	100	NA	0.263080970476469
180_Gorai.004G293400.1_AdigSen_3	5965	1/1	0	9	NA	9	6842	18	0	100	NA	0.263080970476469
180_Gorai.004G293400.1_AdigSen_3	5977	1/1	0	8	NA	8	6842	18	0	100	NA	0.263080970476469
180_Gorai.004G293400.1_AdigSen_3	5995	1/1	1	7	NA	8	6842	18	12	88	NA	0.263080970476469
180_Gorai.004G293400.1_AdigSen_3	5999	0/1	2	6	NA	8	6842	18	25	75	NA	0.263080970476469
180_Gorai.004G293400.1_AdigSen_3	6006	1/1	1	5	NA	6	6842	18	17	83	NA	0.263080970476469
180_Gorai.004G293400.1_AdigSen_3	6007	1/1	2	5	NA	7	6842	18	29	71	NA	0.263080970476469
180_Gorai.004G293400.1_AdigSen_3	6010	1/1	3	5	NA	8	6842	18	38	62	NA	0.263080970476469
180_Gorai.004G293400.1_AdigSen_3	6478	1/1	0	4	NA	4	6842	18	0	100	NA	0.263080970476469
180_Gorai.004G293400.1_AdigSen_3	6560	1/1	0	4	NA	4	6842	18	0	100	NA	0.263080970476469
180_Gorai.004G293400.1_AdigSen_3	6561	1/1	0	4	NA	4	6842	18	0	100	NA	0.263080970476469
180_Gorai.004G293400.1_AdigSen_3	6577	1/1	0	6	NA	6	6842	18	0	100	NA	0.263080970476469
18105_Gorai.008G211000.1_P1_AdigSen	1065	0/1	5	2	NA	7	1232	5	71	29	NA	0.405844155844156
18105_Gorai.008G211000.1_P1_AdigSen	1068	0/1	5	2	NA	7	1232	5	71	29	NA	0.405844155844156
18105_Gorai.008G211000.1_P1_AdigSen	1080	0/1	5	3	NA	8	1232	5	62	38	NA	0.405844155844156
18105_Gorai.008G211000.1_P1_AdigSen	1101	0/1	6	2	NA	8	1232	5	75	25	NA	0.405844155844156
18105_Gorai.008G211000.1_P1_AdigSen	1143	0/1	6	2	NA	8	1232	5	75	25	NA	0.405844155844156
18821_Gorai.009G001000.2_AdigSen	1289	0/1	25	7	NA	32	1848	4	78	22	NA	0.216450216450216
18821_Gorai.009G001000.2_AdigSen	1371	0/1	35	10	NA	45	1848	4	78	22	NA	0.216450216450216
18821_Gorai.009G001000.2_AdigSen	1594	0/1	40	6	NA	46	1848	4	87	13	NA	0.216450216450216
18821_Gorai.009G001000.2_AdigSen	1609	0/1	42	6	NA	48	1848	4	88	12	NA	0.216450216450216
18825_Gorai.004G127500.3_AdigSen	117	1/1	4	4	NA	8	1259	8	50	50	NA	0.635424940428912
18825_Gorai.004G127500.3_AdigSen	189	0/1	10	3	NA	13	1259	8	77	23	NA	0.635424940428912
18825_Gorai.004G127500.3_AdigSen	222	0/1	11	4	NA	15	1259	8	73	27	NA	0.635424940428912
18825_Gorai.004G127500.3_AdigSen	255	0/1	11	4	NA	15	1259	8	73	27	NA	0.635424940428912
18825_Gorai.004G127500.3_AdigSen	321	1/1	5	6	NA	11	1259	8	45	55	NA	0.635424940428912
18825_Gorai.004G127500.3_AdigSen	868	1/1	3	3	NA	6	1259	8	50	50	NA	0.635424940428912
18825_Gorai.004G127500.3_AdigSen	883	1/1	3	4	NA	7	1259	8	43	57	NA	0.635424940428912
18825_Gorai.004G127500.3_AdigSen	1075	1/1	0	6	NA	6	1259	8	0	100	NA	0.635424940428912
18825_Gorai.004G127500.3_AdigSen_3	970	0/1	6	3	NA	9	1259	8	67	33	NA	0.635424940428912
18825_Gorai.004G127500.3_AdigSen_3	979	0/1	5	3	NA	8	1259	8	62	38	NA	0.635424940428912
18825_Gorai.004G127500.3_AdigSen_3	994	0/1	3	4	NA	7	1259	8	43	57	NA	0.635424940428912
18825_Gorai.004G127500.3_AdigSen_3	997	0/1	4	3	NA	7	1259	8	57	43	NA	0.635424940428912
18825_Gorai.004G127500.3_AdigSen_3	1033	0/1	3	3	NA	6	1259	8	50	50	NA	0.635424940428912
18825_Gorai.004G127500.3_AdigSen_3	1066	0/1	1	3	NA	4	1259	8	25	75	NA	0.635424940428912
18825_Gorai.004G127500.3_AdigSen_3	1075	1/1	0	4	NA	4	1259	8	0	100	NA	0.635424940428912
18825_Gorai.004G127500.3_AdigSen_3	1081	1/1	0	3	NA	3	1259	8	0	100	NA	0.635424940428912
18966_Gorai.006G049000.1_P1_AdigSen	1264	1/1	102	89	NA	191	1705	3	53	47	NA	0.175953079178886
18966_Gorai.006G049000.1_P1_AdigSen	1390	1/1	22	195	NA	217	1705	3	10	90	NA	0.175953079178886
18966_Gorai.006G049000.1_P1_AdigSen	1600	1/1	46	136	NA	182	1705	3	25	75	NA	0.175953079178886
18966_Gorai.006G049000.1_P1_AdigSen_3	760	0/1	10	40	NA	50	1705	34	20	80	NA	1.9941348973607
18966_Gorai.006G049000.1_P1_AdigSen_3	826	0/1	30	32	NA	62	1705	34	48	52	NA	1.9941348973607
18966_Gorai.006G049000.1_P1_AdigSen_3	1264	0/1	80	94	NA	174	1705	34	46	54	NA	1.9941348973607
18966_Gorai.006G049000.1_P1_AdigSen_3	1294	0/1	139	51	NA	190	1705	34	73	27	NA	1.9941348973607
18966_Gorai.006G049000.1_P1_AdigSen_3	1307	0/1	137	59	NA	196	1705	34	70	30	NA	1.9941348973607
18966_Gorai.006G049000.1_P1_AdigSen_3	1327	0/1	153	63	NA	216	1705	34	71	29	NA	1.9941348973607
18966_Gorai.006G049000.1_P1_AdigSen_3	1330	0/1	140	78	NA	218	1705	34	64	36	NA	1.9941348973607
18966_Gorai.006G049000.1_P1_AdigSen_3	1345	0/1	126	78	NA	204	1705	34	62	38	NA	1.9941348973607
18966_Gorai.006G049000.1_P1_AdigSen_3	1390	1/1	15	188	NA	203	1705	34	7	93	NA	1.9941348973607
18966_Gorai.006G049000.1_P1_AdigSen_3	1393	0/1	129	86	NA	215	1705	34	60	40	NA	1.9941348973607
18966_Gorai.006G049000.1_P1_AdigSen_3	1402	0/1	163	53	NA	216	1705	34	75	25	NA	1.9941348973607
18966_Gorai.006G049000.1_P1_AdigSen_3	1432	0/1	137	61	NA	198	1705	34	69	31	NA	1.9941348973607
18966_Gorai.006G049000.1_P1_AdigSen_3	1450	0/1	117	82	NA	199	1705	34	59	41	NA	1.9941348973607
18966_Gorai.006G049000.1_P1_AdigSen_3	1483	0/1	102	94	NA	196	1705	34	52	48	NA	1.9941348973607
18966_Gorai.006G049000.1_P1_AdigSen_3	1489	0/1	147	47	NA	194	1705	34	76	24	NA	1.9941348973607
18966_Gorai.006G049000.1_P1_AdigSen_3	1495	1/2	24	93	75	192	1705	34	12	48	39	1.9941348973607
18966_Gorai.006G049000.1_P1_AdigSen_3	1522	0/1	114	72	NA	186	1705	34	61	39	NA	1.9941348973607
18966_Gorai.006G049000.1_P1_AdigSen_3	1552	0/1	86	82	NA	168	1705	34	51	49	NA	1.9941348973607
18966_Gorai.006G049000.1_P1_AdigSen_3	1573	0/1	98	64	NA	162	1705	34	60	40	NA	1.9941348973607
18966_Gorai.006G049000.1_P1_AdigSen_3	1576	0/1	103	56	NA	159	1705	34	65	35	NA	1.9941348973607
18966_Gorai.006G049000.1_P1_AdigSen_3	1579	0/1	140	23	NA	163	1705	34	86	14	NA	1.9941348973607
18966_Gorai.006G049000.1_P1_AdigSen_3	1585	0/1	160	12	NA	172	1705	34	93	7	NA	1.9941348973607
18966_Gorai.006G049000.1_P1_AdigSen_3	1588	0/1	159	15	NA	174	1705	34	91	9	NA	1.9941348973607
18966_Gorai.006G049000.1_P1_AdigSen_3	1600	0/1	99	63	NA	162	1705	34	61	39	NA	1.9941348973607
18966_Gorai.006G049000.1_P1_AdigSen_3	1612	0/1	103	51	NA	154	1705	34	67	33	NA	1.9941348973607
18966_Gorai.006G049000.1_P1_AdigSen_3	1628	0/1	82	53	NA	135	1705	34	61	39	NA	1.9941348973607
18966_Gorai.006G049000.1_P1_AdigSen_3	1636	0/1	85	41	NA	126	1705	34	67	33	NA	1.9941348973607
18966_Gorai.006G049000.1_P1_AdigSen_3	1639	0/1	120	15	NA	135	1705	34	89	11	NA	1.9941348973607
18966_Gorai.006G049000.1_P1_AdigSen_3	1651	0/1	83	36	NA	119	1705	34	70	30	NA	1.9941348973607
18966_Gorai.006G049000.1_P1_AdigSen_3	1669	1/1	53	20	NA	73	1705	34	73	27	NA	1.9941348973607
18966_Gorai.006G049000.1_P1_AdigSen_3	1681	1/1	0	20	NA	20	1705	34	0	100	NA	1.9941348973607
18966_Gorai.006G049000.1_P1_AdigSen_3	1684	1/1	0	71	NA	71	1705	34	0	100	NA	1.9941348973607
18966_Gorai.006G049000.1_P1_AdigSen_3	1690	0/1	66	3	NA	69	1705	34	96	4	NA	1.9941348973607
18966_Gorai.006G049000.1_P1_AdigSen_3	1693	0/1	60	3	NA	63	1705	34	95	5	NA	1.9941348973607
19864_Gorai.001G236500.2_P3_AdigSen	716	0/1	2	3	NA	5	1320	15	40	60	NA	1.13636363636364
19864_Gorai.001G236500.2_P3_AdigSen	765	0/1	1	3	NA	4	1320	15	25	75	NA	1.13636363636364
19864_Gorai.001G236500.2_P3_AdigSen	862	0/1	8	3	NA	11	1320	15	73	27	NA	1.13636363636364
19864_Gorai.001G236500.2_P3_AdigSen	889	1/1	3	9	NA	12	1320	15	25	75	NA	1.13636363636364
19864_Gorai.001G236500.2_P3_AdigSen	903	0/1	9	3	NA	12	1320	15	75	25	NA	1.13636363636364
19864_Gorai.001G236500.2_P3_AdigSen	969	0/1	5	3	NA	8	1320	15	62	38	NA	1.13636363636364
19864_Gorai.001G236500.2_P3_AdigSen	972	0/1	5	2	NA	7	1320	15	71	29	NA	1.13636363636364
19864_Gorai.001G236500.2_P3_AdigSen	987	0/1	6	3	NA	9	1320	15	67	33	NA	1.13636363636364
19864_Gorai.001G236500.2_P3_AdigSen	990	0/1	6	4	NA	10	1320	15	60	40	NA	1.13636363636364
19864_Gorai.001G236500.2_P3_AdigSen	996	0/1	7	3	NA	10	1320	15	70	30	NA	1.13636363636364
19864_Gorai.001G236500.2_P3_AdigSen	999	0/1	7	3	NA	10	1320	15	70	30	NA	1.13636363636364
19864_Gorai.001G236500.2_P3_AdigSen	1003	0/1	7	3	NA	10	1320	15	70	30	NA	1.13636363636364
19864_Gorai.001G236500.2_P3_AdigSen	1044	1/1	0	7	NA	7	1320	15	0	100	NA	1.13636363636364
19864_Gorai.001G236500.2_P3_AdigSen	1116	1/1	1	5	NA	6	1320	15	17	83	NA	1.13636363636364
19864_Gorai.001G236500.2_P3_AdigSen	1133	1/1	0	8	NA	8	1320	15	0	100	NA	1.13636363636364
19864_Gorai.001G236500.2_P3_AdigSen_3	889	1/1	0	8	NA	8	1320	7	0	100	NA	0.53030303030303
19864_Gorai.001G236500.2_P3_AdigSen_3	987	0/1	2	3	NA	5	1320	7	40	60	NA	0.53030303030303
19864_Gorai.001G236500.2_P3_AdigSen_3	990	0/1	2	3	NA	5	1320	7	40	60	NA	0.53030303030303
19864_Gorai.001G236500.2_P3_AdigSen_3	1044	1/1	0	6	NA	6	1320	7	0	100	NA	0.53030303030303
19864_Gorai.001G236500.2_P3_AdigSen_3	1067	0/1	3	5	NA	8	1320	7	38	62	NA	0.53030303030303
19864_Gorai.001G236500.2_P3_AdigSen_3	1121	0/1	6	6	NA	12	1320	7	50	50	NA	0.53030303030303
19864_Gorai.001G236500.2_P3_AdigSen_3	1133	0/1	4	8	NA	12	1320	7	33	67	NA	0.53030303030303
20156_Gorai.004G099500.2_AdigSen	1152	1/1	0	4	NA	4	1382	6	0	100	NA	0.434153400868307
20156_Gorai.004G099500.2_AdigSen	1173	1/1	1	3	NA	4	1382	6	25	75	NA	0.434153400868307
20156_Gorai.004G099500.2_AdigSen	1194	1/1	0	3	NA	3	1382	6	0	100	NA	0.434153400868307
20156_Gorai.004G099500.2_AdigSen	1202	1/1	0	3	NA	3	1382	6	0	100	NA	0.434153400868307
20156_Gorai.004G099500.2_AdigSen	1205	1/1	0	3	NA	3	1382	6	0	100	NA	0.434153400868307
20156_Gorai.004G099500.2_AdigSen	1210	1/1	0	3	NA	3	1382	6	0	100	NA	0.434153400868307
20156_Gorai.004G099500.2_AdigSen_3	1287	0/1	2	5	NA	7	1382	1	29	71	NA	0.0723589001447178
2020_Gorai.011G051500.2_AdigSen	1745	1/1	3	2	NA	5	5247	1	60	40	NA	0.0190585096245474
204_Gorai.004G241000.1_AdigSen	2747	0/1	35	14	NA	49	3087	2	71	29	NA	0.0647878198898607
204_Gorai.004G241000.1_AdigSen	2957	0/1	15	4	NA	19	3087	2	79	21	NA	0.0647878198898607
20747_Gorai.010G137900.2_AdigSen_3	1306	1/1	1	4	NA	5	1691	1	20	80	NA	0.0591366055588409
20778_Gorai.005G183500.2_P1_AdigSen	397	1/1	3	7	NA	10	1246	1	30	70	NA	0.0802568218298555
20941_Gorai.005G204300.1_AdigSen_3	934	1/1	7	10	NA	17	1238	2	41	59	NA	0.161550888529887
20941_Gorai.005G204300.1_AdigSen_3	980	1/1	6	11	NA	17	1238	2	35	65	NA	0.161550888529887
2184_Gorai.008G154400.3_AdigSen	1537	0/1	5	2	NA	7	2159	1	71	29	NA	0.0463177396943029
23608_Gorai.007G137300.2_AdigSen	351	0/1	10	3	NA	13	1312	5	77	23	NA	0.38109756097561
23608_Gorai.007G137300.2_AdigSen	383	0/1	10	4	NA	14	1312	5	71	29	NA	0.38109756097561
23608_Gorai.007G137300.2_AdigSen	385	0/1	10	4	NA	14	1312	5	71	29	NA	0.38109756097561
23608_Gorai.007G137300.2_AdigSen	404	0/1	9	4	NA	13	1312	5	69	31	NA	0.38109756097561
23608_Gorai.007G137300.2_AdigSen	405	0/1	9	4	NA	13	1312	5	69	31	NA	0.38109756097561
2377_Gorai.011G150500.4_AdigSen	2359	0/1	5	3	NA	8	3269	1	62	38	NA	0.0305903946160905
24559_Gorai.013G093200.1_AdigSen	247	0/1	4	3	NA	7	1124	2	57	43	NA	0.177935943060498
24559_Gorai.013G093200.1_AdigSen	258	0/1	4	3	NA	7	1124	2	57	43	NA	0.177935943060498
2550_Gorai.012G041400.1_AdigSen	2170	1/1	3	4	NA	7	3858	22	43	57	NA	0.570243649559357
2550_Gorai.012G041400.1_AdigSen	2200	0/1	8	2	NA	10	3858	22	80	20	NA	0.570243649559357
2550_Gorai.012G041400.1_AdigSen	2216	0/1	9	2	NA	11	3858	22	82	18	NA	0.570243649559357
2550_Gorai.012G041400.1_AdigSen	2218	0/1	2	10	NA	12	3858	22	17	83	NA	0.570243649559357
2550_Gorai.012G041400.1_AdigSen	2224	0/1	2	11	NA	13	3858	22	15	85	NA	0.570243649559357
2550_Gorai.012G041400.1_AdigSen	2236	0/1	2	12	NA	14	3858	22	14	86	NA	0.570243649559357
2550_Gorai.012G041400.1_AdigSen	2237	0/1	2	12	NA	14	3858	22	14	86	NA	0.570243649559357
2550_Gorai.012G041400.1_AdigSen	3634	0/1	6	5	NA	11	3858	22	55	45	NA	0.570243649559357
2550_Gorai.012G041400.1_AdigSen	3640	0/1	6	5	NA	11	3858	22	55	45	NA	0.570243649559357
2550_Gorai.012G041400.1_AdigSen	3645	0/1	6	5	NA	11	3858	22	55	45	NA	0.570243649559357
2550_Gorai.012G041400.1_AdigSen	3697	1/1	5	9	NA	14	3858	22	36	64	NA	0.570243649559357
2550_Gorai.012G041400.1_AdigSen	3750	1/1	0	9	NA	9	3858	22	0	100	NA	0.570243649559357
2550_Gorai.012G041400.1_AdigSen	3772	1/1	1	4	NA	5	3858	22	20	80	NA	0.570243649559357
2550_Gorai.012G041400.1_AdigSen	3775	1/1	1	4	NA	5	3858	22	20	80	NA	0.570243649559357
2550_Gorai.012G041400.1_AdigSen	3780	1/1	1	3	NA	4	3858	22	25	75	NA	0.570243649559357
2550_Gorai.012G041400.1_AdigSen	3782	1/1	1	3	NA	4	3858	22	25	75	NA	0.570243649559357
2550_Gorai.012G041400.1_AdigSen	3783	1/1	1	3	NA	4	3858	22	25	75	NA	0.570243649559357
2550_Gorai.012G041400.1_AdigSen	3788	1/1	1	3	NA	4	3858	22	25	75	NA	0.570243649559357
2550_Gorai.012G041400.1_AdigSen	3791	1/1	1	3	NA	4	3858	22	25	75	NA	0.570243649559357
2550_Gorai.012G041400.1_AdigSen	3805	1/1	1	3	NA	4	3858	22	25	75	NA	0.570243649559357
2550_Gorai.012G041400.1_AdigSen	3806	1/1	1	3	NA	4	3858	22	25	75	NA	0.570243649559357
2550_Gorai.012G041400.1_AdigSen	3828	1/1	1	3	NA	4	3858	22	25	75	NA	0.570243649559357
2550_Gorai.012G041400.1_AdigSen_3	2170	1/1	19	17	NA	36	3858	15	53	47	NA	0.388802488335925
2550_Gorai.012G041400.1_AdigSen_3	2200	0/1	26	19	NA	45	3858	15	58	42	NA	0.388802488335925
2550_Gorai.012G041400.1_AdigSen_3	2209	0/1	15	27	NA	42	3858	15	36	64	NA	0.388802488335925
2550_Gorai.012G041400.1_AdigSen_3	2216	0/1	27	15	NA	42	3858	15	64	36	NA	0.388802488335925
2550_Gorai.012G041400.1_AdigSen_3	2218	0/1	15	28	NA	43	3858	15	35	65	NA	0.388802488335925
2550_Gorai.012G041400.1_AdigSen_3	2224	0/1	15	31	NA	46	3858	15	33	67	NA	0.388802488335925
2550_Gorai.012G041400.1_AdigSen_3	2236	0/1	12	31	NA	43	3858	15	28	72	NA	0.388802488335925
2550_Gorai.012G041400.1_AdigSen_3	2237	0/1	12	31	NA	43	3858	15	28	72	NA	0.388802488335925
2550_Gorai.012G041400.1_AdigSen_3	3634	0/1	5	9	NA	14	3858	15	36	64	NA	0.388802488335925
2550_Gorai.012G041400.1_AdigSen_3	3640	0/1	5	10	NA	15	3858	15	33	67	NA	0.388802488335925
2550_Gorai.012G041400.1_AdigSen_3	3645	0/1	5	10	NA	15	3858	15	33	67	NA	0.388802488335925
2550_Gorai.012G041400.1_AdigSen_3	3697	0/1	2	12	NA	14	3858	15	14	86	NA	0.388802488335925
2550_Gorai.012G041400.1_AdigSen_3	3750	1/1	0	13	NA	13	3858	15	0	100	NA	0.388802488335925
2550_Gorai.012G041400.1_AdigSen_3	3828	0/1	5	6	NA	11	3858	15	45	55	NA	0.388802488335925
2550_Gorai.012G041400.1_AdigSen_3	3839	0/1	5	3	NA	8	3858	15	62	38	NA	0.388802488335925
26615_Gorai.002G267900.1_AdigSen	406	0/1	4	4	NA	8	1350	5	50	50	NA	0.37037037037037
26615_Gorai.002G267900.1_AdigSen	416	0/1	2	7	NA	9	1350	5	22	78	NA	0.37037037037037
26615_Gorai.002G267900.1_AdigSen	464	1/1	0	7	NA	7	1350	5	0	100	NA	0.37037037037037
26615_Gorai.002G267900.1_AdigSen	577	1/1	1	7	NA	8	1350	5	12	88	NA	0.37037037037037
26615_Gorai.002G267900.1_AdigSen	578	1/1	1	7	NA	8	1350	5	12	88	NA	0.37037037037037
26615_Gorai.002G267900.1_AdigSen_3	409	1/1	0	7	NA	7	1350	5	0	100	NA	0.37037037037037
26615_Gorai.002G267900.1_AdigSen_3	416	1/1	0	7	NA	7	1350	5	0	100	NA	0.37037037037037
26615_Gorai.002G267900.1_AdigSen_3	464	1/1	0	10	NA	10	1350	5	0	100	NA	0.37037037037037
26615_Gorai.002G267900.1_AdigSen_3	577	1/1	3	9	NA	12	1350	5	25	75	NA	0.37037037037037
26615_Gorai.002G267900.1_AdigSen_3	578	1/1	3	9	NA	12	1350	5	25	75	NA	0.37037037037037
26817_Gorai.006G128500.1_P1_AdigSen	353	0/1	3	2	NA	5	864	10	60	40	NA	1.15740740740741
26817_Gorai.006G128500.1_P1_AdigSen	382	0/1	3	2	NA	5	864	10	60	40	NA	1.15740740740741
26817_Gorai.006G128500.1_P1_AdigSen	384	0/1	3	2	NA	5	864	10	60	40	NA	1.15740740740741
26817_Gorai.006G128500.1_P1_AdigSen	558	0/1	4	2	NA	6	864	10	67	33	NA	1.15740740740741
26817_Gorai.006G128500.1_P1_AdigSen	645	0/1	5	2	NA	7	864	10	71	29	NA	1.15740740740741
26817_Gorai.006G128500.1_P1_AdigSen	648	0/1	5	2	NA	7	864	10	71	29	NA	1.15740740740741
26817_Gorai.006G128500.1_P1_AdigSen	649	0/1	5	2	NA	7	864	10	71	29	NA	1.15740740740741
26817_Gorai.006G128500.1_P1_AdigSen	657	0/1	5	2	NA	7	864	10	71	29	NA	1.15740740740741
26817_Gorai.006G128500.1_P1_AdigSen	664	0/1	5	2	NA	7	864	10	71	29	NA	1.15740740740741
26817_Gorai.006G128500.1_P1_AdigSen	672	0/1	5	2	NA	7	864	10	71	29	NA	1.15740740740741
2712_Gorai.002G185300.2_AdigSen	216	1/1	3	3	NA	6	3415	8	50	50	NA	0.234260614934114
2712_Gorai.002G185300.2_AdigSen	221	1/1	3	6	NA	9	3415	8	33	67	NA	0.234260614934114
2712_Gorai.002G185300.2_AdigSen	228	1/1	3	6	NA	9	3415	8	33	67	NA	0.234260614934114
2712_Gorai.002G185300.2_AdigSen	245	1/1	4	6	NA	10	3415	8	40	60	NA	0.234260614934114
2712_Gorai.002G185300.2_AdigSen	326	0/1	8	21	NA	29	3415	8	28	72	NA	0.234260614934114
2712_Gorai.002G185300.2_AdigSen	334	0/1	8	22	NA	30	3415	8	27	73	NA	0.234260614934114
2712_Gorai.002G185300.2_AdigSen	472	0/1	22	11	NA	33	3415	8	67	33	NA	0.234260614934114
2712_Gorai.002G185300.2_AdigSen	595	0/1	28	10	NA	38	3415	8	74	26	NA	0.234260614934114
2941_Gorai.003G152700.2_AdigSen	889	0/1	6	4	NA	10	1634	3	60	40	NA	0.18359853121175
2941_Gorai.003G152700.2_AdigSen	1222	0/1	6	5	NA	11	1634	3	55	45	NA	0.18359853121175
2941_Gorai.003G152700.2_AdigSen	1257	0/1	6	4	NA	10	1634	3	60	40	NA	0.18359853121175
3168_Gorai.013G033700.2_P2_AdigSen	1532	0/1	6	2	NA	8	3142	40	75	25	NA	1.27307447485678
3168_Gorai.013G033700.2_P2_AdigSen	1680	0/1	6	6	NA	12	3142	40	50	50	NA	1.27307447485678
3168_Gorai.013G033700.2_P2_AdigSen	1711	0/1	8	6	NA	14	3142	40	57	43	NA	1.27307447485678
3168_Gorai.013G033700.2_P2_AdigSen	1732	0/1	8	5	NA	13	3142	40	62	38	NA	1.27307447485678
3168_Gorai.013G033700.2_P2_AdigSen	1733	0/1	7	5	NA	12	3142	40	58	42	NA	1.27307447485678
3168_Gorai.013G033700.2_P2_AdigSen	1745	0/1	8	4	NA	12	3142	40	67	33	NA	1.27307447485678
3168_Gorai.013G033700.2_P2_AdigSen	1756	0/1	9	4	NA	13	3142	40	69	31	NA	1.27307447485678
3168_Gorai.013G033700.2_P2_AdigSen	1765	0/1	9	4	NA	13	3142	40	69	31	NA	1.27307447485678
3168_Gorai.013G033700.2_P2_AdigSen	1769	0/1	9	4	NA	13	3142	40	69	31	NA	1.27307447485678
3168_Gorai.013G033700.2_P2_AdigSen	1777	0/1	9	4	NA	13	3142	40	69	31	NA	1.27307447485678
3168_Gorai.013G033700.2_P2_AdigSen	1792	0/1	10	4	NA	14	3142	40	71	29	NA	1.27307447485678
3168_Gorai.013G033700.2_P2_AdigSen	1795	0/1	11	4	NA	15	3142	40	73	27	NA	1.27307447485678
3168_Gorai.013G033700.2_P2_AdigSen	1812	0/1	11	4	NA	15	3142	40	73	27	NA	1.27307447485678
3168_Gorai.013G033700.2_P2_AdigSen	1837	0/1	10	3	NA	13	3142	40	77	23	NA	1.27307447485678
3168_Gorai.013G033700.2_P2_AdigSen	1850	0/1	8	3	NA	11	3142	40	73	27	NA	1.27307447485678
3168_Gorai.013G033700.2_P2_AdigSen	1854	0/1	8	3	NA	11	3142	40	73	27	NA	1.27307447485678
3168_Gorai.013G033700.2_P2_AdigSen	1865	0/1	8	3	NA	11	3142	40	73	27	NA	1.27307447485678
3168_Gorai.013G033700.2_P2_AdigSen	1873	0/1	6	3	NA	9	3142	40	67	33	NA	1.27307447485678
3168_Gorai.013G033700.2_P2_AdigSen	1967	0/1	14	4	NA	18	3142	40	78	22	NA	1.27307447485678
3168_Gorai.013G033700.2_P2_AdigSen	1996	0/1	16	3	NA	19	3142	40	84	16	NA	1.27307447485678
3168_Gorai.013G033700.2_P2_AdigSen	2027	0/1	25	5	NA	30	3142	40	83	17	NA	1.27307447485678
3168_Gorai.013G033700.2_P2_AdigSen	2072	0/1	33	5	NA	38	3142	40	87	13	NA	1.27307447485678
3168_Gorai.013G033700.2_P2_AdigSen	2075	0/1	33	5	NA	38	3142	40	87	13	NA	1.27307447485678
3168_Gorai.013G033700.2_P2_AdigSen	2076	0/1	33	6	NA	39	3142	40	85	15	NA	1.27307447485678
3168_Gorai.013G033700.2_P2_AdigSen	2102	0/1	28	10	NA	38	3142	40	74	26	NA	1.27307447485678
3168_Gorai.013G033700.2_P2_AdigSen	2231	0/1	60	12	NA	72	3142	40	83	17	NA	1.27307447485678
3168_Gorai.013G033700.2_P2_AdigSen	2264	0/1	89	12	NA	101	3142	40	88	12	NA	1.27307447485678
3168_Gorai.013G033700.2_P2_AdigSen	2291	0/1	97	16	NA	113	3142	40	86	14	NA	1.27307447485678
3168_Gorai.013G033700.2_P2_AdigSen	2294	0/1	100	16	NA	116	3142	40	86	14	NA	1.27307447485678
3168_Gorai.013G033700.2_P2_AdigSen	2306	0/1	99	15	NA	114	3142	40	87	13	NA	1.27307447485678
3168_Gorai.013G033700.2_P2_AdigSen	2357	0/1	109	11	NA	120	3142	40	91	9	NA	1.27307447485678
3168_Gorai.013G033700.2_P2_AdigSen	2360	0/1	108	11	NA	119	3142	40	91	9	NA	1.27307447485678
3168_Gorai.013G033700.2_P2_AdigSen	2363	0/1	107	11	NA	118	3142	40	91	9	NA	1.27307447485678
3168_Gorai.013G033700.2_P2_AdigSen	2523	0/1	11	8	NA	19	3142	40	58	42	NA	1.27307447485678
3168_Gorai.013G033700.2_P2_AdigSen	2532	0/1	11	9	NA	20	3142	40	55	45	NA	1.27307447485678
3168_Gorai.013G033700.2_P2_AdigSen	2583	0/1	14	3	NA	17	3142	40	82	18	NA	1.27307447485678
3168_Gorai.013G033700.2_P2_AdigSen	2600	0/1	12	4	NA	16	3142	40	75	25	NA	1.27307447485678
3168_Gorai.013G033700.2_P2_AdigSen	2698	0/1	10	3	NA	13	3142	40	77	23	NA	1.27307447485678
3168_Gorai.013G033700.2_P2_AdigSen	2782	0/1	14	5	NA	19	3142	40	74	26	NA	1.27307447485678
3168_Gorai.013G033700.2_P2_AdigSen	2828	0/1	10	5	NA	15	3142	40	67	33	NA	1.27307447485678
3180_Gorai.004G175500.1_P1_AdigSen	900	0/1	6	3	NA	9	1393	11	67	33	NA	0.789662598707825
3180_Gorai.004G175500.1_P1_AdigSen	904	0/1	6	3	NA	9	1393	11	67	33	NA	0.789662598707825
3180_Gorai.004G175500.1_P1_AdigSen	909	0/1	5	3	NA	8	1393	11	62	38	NA	0.789662598707825
3180_Gorai.004G175500.1_P1_AdigSen	977	0/1	5	3	NA	8	1393	11	62	38	NA	0.789662598707825
3180_Gorai.004G175500.1_P1_AdigSen	982	0/1	5	3	NA	8	1393	11	62	38	NA	0.789662598707825
3180_Gorai.004G175500.1_P1_AdigSen	1002	0/1	5	2	NA	7	1393	11	71	29	NA	0.789662598707825
3180_Gorai.004G175500.1_P1_AdigSen	1062	0/1	6	2	NA	8	1393	11	75	25	NA	0.789662598707825
3180_Gorai.004G175500.1_P1_AdigSen	1065	0/1	6	2	NA	8	1393	11	75	25	NA	0.789662598707825
3180_Gorai.004G175500.1_P1_AdigSen	1072	0/1	6	3	NA	9	1393	11	67	33	NA	0.789662598707825
3180_Gorai.004G175500.1_P1_AdigSen	1077	0/1	6	3	NA	9	1393	11	67	33	NA	0.789662598707825
3180_Gorai.004G175500.1_P1_AdigSen	1104	0/1	6	3	NA	9	1393	11	67	33	NA	0.789662598707825
3351_Gorai.012G128100.3_P1_AdigSen	552	0/1	8	3	NA	11	806	19	73	27	NA	2.35732009925558
3351_Gorai.012G128100.3_P1_AdigSen	561	0/1	13	3	NA	16	806	19	81	19	NA	2.35732009925558
3351_Gorai.012G128100.3_P1_AdigSen	591	0/1	16	8	NA	24	806	19	67	33	NA	2.35732009925558
3351_Gorai.012G128100.3_P1_AdigSen	615	0/1	21	6	NA	27	806	19	78	22	NA	2.35732009925558
3351_Gorai.012G128100.3_P1_AdigSen	627	0/1	18	8	NA	26	806	19	69	31	NA	2.35732009925558
3351_Gorai.012G128100.3_P1_AdigSen	636	0/1	20	8	NA	28	806	19	71	29	NA	2.35732009925558
3351_Gorai.012G128100.3_P1_AdigSen	641	0/1	24	6	NA	30	806	19	80	20	NA	2.35732009925558
3351_Gorai.012G128100.3_P1_AdigSen	648	0/1	20	12	NA	32	806	19	62	38	NA	2.35732009925558
3351_Gorai.012G128100.3_P1_AdigSen	650	0/1	25	7	NA	32	806	19	78	22	NA	2.35732009925558
3351_Gorai.012G128100.3_P1_AdigSen	669	0/1	31	5	NA	36	806	19	86	14	NA	2.35732009925558
3351_Gorai.012G128100.3_P1_AdigSen	683	0/1	23	9	NA	32	806	19	72	28	NA	2.35732009925558
3351_Gorai.012G128100.3_P1_AdigSen	684	0/1	23	9	NA	32	806	19	72	28	NA	2.35732009925558
3351_Gorai.012G128100.3_P1_AdigSen	687	0/1	24	9	NA	33	806	19	73	27	NA	2.35732009925558
3351_Gorai.012G128100.3_P1_AdigSen	721	0/1	23	11	NA	34	806	19	68	32	NA	2.35732009925558
3351_Gorai.012G128100.3_P1_AdigSen	728	0/1	29	5	NA	34	806	19	85	15	NA	2.35732009925558
3351_Gorai.012G128100.3_P1_AdigSen	730	0/1	28	6	NA	34	806	19	82	18	NA	2.35732009925558
3351_Gorai.012G128100.3_P1_AdigSen	735	0/1	23	11	NA	34	806	19	68	32	NA	2.35732009925558
3351_Gorai.012G128100.3_P1_AdigSen	759	0/1	17	9	NA	26	806	19	65	35	NA	2.35732009925558
3351_Gorai.012G128100.3_P1_AdigSen	767	0/1	17	5	NA	22	806	19	77	23	NA	2.35732009925558
4165_Gorai.005G207300.1_AdigSen	71	0/1	6	3	NA	9	2593	14	67	33	NA	0.539915156189742
4165_Gorai.005G207300.1_AdigSen	248	0/1	18	3	NA	21	2593	14	86	14	NA	0.539915156189742
4165_Gorai.005G207300.1_AdigSen	529	0/1	11	5	NA	16	2593	14	69	31	NA	0.539915156189742
4165_Gorai.005G207300.1_AdigSen	598	0/1	11	4	NA	15	2593	14	73	27	NA	0.539915156189742
4165_Gorai.005G207300.1_AdigSen	706	0/1	10	4	NA	14	2593	14	71	29	NA	0.539915156189742
4165_Gorai.005G207300.1_AdigSen	979	0/1	11	3	NA	14	2593	14	79	21	NA	0.539915156189742
4165_Gorai.005G207300.1_AdigSen	1170	0/1	14	6	NA	20	2593	14	70	30	NA	0.539915156189742
4165_Gorai.005G207300.1_AdigSen	1728	0/1	5	4	NA	9	2593	14	56	44	NA	0.539915156189742
4165_Gorai.005G207300.1_AdigSen	1897	0/1	5	4	NA	9	2593	14	56	44	NA	0.539915156189742
4165_Gorai.005G207300.1_AdigSen	1927	0/1	5	3	NA	8	2593	14	62	38	NA	0.539915156189742
4165_Gorai.005G207300.1_AdigSen	2127	0/1	6	3	NA	9	2593	14	67	33	NA	0.539915156189742
4165_Gorai.005G207300.1_AdigSen	2325	0/1	5	4	NA	9	2593	14	56	44	NA	0.539915156189742
4165_Gorai.005G207300.1_AdigSen	2338	0/1	6	3	NA	9	2593	14	67	33	NA	0.539915156189742
4165_Gorai.005G207300.1_AdigSen	2347	0/1	5	3	NA	8	2593	14	62	38	NA	0.539915156189742
443_Gorai.006G135500.1_AdigSen	1352	0/1	5	2	NA	7	5751	3	71	29	NA	0.0521648408972353
443_Gorai.006G135500.1_AdigSen	4362	1/1	0	8	NA	8	5751	3	0	100	NA	0.0521648408972353
443_Gorai.006G135500.1_AdigSen	4376	1/1	0	6	NA	6	5751	3	0	100	NA	0.0521648408972353
453_Gorai.012G186300.1_AdigSen_3	2551	0/1	4	4	NA	8	4296	1	50	50	NA	0.0232774674115456
4771_Gorai.010G081600.1_P2_AdigSen	21	1/1	0	10	NA	10	3022	6	0	100	NA	0.198544010589014
4771_Gorai.010G081600.1_P2_AdigSen	33	1/1	0	12	NA	12	3022	6	0	100	NA	0.198544010589014
4771_Gorai.010G081600.1_P2_AdigSen	38	1/1	0	11	NA	11	3022	6	0	100	NA	0.198544010589014
4771_Gorai.010G081600.1_P2_AdigSen	156	1/1	0	28	NA	28	3022	6	0	100	NA	0.198544010589014
4771_Gorai.010G081600.1_P2_AdigSen	238	1/1	0	4	NA	4	3022	6	0	100	NA	0.198544010589014
4771_Gorai.010G081600.1_P2_AdigSen	239	1/1	0	4	NA	4	3022	6	0	100	NA	0.198544010589014
4771_Gorai.010G081600.1_P2_AdigSen_3	21	1/1	0	10	NA	10	3022	7	0	100	NA	0.231634679020516
4771_Gorai.010G081600.1_P2_AdigSen_3	33	1/1	0	11	NA	11	3022	7	0	100	NA	0.231634679020516
4771_Gorai.010G081600.1_P2_AdigSen_3	38	1/1	0	14	NA	14	3022	7	0	100	NA	0.231634679020516
4771_Gorai.010G081600.1_P2_AdigSen_3	156	1/1	1	22	NA	23	3022	7	4	96	NA	0.231634679020516
4771_Gorai.010G081600.1_P2_AdigSen_3	201	1/1	2	14	NA	16	3022	7	12	88	NA	0.231634679020516
4771_Gorai.010G081600.1_P2_AdigSen_3	203	1/1	2	13	NA	15	3022	7	13	87	NA	0.231634679020516
4771_Gorai.010G081600.1_P2_AdigSen_3	214	1/1	2	11	NA	13	3022	7	15	85	NA	0.231634679020516
4874_Gorai.011G067700.3_AdigSen	1943	0/1	5	2	NA	7	3092	3	71	29	NA	0.0970245795601552
4874_Gorai.011G067700.3_AdigSen	1964	0/1	5	2	NA	7	3092	3	71	29	NA	0.0970245795601552
4874_Gorai.011G067700.3_AdigSen	1999	0/1	6	2	NA	8	3092	3	75	25	NA	0.0970245795601552
5128_Gorai.008G247200.2_AdigSen	391	1/1	9	55	NA	64	2365	3	14	86	NA	0.126849894291755
5128_Gorai.008G247200.2_AdigSen	458	0/1	58	12	NA	70	2365	3	83	17	NA	0.126849894291755
5128_Gorai.008G247200.2_AdigSen	508	0/1	62	8	NA	70	2365	3	89	11	NA	0.126849894291755
5128_Gorai.008G247200.2_AdigSen_3	154	0/1	50	20	NA	70	2365	2	71	29	NA	0.0845665961945032
5128_Gorai.008G247200.2_AdigSen_3	391	0/1	19	43	NA	62	2365	2	31	69	NA	0.0845665961945032
5129_Gorai.008G298300.1_AdigSen	1546	0/1	42	6	NA	48	2460	1	88	12	NA	0.040650406504065
5533_Gorai.003G156900.1_P1_AdigSen_3	1953	1/1	5	10	NA	15	2249	4	33	67	NA	0.177856825255669
5533_Gorai.003G156900.1_P1_AdigSen_3	2049	0/1	11	5	NA	16	2249	4	69	31	NA	0.177856825255669
5533_Gorai.003G156900.1_P1_AdigSen_3	2052	0/1	14	2	NA	16	2249	4	88	12	NA	0.177856825255669
5533_Gorai.003G156900.1_P1_AdigSen_3	2084	1/1	0	9	NA	9	2249	4	0	100	NA	0.177856825255669
5691_Gorai.012G163300.2_P1_AdigSen_3	163	1/1	0	2	NA	2	2071	30	0	100	NA	1.44857556735876
5691_Gorai.012G163300.2_P1_AdigSen_3	179	1/1	0	2	NA	2	2071	30	0	100	NA	1.44857556735876
5691_Gorai.012G163300.2_P1_AdigSen_3	181	1/1	0	2	NA	2	2071	30	0	100	NA	1.44857556735876
5691_Gorai.012G163300.2_P1_AdigSen_3	211	1/1	0	2	NA	2	2071	30	0	100	NA	1.44857556735876
5691_Gorai.012G163300.2_P1_AdigSen_3	212	1/1	0	2	NA	2	2071	30	0	100	NA	1.44857556735876
5691_Gorai.012G163300.2_P1_AdigSen_3	218	1/1	0	2	NA	2	2071	30	0	100	NA	1.44857556735876
5691_Gorai.012G163300.2_P1_AdigSen_3	221	1/1	0	2	NA	2	2071	30	0	100	NA	1.44857556735876
5691_Gorai.012G163300.2_P1_AdigSen_3	226	1/1	0	2	NA	2	2071	30	0	100	NA	1.44857556735876
5691_Gorai.012G163300.2_P1_AdigSen_3	231	1/1	0	2	NA	2	2071	30	0	100	NA	1.44857556735876
5691_Gorai.012G163300.2_P1_AdigSen_3	233	1/1	0	2	NA	2	2071	30	0	100	NA	1.44857556735876
5691_Gorai.012G163300.2_P1_AdigSen_3	234	1/1	0	2	NA	2	2071	30	0	100	NA	1.44857556735876
5691_Gorai.012G163300.2_P1_AdigSen_3	245	1/1	0	3	NA	3	2071	30	0	100	NA	1.44857556735876
5691_Gorai.012G163300.2_P1_AdigSen_3	252	1/1	0	3	NA	3	2071	30	0	100	NA	1.44857556735876
5691_Gorai.012G163300.2_P1_AdigSen_3	259	1/1	0	3	NA	3	2071	30	0	100	NA	1.44857556735876
5691_Gorai.012G163300.2_P1_AdigSen_3	262	1/1	0	3	NA	3	2071	30	0	100	NA	1.44857556735876
5691_Gorai.012G163300.2_P1_AdigSen_3	265	1/1	0	3	NA	3	2071	30	0	100	NA	1.44857556735876
5691_Gorai.012G163300.2_P1_AdigSen_3	272	1/1	0	5	NA	5	2071	30	0	100	NA	1.44857556735876
5691_Gorai.012G163300.2_P1_AdigSen_3	274	0/1	3	2	NA	5	2071	30	60	40	NA	1.44857556735876
5691_Gorai.012G163300.2_P1_AdigSen_3	276	1/1	0	6	NA	6	2071	30	0	100	NA	1.44857556735876
5691_Gorai.012G163300.2_P1_AdigSen_3	312	0/1	5	6	NA	11	2071	30	45	55	NA	1.44857556735876
5691_Gorai.012G163300.2_P1_AdigSen_3	377	0/1	6	12	NA	18	2071	30	33	67	NA	1.44857556735876
5691_Gorai.012G163300.2_P1_AdigSen_3	418	1/1	5	15	NA	20	2071	30	25	75	NA	1.44857556735876
5691_Gorai.012G163300.2_P1_AdigSen_3	421	1/1	6	15	NA	21	2071	30	29	71	NA	1.44857556735876
5691_Gorai.012G163300.2_P1_AdigSen_3	446	1/1	12	15	NA	27	2071	30	44	56	NA	1.44857556735876
5691_Gorai.012G163300.2_P1_AdigSen_3	485	1/1	13	10	NA	23	2071	30	57	43	NA	1.44857556735876
5691_Gorai.012G163300.2_P1_AdigSen_3	486	1/1	13	10	NA	23	2071	30	57	43	NA	1.44857556735876
5691_Gorai.012G163300.2_P1_AdigSen_3	487	1/1	12	10	NA	22	2071	30	55	45	NA	1.44857556735876
5691_Gorai.012G163300.2_P1_AdigSen_3	492	1/1	13	10	NA	23	2071	30	57	43	NA	1.44857556735876
5691_Gorai.012G163300.2_P1_AdigSen_3	511	1/1	14	8	NA	22	2071	30	64	36	NA	1.44857556735876
5691_Gorai.012G163300.2_P1_AdigSen_3	514	1/1	14	8	NA	22	2071	30	64	36	NA	1.44857556735876
5691_Gorai.012G163300.2_P2_AdigSen_3	18	1/1	0	3	NA	3	2305	6	0	100	NA	0.260303687635575
5691_Gorai.012G163300.2_P2_AdigSen_3	20	1/1	0	7	NA	7	2305	6	0	100	NA	0.260303687635575
5691_Gorai.012G163300.2_P2_AdigSen_3	25	1/1	0	14	NA	14	2305	6	0	100	NA	0.260303687635575
5691_Gorai.012G163300.2_P2_AdigSen_3	31	1/1	0	145	NA	145	2305	6	0	100	NA	0.260303687635575
5691_Gorai.012G163300.2_P2_AdigSen_3	166	0/1	133	25	NA	158	2305	6	84	16	NA	0.260303687635575
5691_Gorai.012G163300.2_P2_AdigSen_3	190	0/1	129	27	NA	156	2305	6	83	17	NA	0.260303687635575
5978_Gorai.002G218100.6_P2_AdigSen	1220	0/1	11	4	NA	15	1820	2	73	27	NA	0.10989010989011
5978_Gorai.002G218100.6_P2_AdigSen	1586	0/1	8	3	NA	11	1820	2	73	27	NA	0.10989010989011
6136_Gorai.007G167000.1_P1_AdigSen	1137	1/1	0	8	NA	8	1397	1	0	100	NA	0.0715819613457409
6136_Gorai.007G167000.1_P2_AdigSen	352	0/1	60	4	NA	64	1439	1	94	6	NA	0.0694927032661571
6227_Gorai.010G034900.1_P2_AdigSen	1099	0/1	4	4	NA	8	2150	8	50	50	NA	0.372093023255814
6227_Gorai.010G034900.1_P2_AdigSen	1892	0/1	4	2	NA	6	2150	8	67	33	NA	0.372093023255814
6227_Gorai.010G034900.1_P2_AdigSen	1901	0/1	4	2	NA	6	2150	8	67	33	NA	0.372093023255814
6227_Gorai.010G034900.1_P2_AdigSen	1903	0/1	4	2	NA	6	2150	8	67	33	NA	0.372093023255814
6227_Gorai.010G034900.1_P2_AdigSen	1910	0/1	4	2	NA	6	2150	8	67	33	NA	0.372093023255814
6227_Gorai.010G034900.1_P2_AdigSen	1918	0/1	4	2	NA	6	2150	8	67	33	NA	0.372093023255814
6227_Gorai.010G034900.1_P2_AdigSen	1933	0/1	4	2	NA	6	2150	8	67	33	NA	0.372093023255814
6227_Gorai.010G034900.1_P2_AdigSen	1954	0/1	4	2	NA	6	2150	8	67	33	NA	0.372093023255814
6794_Gorai.009G193900.2_AdigSen	992	1/1	0	5	NA	5	4679	17	0	100	NA	0.363325496901047
6794_Gorai.009G193900.2_AdigSen	1012	1/1	0	7	NA	7	4679	17	0	100	NA	0.363325496901047
6794_Gorai.009G193900.2_AdigSen	1052	1/1	1	12	NA	13	4679	17	8	92	NA	0.363325496901047
6794_Gorai.009G193900.2_AdigSen	1061	1/1	1	12	NA	13	4679	17	8	92	NA	0.363325496901047
6794_Gorai.009G193900.2_AdigSen	1096	1/1	1	13	NA	14	4679	17	7	93	NA	0.363325496901047
6794_Gorai.009G193900.2_AdigSen	1097	1/1	1	13	NA	14	4679	17	7	93	NA	0.363325496901047
6794_Gorai.009G193900.2_AdigSen	1105	1/1	1	14	NA	15	4679	17	7	93	NA	0.363325496901047
6794_Gorai.009G193900.2_AdigSen	1194	1/1	1	14	NA	15	4679	17	7	93	NA	0.363325496901047
6794_Gorai.009G193900.2_AdigSen	1519	0/1	2	6	NA	8	4679	17	25	75	NA	0.363325496901047
6794_Gorai.009G193900.2_AdigSen	1523	0/1	2	6	NA	8	4679	17	25	75	NA	0.363325496901047
6794_Gorai.009G193900.2_AdigSen	1526	0/1	6	4	NA	10	4679	17	60	40	NA	0.363325496901047
6794_Gorai.009G193900.2_AdigSen	1530	0/1	6	6	NA	12	4679	17	50	50	NA	0.363325496901047
6794_Gorai.009G193900.2_AdigSen	1533	0/1	6	7	NA	13	4679	17	46	54	NA	0.363325496901047
6794_Gorai.009G193900.2_AdigSen	1541	0/1	11	6	NA	17	4679	17	65	35	NA	0.363325496901047
6794_Gorai.009G193900.2_AdigSen	1548	0/1	12	6	NA	18	4679	17	67	33	NA	0.363325496901047
6794_Gorai.009G193900.2_AdigSen	1725	1/1	0	32	NA	32	4679	17	0	100	NA	0.363325496901047
6794_Gorai.009G193900.2_AdigSen	1730	1/1	0	32	NA	32	4679	17	0	100	NA	0.363325496901047
6794_Gorai.009G193900.2_AdigSen_3	992	1/1	0	5	NA	5	4679	28	0	100	NA	0.598418465484078
6794_Gorai.009G193900.2_AdigSen_3	1012	1/1	0	7	NA	7	4679	28	0	100	NA	0.598418465484078
6794_Gorai.009G193900.2_AdigSen_3	1052	1/1	1	9	NA	10	4679	28	10	90	NA	0.598418465484078
6794_Gorai.009G193900.2_AdigSen_3	1061	1/1	1	9	NA	10	4679	28	10	90	NA	0.598418465484078
6794_Gorai.009G193900.2_AdigSen_3	1194	1/1	2	12	NA	14	4679	28	14	86	NA	0.598418465484078
6794_Gorai.009G193900.2_AdigSen_3	1239	1/1	3	8	NA	11	4679	28	27	73	NA	0.598418465484078
6794_Gorai.009G193900.2_AdigSen_3	1249	0/1	4	6	NA	10	4679	28	40	60	NA	0.598418465484078
6794_Gorai.009G193900.2_AdigSen_3	1250	1/1	3	7	NA	10	4679	28	30	70	NA	0.598418465484078
6794_Gorai.009G193900.2_AdigSen_3	1253	1/1	4	7	NA	11	4679	28	36	64	NA	0.598418465484078
6794_Gorai.009G193900.2_AdigSen_3	1275	1/1	4	7	NA	11	4679	28	36	64	NA	0.598418465484078
6794_Gorai.009G193900.2_AdigSen_3	1519	0/1	2	16	NA	18	4679	28	11	89	NA	0.598418465484078
6794_Gorai.009G193900.2_AdigSen_3	1523	0/1	2	16	NA	18	4679	28	11	89	NA	0.598418465484078
6794_Gorai.009G193900.2_AdigSen_3	1530	0/1	2	16	NA	18	4679	28	11	89	NA	0.598418465484078
6794_Gorai.009G193900.2_AdigSen_3	1548	0/1	5	14	NA	19	4679	28	26	74	NA	0.598418465484078
6794_Gorai.009G193900.2_AdigSen_3	1558	0/1	14	5	NA	19	4679	28	74	26	NA	0.598418465484078
6794_Gorai.009G193900.2_AdigSen_3	1571	0/1	14	6	NA	20	4679	28	70	30	NA	0.598418465484078
6794_Gorai.009G193900.2_AdigSen_3	1576	0/1	15	5	NA	20	4679	28	75	25	NA	0.598418465484078
6794_Gorai.009G193900.2_AdigSen_3	1580	0/1	14	7	NA	21	4679	28	67	33	NA	0.598418465484078
6794_Gorai.009G193900.2_AdigSen_3	1596	0/1	15	6	NA	21	4679	28	71	29	NA	0.598418465484078
6794_Gorai.009G193900.2_AdigSen_3	1651	0/1	13	10	NA	23	4679	28	57	43	NA	0.598418465484078
6794_Gorai.009G193900.2_AdigSen_3	1664	0/1	7	14	NA	21	4679	28	33	67	NA	0.598418465484078
6794_Gorai.009G193900.2_AdigSen_3	1669	0/1	7	14	NA	21	4679	28	33	67	NA	0.598418465484078
6794_Gorai.009G193900.2_AdigSen_3	1690	1/1	4	15	NA	19	4679	28	21	79	NA	0.598418465484078
6794_Gorai.009G193900.2_AdigSen_3	1694	0/1	15	4	NA	19	4679	28	79	21	NA	0.598418465484078
6794_Gorai.009G193900.2_AdigSen_3	1711	0/1	6	11	NA	17	4679	28	35	65	NA	0.598418465484078
6794_Gorai.009G193900.2_AdigSen_3	1718	0/1	11	4	NA	15	4679	28	73	27	NA	0.598418465484078
6794_Gorai.009G193900.2_AdigSen_3	1725	1/1	0	14	NA	14	4679	28	0	100	NA	0.598418465484078
6794_Gorai.009G193900.2_AdigSen_3	1730	1/1	1	13	NA	14	4679	28	7	93	NA	0.598418465484078
6801_Gorai.008G191000.1_AdigSen	10	1/1	7	4	NA	11	2193	3	64	36	NA	0.136798905608755
6801_Gorai.008G191000.1_AdigSen	26	1/1	11	5	NA	16	2193	3	69	31	NA	0.136798905608755
6801_Gorai.008G191000.1_AdigSen	38	1/1	15	5	NA	20	2193	3	75	25	NA	0.136798905608755
7115_Gorai.005G200400.1_AdigSen	89	0/1	10	3	NA	13	2922	1	77	23	NA	0.0342231348391513
7148_Gorai.008G046800.2_AdigSen	381	0/1	42	6	NA	48	3462	5	88	12	NA	0.144425187752744
7148_Gorai.008G046800.2_AdigSen	406	0/1	43	7	NA	50	3462	5	86	14	NA	0.144425187752744
7148_Gorai.008G046800.2_AdigSen	415	0/1	50	6	NA	56	3462	5	89	11	NA	0.144425187752744
7148_Gorai.008G046800.2_AdigSen	754	0/1	53	10	NA	63	3462	5	84	16	NA	0.144425187752744
7148_Gorai.008G046800.2_AdigSen	911	0/1	6	4	NA	10	3462	5	60	40	NA	0.144425187752744
7167_Gorai.001G275200.4_AdigSen	131	0/1	5	3	NA	8	1908	6	62	38	NA	0.314465408805031
7167_Gorai.001G275200.4_AdigSen	177	0/1	5	2	NA	7	1908	6	71	29	NA	0.314465408805031
7167_Gorai.001G275200.4_AdigSen	1563	0/1	22	7	NA	29	1908	6	76	24	NA	0.314465408805031
7167_Gorai.001G275200.4_AdigSen	1693	0/1	29	11	NA	40	1908	6	72	28	NA	0.314465408805031
7167_Gorai.001G275200.4_AdigSen	1734	0/1	23	7	NA	30	1908	6	77	23	NA	0.314465408805031
7167_Gorai.001G275200.4_AdigSen	1865	0/1	5	2	NA	7	1908	6	71	29	NA	0.314465408805031
7271_Gorai.005G267000.2_P1_AdigSen	878	1/1	10	12	NA	22	2217	5	45	55	NA	0.2255299954894
7271_Gorai.005G267000.2_P1_AdigSen	1008	0/1	16	13	NA	29	2217	5	55	45	NA	0.2255299954894
7271_Gorai.005G267000.2_P1_AdigSen	1977	1/1	0	10	NA	10	2217	5	0	100	NA	0.2255299954894
7271_Gorai.005G267000.2_P1_AdigSen	2037	1/1	0	9	NA	9	2217	5	0	100	NA	0.2255299954894
7271_Gorai.005G267000.2_P1_AdigSen	2044	0/1	4	5	NA	9	2217	5	44	56	NA	0.2255299954894
7271_Gorai.005G267000.2_P1_AdigSen_3	878	1/1	23	25	NA	48	2217	12	48	52	NA	0.54127198917456
7271_Gorai.005G267000.2_P1_AdigSen_3	1914	1/1	1	4	NA	5	2217	12	20	80	NA	0.54127198917456
7271_Gorai.005G267000.2_P1_AdigSen_3	1923	1/1	1	4	NA	5	2217	12	20	80	NA	0.54127198917456
7271_Gorai.005G267000.2_P1_AdigSen_3	1934	1/1	1	4	NA	5	2217	12	20	80	NA	0.54127198917456
7271_Gorai.005G267000.2_P1_AdigSen_3	1938	1/1	1	4	NA	5	2217	12	20	80	NA	0.54127198917456
7271_Gorai.005G267000.2_P1_AdigSen_3	1947	1/1	1	4	NA	5	2217	12	20	80	NA	0.54127198917456
7271_Gorai.005G267000.2_P1_AdigSen_3	1956	1/1	1	4	NA	5	2217	12	20	80	NA	0.54127198917456
7271_Gorai.005G267000.2_P1_AdigSen_3	1977	1/1	0	5	NA	5	2217	12	0	100	NA	0.54127198917456
7271_Gorai.005G267000.2_P1_AdigSen_3	2037	1/1	0	5	NA	5	2217	12	0	100	NA	0.54127198917456
7271_Gorai.005G267000.2_P1_AdigSen_3	2077	1/1	0	3	NA	3	2217	12	0	100	NA	0.54127198917456
7271_Gorai.005G267000.2_P1_AdigSen_3	2079	1/1	0	3	NA	3	2217	12	0	100	NA	0.54127198917456
7271_Gorai.005G267000.2_P1_AdigSen_3	2082	1/1	0	3	NA	3	2217	12	0	100	NA	0.54127198917456
7369_Gorai.009G002100.4_AdigSen	153	0/1	32	4	NA	36	1648	6	89	11	NA	0.364077669902913
7369_Gorai.009G002100.4_AdigSen	171	0/1	31	6	NA	37	1648	6	84	16	NA	0.364077669902913
7369_Gorai.009G002100.4_AdigSen	687	0/1	76	10	NA	86	1648	6	88	12	NA	0.364077669902913
7369_Gorai.009G002100.4_AdigSen	762	0/1	74	10	NA	84	1648	6	88	12	NA	0.364077669902913
7369_Gorai.009G002100.4_AdigSen	812	0/1	63	10	NA	73	1648	6	86	14	NA	0.364077669902913
7369_Gorai.009G002100.4_AdigSen	971	0/1	46	15	NA	61	1648	6	75	25	NA	0.364077669902913
740_Gorai.007G132500.3_AdigSen	894	0/1	105	10	NA	115	4523	2	91	9	NA	0.0442184390891002
740_Gorai.007G132500.3_AdigSen	1003	0/1	99	14	NA	113	4523	2	88	12	NA	0.0442184390891002
7442_Gorai.012G040400.1_P3_AdigSen	552	0/1	2	2	NA	4	2221	3	50	50	NA	0.135074290859973
7442_Gorai.012G040400.1_P3_AdigSen	559	0/1	2	2	NA	4	2221	3	50	50	NA	0.135074290859973
7442_Gorai.012G040400.1_P3_AdigSen	576	0/1	3	2	NA	5	2221	3	60	40	NA	0.135074290859973
7606_Gorai.004G131300.1_AdigSen	2873	0/1	11	3	NA	14	3486	1	79	21	NA	0.0286861732644865
7780_Gorai.002G102000.1_P1_AdigSen	88	0/1	5	3	NA	8	1736	2	62	38	NA	0.115207373271889
7780_Gorai.002G102000.1_P1_AdigSen	257	0/1	11	3	NA	14	1736	2	79	21	NA	0.115207373271889
7782_Gorai.008G118200.1_AdigSen	789	0/1	5	2	NA	7	2097	1	71	29	NA	0.0476871721506915
7798_Gorai.009G344900.1_AdigSen_3	2060	1/1	9	16	NA	25	3085	1	36	64	NA	0.0324149108589951
7848_Gorai.001G047000.1_P2_AdigSen	502	0/1	15	8	NA	23	2994	7	65	35	NA	0.233800935203741
7848_Gorai.001G047000.1_P2_AdigSen	505	0/1	15	9	NA	24	2994	7	62	38	NA	0.233800935203741
7848_Gorai.001G047000.1_P2_AdigSen	516	0/1	15	10	NA	25	2994	7	60	40	NA	0.233800935203741
7848_Gorai.001G047000.1_P2_AdigSen	518	0/1	15	10	NA	25	2994	7	60	40	NA	0.233800935203741
7848_Gorai.001G047000.1_P2_AdigSen	521	0/1	16	15	NA	31	2994	7	52	48	NA	0.233800935203741
7848_Gorai.001G047000.1_P2_AdigSen	527	0/1	20	12	NA	32	2994	7	62	38	NA	0.233800935203741
7848_Gorai.001G047000.1_P2_AdigSen	567	1/1	0	26	NA	26	2994	7	0	100	NA	0.233800935203741
7848_Gorai.001G047000.1_P2_AdigSen_3	505	1/1	0	40	NA	40	2994	13	0	100	NA	0.434201736806947
7848_Gorai.001G047000.1_P2_AdigSen_3	516	1/1	0	44	NA	44	2994	13	0	100	NA	0.434201736806947
7848_Gorai.001G047000.1_P2_AdigSen_3	518	1/1	0	44	NA	44	2994	13	0	100	NA	0.434201736806947
7848_Gorai.001G047000.1_P2_AdigSen_3	567	1/1	2	53	NA	55	2994	13	4	96	NA	0.434201736806947
7848_Gorai.001G047000.1_P2_AdigSen_3	579	1/1	27	34	NA	61	2994	13	44	56	NA	0.434201736806947
7848_Gorai.001G047000.1_P2_AdigSen_3	585	1/1	29	34	NA	63	2994	13	46	54	NA	0.434201736806947
7848_Gorai.001G047000.1_P2_AdigSen_3	618	1/1	51	29	NA	80	2994	13	64	36	NA	0.434201736806947
7848_Gorai.001G047000.1_P2_AdigSen_3	628	1/1	57	27	NA	84	2994	13	68	32	NA	0.434201736806947
7848_Gorai.001G047000.1_P2_AdigSen_3	636	1/1	63	27	NA	90	2994	13	70	30	NA	0.434201736806947
7848_Gorai.001G047000.1_P2_AdigSen_3	643	1/1	66	23	NA	89	2994	13	74	26	NA	0.434201736806947
7848_Gorai.001G047000.1_P2_AdigSen_3	648	1/1	67	21	NA	88	2994	13	76	24	NA	0.434201736806947
7848_Gorai.001G047000.1_P2_AdigSen_3	650	1/1	63	25	NA	88	2994	13	72	28	NA	0.434201736806947
7848_Gorai.001G047000.1_P2_AdigSen_3	653	1/1	67	21	NA	88	2994	13	76	24	NA	0.434201736806947
7856_Gorai.003G086000.1_P1_AdigSen	1204	1/1	1	8	NA	9	1798	1	11	89	NA	0.0556173526140156
7887_Gorai.012G079600.3_AdigSen	1119	0/1	5	2	NA	7	2621	10	71	29	NA	0.381533765738268
7887_Gorai.012G079600.3_AdigSen	1502	0/1	6	3	NA	9	2621	10	67	33	NA	0.381533765738268
7887_Gorai.012G079600.3_AdigSen	1614	0/1	10	3	NA	13	2621	10	77	23	NA	0.381533765738268
7887_Gorai.012G079600.3_AdigSen	1629	0/1	10	3	NA	13	2621	10	77	23	NA	0.381533765738268
7887_Gorai.012G079600.3_AdigSen	1635	0/1	8	5	NA	13	2621	10	62	38	NA	0.381533765738268
7887_Gorai.012G079600.3_AdigSen	1776	0/1	5	4	NA	9	2621	10	56	44	NA	0.381533765738268
7887_Gorai.012G079600.3_AdigSen	1800	0/1	5	4	NA	9	2621	10	56	44	NA	0.381533765738268
7887_Gorai.012G079600.3_AdigSen	1883	0/1	5	2	NA	7	2621	10	71	29	NA	0.381533765738268
7887_Gorai.012G079600.3_AdigSen	1931	0/1	3	3	NA	6	2621	10	50	50	NA	0.381533765738268
7887_Gorai.012G079600.3_AdigSen	2007	0/1	10	3	NA	13	2621	10	77	23	NA	0.381533765738268
8061_Gorai.002G118200.4_P1_AdigSen	239	1/1	0	14	NA	14	1634	11	0	100	NA	0.673194614443084
8061_Gorai.002G118200.4_P1_AdigSen	244	1/1	0	14	NA	14	1634	11	0	100	NA	0.673194614443084
8061_Gorai.002G118200.4_P1_AdigSen	274	1/1	1	11	NA	12	1634	11	8	92	NA	0.673194614443084
8061_Gorai.002G118200.4_P1_AdigSen	285	0/1	6	8	NA	14	1634	11	43	57	NA	0.673194614443084
8061_Gorai.002G118200.4_P1_AdigSen	306	1/1	3	11	NA	14	1634	11	21	79	NA	0.673194614443084
8061_Gorai.002G118200.4_P1_AdigSen	322	1/1	4	12	NA	16	1634	11	25	75	NA	0.673194614443084
8061_Gorai.002G118200.4_P1_AdigSen	339	1/1	6	11	NA	17	1634	11	35	65	NA	0.673194614443084
8061_Gorai.002G118200.4_P1_AdigSen	348	0/1	10	7	NA	17	1634	11	59	41	NA	0.673194614443084
8061_Gorai.002G118200.4_P1_AdigSen	390	0/1	8	8	NA	16	1634	11	50	50	NA	0.673194614443084
8061_Gorai.002G118200.4_P1_AdigSen	398	0/1	8	8	NA	16	1634	11	50	50	NA	0.673194614443084
8061_Gorai.002G118200.4_P1_AdigSen	444	1/1	2	5	NA	7	1634	11	29	71	NA	0.673194614443084
8061_Gorai.002G118200.4_P1_AdigSen_3	188	1/1	10	10	NA	20	1634	16	50	50	NA	0.979192166462668
8061_Gorai.002G118200.4_P1_AdigSen_3	198	1/1	8	11	NA	19	1634	16	42	58	NA	0.979192166462668
8061_Gorai.002G118200.4_P1_AdigSen_3	220	1/1	7	10	NA	17	1634	16	41	59	NA	0.979192166462668
8061_Gorai.002G118200.4_P1_AdigSen_3	223	1/1	7	10	NA	17	1634	16	41	59	NA	0.979192166462668
8061_Gorai.002G118200.4_P1_AdigSen_3	225	1/1	6	10	NA	16	1634	16	38	62	NA	0.979192166462668
8061_Gorai.002G118200.4_P1_AdigSen_3	244	1/1	3	16	NA	19	1634	16	16	84	NA	0.979192166462668
8061_Gorai.002G118200.4_P1_AdigSen_3	246	0/1	17	5	NA	22	1634	16	77	23	NA	0.979192166462668
8061_Gorai.002G118200.4_P1_AdigSen_3	249	0/1	17	5	NA	22	1634	16	77	23	NA	0.979192166462668
8061_Gorai.002G118200.4_P1_AdigSen_3	274	1/1	0	18	NA	18	1634	16	0	100	NA	0.979192166462668
8061_Gorai.002G118200.4_P1_AdigSen_3	294	0/1	15	5	NA	20	1634	16	75	25	NA	0.979192166462668
8061_Gorai.002G118200.4_P1_AdigSen_3	306	0/1	8	12	NA	20	1634	16	40	60	NA	0.979192166462668
8061_Gorai.002G118200.4_P1_AdigSen_3	322	0/1	8	12	NA	20	1634	16	40	60	NA	0.979192166462668
8061_Gorai.002G118200.4_P1_AdigSen_3	326	0/1	16	4	NA	20	1634	16	80	20	NA	0.979192166462668
8061_Gorai.002G118200.4_P1_AdigSen_3	329	0/1	15	5	NA	20	1634	16	75	25	NA	0.979192166462668
8061_Gorai.002G118200.4_P1_AdigSen_3	339	1/1	3	16	NA	19	1634	16	16	84	NA	0.979192166462668
8061_Gorai.002G118200.4_P1_AdigSen_3	444	0/1	3	8	NA	11	1634	16	27	73	NA	0.979192166462668
8071_Gorai.002G129300.6_P1_AdigSen	347	1/1	0	5	NA	5	1703	3	0	100	NA	0.176159718144451
8071_Gorai.002G129300.6_P1_AdigSen	367	1/1	0	3	NA	3	1703	3	0	100	NA	0.176159718144451
8071_Gorai.002G129300.6_P1_AdigSen	373	1/1	0	3	NA	3	1703	3	0	100	NA	0.176159718144451
8071_Gorai.002G129300.6_P1_AdigSen_3	347	1/1	2	19	NA	21	1703	1	10	90	NA	0.0587199060481503
8108_Gorai.004G178200.4_AdigSen	2188	0/1	4	2	NA	6	2941	4	67	33	NA	0.136008160489629
8108_Gorai.004G178200.4_AdigSen	2215	0/1	5	2	NA	7	2941	4	71	29	NA	0.136008160489629
8108_Gorai.004G178200.4_AdigSen	2216	0/1	5	3	NA	8	2941	4	62	38	NA	0.136008160489629
8108_Gorai.004G178200.4_AdigSen	2310	0/1	4	2	NA	6	2941	4	67	33	NA	0.136008160489629
8173_Gorai.002G128400.2_AdigSen	869	1/1	1	9	NA	10	2658	2	10	90	NA	0.0752445447705041
8173_Gorai.002G128400.2_AdigSen	872	1/1	1	9	NA	10	2658	2	10	90	NA	0.0752445447705041
8460_Gorai.005G073300.3_AdigSen_3	3446	1/1	1	11	NA	12	4287	3	8	92	NA	0.0699790062981106
8460_Gorai.005G073300.3_AdigSen_3	3448	1/1	0	12	NA	12	4287	3	0	100	NA	0.0699790062981106
8460_Gorai.005G073300.3_AdigSen_3	3450	1/1	0	12	NA	12	4287	3	0	100	NA	0.0699790062981106
8477_Gorai.013G272100.1_AdigSen	150	0/1	5	2	NA	7	2258	1	71	29	NA	0.0442869796279894
8697_Gorai.006G213600.4_AdigSen	2944	0/1	4	3	NA	7	3234	1	57	43	NA	0.0309214594928881
8902_Gorai.009G043400.2_P1_AdigSen	38	0/1	15	5	NA	20	1367	31	75	25	NA	2.26773957571324
8902_Gorai.009G043400.2_P1_AdigSen	118	0/1	30	4	NA	34	1367	31	88	12	NA	2.26773957571324
8902_Gorai.009G043400.2_P1_AdigSen	132	0/1	29	6	NA	35	1367	31	83	17	NA	2.26773957571324
8902_Gorai.009G043400.2_P1_AdigSen	162	0/1	34	7	NA	41	1367	31	83	17	NA	2.26773957571324
8902_Gorai.009G043400.2_P1_AdigSen	171	0/1	34	7	NA	41	1367	31	83	17	NA	2.26773957571324
8902_Gorai.009G043400.2_P1_AdigSen	189	0/1	34	7	NA	41	1367	31	83	17	NA	2.26773957571324
8902_Gorai.009G043400.2_P1_AdigSen	216	0/1	37	8	NA	45	1367	31	82	18	NA	2.26773957571324
8902_Gorai.009G043400.2_P1_AdigSen	217	0/1	37	9	NA	46	1367	31	80	20	NA	2.26773957571324
8902_Gorai.009G043400.2_P1_AdigSen	222	0/1	40	9	NA	49	1367	31	82	18	NA	2.26773957571324
8902_Gorai.009G043400.2_P1_AdigSen	232	0/1	44	9	NA	53	1367	31	83	17	NA	2.26773957571324
8902_Gorai.009G043400.2_P1_AdigSen	256	0/1	48	12	NA	60	1367	31	80	20	NA	2.26773957571324
8902_Gorai.009G043400.2_P1_AdigSen	262	0/1	46	12	NA	58	1367	31	79	21	NA	2.26773957571324
8902_Gorai.009G043400.2_P1_AdigSen	271	0/1	47	11	NA	58	1367	31	81	19	NA	2.26773957571324
8902_Gorai.009G043400.2_P1_AdigSen	283	0/1	51	6	NA	57	1367	31	89	11	NA	2.26773957571324
8902_Gorai.009G043400.2_P1_AdigSen	290	0/1	50	10	NA	60	1367	31	83	17	NA	2.26773957571324
8902_Gorai.009G043400.2_P1_AdigSen	305	0/1	55	6	NA	61	1367	31	90	10	NA	2.26773957571324
8902_Gorai.009G043400.2_P1_AdigSen	315	0/1	48	11	NA	59	1367	31	81	19	NA	2.26773957571324
8902_Gorai.009G043400.2_P1_AdigSen	318	0/1	55	6	NA	61	1367	31	90	10	NA	2.26773957571324
8902_Gorai.009G043400.2_P1_AdigSen	333	0/1	52	11	NA	63	1367	31	83	17	NA	2.26773957571324
8902_Gorai.009G043400.2_P1_AdigSen	345	0/1	52	10	NA	62	1367	31	84	16	NA	2.26773957571324
8902_Gorai.009G043400.2_P1_AdigSen	369	0/1	50	10	NA	60	1367	31	83	17	NA	2.26773957571324
8902_Gorai.009G043400.2_P1_AdigSen	375	0/1	50	10	NA	60	1367	31	83	17	NA	2.26773957571324
8902_Gorai.009G043400.2_P1_AdigSen	401	0/1	47	8	NA	55	1367	31	85	15	NA	2.26773957571324
8902_Gorai.009G043400.2_P1_AdigSen	448	0/1	43	8	NA	51	1367	31	84	16	NA	2.26773957571324
8902_Gorai.009G043400.2_P1_AdigSen	472	0/1	31	7	NA	38	1367	31	82	18	NA	2.26773957571324
8902_Gorai.009G043400.2_P1_AdigSen	474	0/1	29	7	NA	36	1367	31	81	19	NA	2.26773957571324
8902_Gorai.009G043400.2_P1_AdigSen	493	0/1	21	4	NA	25	1367	31	84	16	NA	2.26773957571324
8902_Gorai.009G043400.2_P1_AdigSen	506	0/1	19	4	NA	23	1367	31	83	17	NA	2.26773957571324
8902_Gorai.009G043400.2_P1_AdigSen	519	0/1	18	4	NA	22	1367	31	82	18	NA	2.26773957571324
8902_Gorai.009G043400.2_P1_AdigSen	558	0/1	11	6	NA	17	1367	31	65	35	NA	2.26773957571324
8902_Gorai.009G043400.2_P1_AdigSen	686	0/1	7	5	NA	12	1367	31	58	42	NA	2.26773957571324
8902_Gorai.009G043400.2_P3_AdigSen_3	219	0/1	4	3	NA	7	1204	2	57	43	NA	0.166112956810631
8902_Gorai.009G043400.2_P3_AdigSen_3	226	0/1	6	2	NA	8	1204	2	75	25	NA	0.166112956810631
9057_Gorai.009G271600.2_P1_AdigSen	775	0/1	8	3	NA	11	1659	11	73	27	NA	0.663050030138638
9057_Gorai.009G271600.2_P1_AdigSen	776	0/1	8	3	NA	11	1659	11	73	27	NA	0.663050030138638
9057_Gorai.009G271600.2_P1_AdigSen	837	0/1	10	3	NA	13	1659	11	77	23	NA	0.663050030138638
9057_Gorai.009G271600.2_P1_AdigSen	873	0/1	9	3	NA	12	1659	11	75	25	NA	0.663050030138638
9057_Gorai.009G271600.2_P1_AdigSen	897	0/1	10	3	NA	13	1659	11	77	23	NA	0.663050030138638
9057_Gorai.009G271600.2_P1_AdigSen	912	0/1	8	3	NA	11	1659	11	73	27	NA	0.663050030138638
9057_Gorai.009G271600.2_P1_AdigSen	915	0/1	8	3	NA	11	1659	11	73	27	NA	0.663050030138638
9057_Gorai.009G271600.2_P1_AdigSen	1088	0/1	3	2	NA	5	1659	11	60	40	NA	0.663050030138638
9057_Gorai.009G271600.2_P1_AdigSen	1089	0/1	3	2	NA	5	1659	11	60	40	NA	0.663050030138638
9057_Gorai.009G271600.2_P1_AdigSen	1090	0/1	3	2	NA	5	1659	11	60	40	NA	0.663050030138638
9057_Gorai.009G271600.2_P1_AdigSen	1193	0/1	10	3	NA	13	1659	11	77	23	NA	0.663050030138638
9057_Gorai.009G271600.2_P2_AdigSen	185	0/1	7	3	NA	10	1019	1	70	30	NA	0.098135426889107
9156_Gorai.009G268200.2_P2_AdigSen	1527	1/1	6	6	NA	12	2374	6	50	50	NA	0.25273799494524
9156_Gorai.009G268200.2_P2_AdigSen	2178	1/1	0	4	NA	4	2374	6	0	100	NA	0.25273799494524
9156_Gorai.009G268200.2_P2_AdigSen	2181	1/1	1	4	NA	5	2374	6	20	80	NA	0.25273799494524
9156_Gorai.009G268200.2_P2_AdigSen	2184	1/1	1	4	NA	5	2374	6	20	80	NA	0.25273799494524
9156_Gorai.009G268200.2_P2_AdigSen	2205	1/1	0	4	NA	4	2374	6	0	100	NA	0.25273799494524
9156_Gorai.009G268200.2_P2_AdigSen	2253	1/1	0	2	NA	2	2374	6	0	100	NA	0.25273799494524
9156_Gorai.009G268200.2_P2_AdigSen_3	1488	1/1	4	10	NA	14	2374	9	29	71	NA	0.37910699241786
9156_Gorai.009G268200.2_P2_AdigSen_3	1489	1/1	4	9	NA	13	2374	9	31	69	NA	0.37910699241786
9156_Gorai.009G268200.2_P2_AdigSen_3	1500	1/1	4	9	NA	13	2374	9	31	69	NA	0.37910699241786
9156_Gorai.009G268200.2_P2_AdigSen_3	1524	1/1	4	7	NA	11	2374	9	36	64	NA	0.37910699241786
9156_Gorai.009G268200.2_P2_AdigSen_3	1991	1/1	0	2	NA	2	2374	9	0	100	NA	0.37910699241786
9156_Gorai.009G268200.2_P2_AdigSen_3	1996	1/1	0	2	NA	2	2374	9	0	100	NA	0.37910699241786
9156_Gorai.009G268200.2_P2_AdigSen_3	1998	1/1	0	2	NA	2	2374	9	0	100	NA	0.37910699241786
9156_Gorai.009G268200.2_P2_AdigSen_3	2020	1/1	0	2	NA	2	2374	9	0	100	NA	0.37910699241786
9156_Gorai.009G268200.2_P2_AdigSen_3	2177	0/1	2	4	NA	6	2374	9	33	67	NA	0.37910699241786
923_Gorai.005G170300.2_P2_AdigSen	102	0/1	11	5	NA	16	3035	6	69	31	NA	0.197693574958814
923_Gorai.005G170300.2_P2_AdigSen	105	0/1	15	3	NA	18	3035	6	83	17	NA	0.197693574958814
923_Gorai.005G170300.2_P2_AdigSen	110	0/1	11	7	NA	18	3035	6	61	39	NA	0.197693574958814
923_Gorai.005G170300.2_P2_AdigSen	117	0/1	9	8	NA	17	3035	6	53	47	NA	0.197693574958814
923_Gorai.005G170300.2_P2_AdigSen	132	0/1	7	10	NA	17	3035	6	41	59	NA	0.197693574958814
923_Gorai.005G170300.2_P2_AdigSen	138	1/1	1	11	NA	12	3035	6	8	92	NA	0.197693574958814
9242_Gorai.009G068700.1_AdigSen	1841	0/1	7	3	NA	10	3191	2	70	30	NA	0.0626762770291445
9242_Gorai.009G068700.1_AdigSen	2057	0/1	9	4	NA	13	3191	2	69	31	NA	0.0626762770291445
9263_Gorai.004G098000.1_P1_AdigSen	243	1/1	1	8	NA	9	1251	3	11	89	NA	0.239808153477218
9263_Gorai.004G098000.1_P1_AdigSen	384	1/1	5	7	NA	12	1251	3	42	58	NA	0.239808153477218
9263_Gorai.004G098000.1_P1_AdigSen	423	0/1	8	6	NA	14	1251	3	57	43	NA	0.239808153477218
9263_Gorai.004G098000.1_P1_AdigSen_3	243	1/1	5	6	NA	11	1251	11	45	55	NA	0.8792965627498
9263_Gorai.004G098000.1_P1_AdigSen_3	249	1/1	5	6	NA	11	1251	11	45	55	NA	0.8792965627498
9263_Gorai.004G098000.1_P1_AdigSen_3	261	1/1	5	6	NA	11	1251	11	45	55	NA	0.8792965627498
9263_Gorai.004G098000.1_P1_AdigSen_3	264	1/1	5	6	NA	11	1251	11	45	55	NA	0.8792965627498
9263_Gorai.004G098000.1_P1_AdigSen_3	273	0/1	6	4	NA	10	1251	11	60	40	NA	0.8792965627498
9263_Gorai.004G098000.1_P1_AdigSen_3	420	0/1	11	5	NA	16	1251	11	69	31	NA	0.8792965627498
9263_Gorai.004G098000.1_P1_AdigSen_3	435	0/1	11	4	NA	15	1251	11	73	27	NA	0.8792965627498
9263_Gorai.004G098000.1_P1_AdigSen_3	437	0/1	10	5	NA	15	1251	11	67	33	NA	0.8792965627498
9263_Gorai.004G098000.1_P1_AdigSen_3	486	1/1	6	5	NA	11	1251	11	55	45	NA	0.8792965627498
9263_Gorai.004G098000.1_P1_AdigSen_3	513	1/1	4	7	NA	11	1251	11	36	64	NA	0.8792965627498
9263_Gorai.004G098000.1_P1_AdigSen_3	516	1/1	4	7	NA	11	1251	11	36	64	NA	0.8792965627498
959_Gorai.001G017000.1_P2_AdigSen	656	1/1	6	6	NA	12	1319	13	50	50	NA	0.985595147839272
959_Gorai.001G017000.1_P2_AdigSen	684	1/1	7	6	NA	13	1319	13	54	46	NA	0.985595147839272
959_Gorai.001G017000.1_P2_AdigSen	725	1/1	7	7	NA	14	1319	13	50	50	NA	0.985595147839272
959_Gorai.001G017000.1_P2_AdigSen	751	0/1	3	6	NA	9	1319	13	33	67	NA	0.985595147839272
959_Gorai.001G017000.1_P2_AdigSen	769	1/1	2	7	NA	9	1319	13	22	78	NA	0.985595147839272
959_Gorai.001G017000.1_P2_AdigSen	789	0/1	1	8	NA	9	1319	13	11	89	NA	0.985595147839272
959_Gorai.001G017000.1_P2_AdigSen	805	1/1	1	9	NA	10	1319	13	10	90	NA	0.985595147839272
959_Gorai.001G017000.1_P2_AdigSen	862	0/1	7	9	NA	16	1319	13	44	56	NA	0.985595147839272
959_Gorai.001G017000.1_P2_AdigSen	864	0/1	8	7	NA	15	1319	13	53	47	NA	0.985595147839272
959_Gorai.001G017000.1_P2_AdigSen	867	0/1	8	9	NA	17	1319	13	47	53	NA	0.985595147839272
959_Gorai.001G017000.1_P2_AdigSen	912	1/1	3	8	NA	11	1319	13	27	73	NA	0.985595147839272
959_Gorai.001G017000.1_P2_AdigSen	934	1/1	2	10	NA	12	1319	13	17	83	NA	0.985595147839272
959_Gorai.001G017000.1_P2_AdigSen	955	1/1	2	9	NA	11	1319	13	18	82	NA	0.985595147839272
959_Gorai.001G017000.1_P2_AdigSen_3	805	1/1	1	14	NA	15	1319	7	7	93	NA	0.530705079605762
959_Gorai.001G017000.1_P2_AdigSen_3	900	1/1	1	4	NA	5	1319	7	20	80	NA	0.530705079605762
959_Gorai.001G017000.1_P2_AdigSen_3	907	1/1	2	2	NA	4	1319	7	50	50	NA	0.530705079605762
959_Gorai.001G017000.1_P2_AdigSen_3	911	1/1	1	3	NA	4	1319	7	25	75	NA	0.530705079605762
959_Gorai.001G017000.1_P2_AdigSen_3	912	1/1	1	3	NA	4	1319	7	25	75	NA	0.530705079605762
959_Gorai.001G017000.1_P2_AdigSen_3	964	1/1	2	2	NA	4	1319	7	50	50	NA	0.530705079605762
959_Gorai.001G017000.1_P2_AdigSen_3	981	1/1	1	3	NA	4	1319	7	25	75	NA	0.530705079605762
9657_Gorai.004G033500.2_AdigSen_3	912	1/1	0	7	NA	7	2301	3	0	100	NA	0.130378096479791
9657_Gorai.004G033500.2_AdigSen_3	932	0/1	3	5	NA	8	2301	3	38	62	NA	0.130378096479791
9657_Gorai.004G033500.2_AdigSen_3	1773	1/1	0	4	NA	4	2301	3	0	100	NA	0.130378096479791
