allele	position	GT	ref.reads	alt1.reads	alt2.reads	total.reads	length	var_sites	perc_ref	perc_alt1	perc_alt2	perc_variant
10249_Gorai.004G099900.1_AdigCDI	442	0/1	10	5	NA	15	1910	2	67	33	NA	0.104712041884817
10249_Gorai.004G099900.1_AdigCDI	773	0/1	8	4	NA	12	1910	2	67	33	NA	0.104712041884817
10378_Gorai.008G223500.4_P2_AdigCDI	589	0/1	5	3	NA	8	2114	1	62	38	NA	0.0473036896877956
10447_Gorai.007G227000.1_AdigCDI	375	0/1	10	4	NA	14	2069	3	71	29	NA	0.14499758337361
10447_Gorai.007G227000.1_AdigCDI	423	0/1	12	3	NA	15	2069	3	80	20	NA	0.14499758337361
10447_Gorai.007G227000.1_AdigCDI	609	0/1	5	3	NA	8	2069	3	62	38	NA	0.14499758337361
10569_Gorai.002G141200.1_AdigCDI	699	1/1	2	6	NA	8	1167	4	25	75	NA	0.342759211653813
10569_Gorai.002G141200.1_AdigCDI	700	1/1	2	6	NA	8	1167	4	25	75	NA	0.342759211653813
10569_Gorai.002G141200.1_AdigCDI	725	1/1	2	6	NA	8	1167	4	25	75	NA	0.342759211653813
10569_Gorai.002G141200.1_AdigCDI	728	1/1	2	6	NA	8	1167	4	25	75	NA	0.342759211653813
10569_Gorai.002G141200.1_AdigCDI_3	699	1/1	0	4	NA	4	1167	6	0	100	NA	0.51413881748072
10569_Gorai.002G141200.1_AdigCDI_3	700	1/1	0	4	NA	4	1167	6	0	100	NA	0.51413881748072
10569_Gorai.002G141200.1_AdigCDI_3	725	1/1	0	4	NA	4	1167	6	0	100	NA	0.51413881748072
10569_Gorai.002G141200.1_AdigCDI_3	728	1/1	0	4	NA	4	1167	6	0	100	NA	0.51413881748072
10569_Gorai.002G141200.1_AdigCDI_3	760	0/1	1	3	NA	4	1167	6	25	75	NA	0.51413881748072
10569_Gorai.002G141200.1_AdigCDI_3	784	1/1	0	2	NA	2	1167	6	0	100	NA	0.51413881748072
10846_Gorai.002G129100.1_AdigCDI	500	0/1	6	2	NA	8	3421	1	75	25	NA	0.0292312189418299
11426_Gorai.011G126700.1_AdigCDI	1164	1/1	2	3	NA	5	1706	1	40	60	NA	0.0586166471277843
11772_Gorai.008G015500.1_AdigCDI	541	0/1	24	17	NA	41	1988	1	59	41	NA	0.0503018108651912
11772_Gorai.008G015500.1_AdigCDI_3	699	1/1	7	9	NA	16	1988	2	44	56	NA	0.100603621730382
11772_Gorai.008G015500.1_AdigCDI_3	846	1/1	18	12	NA	30	1988	2	60	40	NA	0.100603621730382
1189_Gorai.008G016300.1_P1_AdigCDI_3	896	1/1	0	6	NA	6	3823	1	0	100	NA	0.0261574679571018
12182_Gorai.001G115500.2_AdigCDI	1359	0/1	10	3	NA	13	2411	3	77	23	NA	0.12442969722107
12182_Gorai.001G115500.2_AdigCDI	1731	0/1	4	2	NA	6	2411	3	67	33	NA	0.12442969722107
12182_Gorai.001G115500.2_AdigCDI	1750	0/1	5	2	NA	7	2411	3	71	29	NA	0.12442969722107
12588_Gorai.006G082300.1_AdigCDI	2267	0/1	15	4	NA	19	3009	1	79	21	NA	0.0332336324360253
12729_Gorai.002G268400.1_AdigCDI	1408	0/1	6	5	NA	11	2380	4	55	45	NA	0.168067226890756
12729_Gorai.002G268400.1_AdigCDI	1471	0/1	11	6	NA	17	2380	4	65	35	NA	0.168067226890756
12729_Gorai.002G268400.1_AdigCDI	1495	0/1	16	4	NA	20	2380	4	80	20	NA	0.168067226890756
12729_Gorai.002G268400.1_AdigCDI	2217	0/1	3	3	NA	6	2380	4	50	50	NA	0.168067226890756
1316_Gorai.010G255400.1_AdigCDI	2932	0/1	4	2	NA	6	6082	6	67	33	NA	0.0986517592897073
1316_Gorai.010G255400.1_AdigCDI	2939	0/1	4	2	NA	6	6082	6	67	33	NA	0.0986517592897073
1316_Gorai.010G255400.1_AdigCDI	2960	0/1	4	2	NA	6	6082	6	67	33	NA	0.0986517592897073
1316_Gorai.010G255400.1_AdigCDI	3041	0/1	5	2	NA	7	6082	6	71	29	NA	0.0986517592897073
1316_Gorai.010G255400.1_AdigCDI	5326	0/1	12	3	NA	15	6082	6	80	20	NA	0.0986517592897073
1316_Gorai.010G255400.1_AdigCDI	5443	1/1	0	9	NA	9	6082	6	0	100	NA	0.0986517592897073
1379_Gorai.007G259700.2_P2_AdigCDI	1809	1/1	5	5	NA	10	3578	31	50	50	NA	0.866405813303522
1379_Gorai.007G259700.2_P2_AdigCDI	1817	1/1	3	5	NA	8	3578	31	38	62	NA	0.866405813303522
1379_Gorai.007G259700.2_P2_AdigCDI	1824	1/1	0	5	NA	5	3578	31	0	100	NA	0.866405813303522
1379_Gorai.007G259700.2_P2_AdigCDI	1825	1/1	0	5	NA	5	3578	31	0	100	NA	0.866405813303522
1379_Gorai.007G259700.2_P2_AdigCDI	2000	0/1	13	14	NA	27	3578	31	48	52	NA	0.866405813303522
1379_Gorai.007G259700.2_P2_AdigCDI	2018	1/1	12	17	NA	29	3578	31	41	59	NA	0.866405813303522
1379_Gorai.007G259700.2_P2_AdigCDI	2025	0/1	13	20	NA	33	3578	31	39	61	NA	0.866405813303522
1379_Gorai.007G259700.2_P2_AdigCDI	2036	1/1	12	20	NA	32	3578	31	38	62	NA	0.866405813303522
1379_Gorai.007G259700.2_P2_AdigCDI	2037	1/1	12	21	NA	33	3578	31	36	64	NA	0.866405813303522
1379_Gorai.007G259700.2_P2_AdigCDI	2054	1/1	12	26	NA	38	3578	31	32	68	NA	0.866405813303522
1379_Gorai.007G259700.2_P2_AdigCDI	2072	1/1	10	26	NA	36	3578	31	28	72	NA	0.866405813303522
1379_Gorai.007G259700.2_P2_AdigCDI	2095	1/1	5	32	NA	37	3578	31	14	86	NA	0.866405813303522
1379_Gorai.007G259700.2_P2_AdigCDI	2111	1/1	0	33	NA	33	3578	31	0	100	NA	0.866405813303522
1379_Gorai.007G259700.2_P2_AdigCDI	2213	1/1	0	11	NA	11	3578	31	0	100	NA	0.866405813303522
1379_Gorai.007G259700.2_P2_AdigCDI	2216	1/1	0	11	NA	11	3578	31	0	100	NA	0.866405813303522
1379_Gorai.007G259700.2_P2_AdigCDI	2218	1/1	0	11	NA	11	3578	31	0	100	NA	0.866405813303522
1379_Gorai.007G259700.2_P2_AdigCDI	2232	1/1	0	14	NA	14	3578	31	0	100	NA	0.866405813303522
1379_Gorai.007G259700.2_P2_AdigCDI	2234	1/1	0	15	NA	15	3578	31	0	100	NA	0.866405813303522
1379_Gorai.007G259700.2_P2_AdigCDI	2243	1/1	0	15	NA	15	3578	31	0	100	NA	0.866405813303522
1379_Gorai.007G259700.2_P2_AdigCDI	2253	1/1	0	15	NA	15	3578	31	0	100	NA	0.866405813303522
1379_Gorai.007G259700.2_P2_AdigCDI	2255	1/1	0	15	NA	15	3578	31	0	100	NA	0.866405813303522
1379_Gorai.007G259700.2_P2_AdigCDI	2270	1/1	0	12	NA	12	3578	31	0	100	NA	0.866405813303522
1379_Gorai.007G259700.2_P2_AdigCDI	2272	1/1	0	12	NA	12	3578	31	0	100	NA	0.866405813303522
1379_Gorai.007G259700.2_P2_AdigCDI	2279	1/1	0	12	NA	12	3578	31	0	100	NA	0.866405813303522
1379_Gorai.007G259700.2_P2_AdigCDI	2281	1/1	0	12	NA	12	3578	31	0	100	NA	0.866405813303522
1379_Gorai.007G259700.2_P2_AdigCDI	2283	1/1	0	12	NA	12	3578	31	0	100	NA	0.866405813303522
1379_Gorai.007G259700.2_P2_AdigCDI	2287	1/1	0	12	NA	12	3578	31	0	100	NA	0.866405813303522
1379_Gorai.007G259700.2_P2_AdigCDI	2295	1/1	0	18	NA	18	3578	31	0	100	NA	0.866405813303522
1379_Gorai.007G259700.2_P2_AdigCDI	2304	1/1	0	22	NA	22	3578	31	0	100	NA	0.866405813303522
1379_Gorai.007G259700.2_P2_AdigCDI	2313	1/1	0	23	NA	23	3578	31	0	100	NA	0.866405813303522
1379_Gorai.007G259700.2_P2_AdigCDI	2331	1/1	2	25	NA	27	3578	31	7	93	NA	0.866405813303522
1379_Gorai.007G259700.2_P2_AdigCDI_3	1885	1/1	0	16	NA	16	3578	11	0	100	NA	0.307434320849637
1379_Gorai.007G259700.2_P2_AdigCDI_3	1886	1/1	0	16	NA	16	3578	11	0	100	NA	0.307434320849637
1379_Gorai.007G259700.2_P2_AdigCDI_3	1888	1/1	0	16	NA	16	3578	11	0	100	NA	0.307434320849637
1379_Gorai.007G259700.2_P2_AdigCDI_3	1889	1/1	0	16	NA	16	3578	11	0	100	NA	0.307434320849637
1379_Gorai.007G259700.2_P2_AdigCDI_3	2018	0/1	5	25	NA	30	3578	11	17	83	NA	0.307434320849637
1379_Gorai.007G259700.2_P2_AdigCDI_3	2025	0/1	5	26	NA	31	3578	11	16	84	NA	0.307434320849637
1379_Gorai.007G259700.2_P2_AdigCDI_3	2037	0/1	4	29	NA	33	3578	11	12	88	NA	0.307434320849637
1379_Gorai.007G259700.2_P2_AdigCDI_3	2054	1/1	4	34	NA	38	3578	11	11	89	NA	0.307434320849637
1379_Gorai.007G259700.2_P2_AdigCDI_3	2072	1/1	2	35	NA	37	3578	11	5	95	NA	0.307434320849637
1379_Gorai.007G259700.2_P2_AdigCDI_3	2095	1/1	1	37	NA	38	3578	11	3	97	NA	0.307434320849637
1379_Gorai.007G259700.2_P2_AdigCDI_3	2111	1/1	1	40	NA	41	3578	11	2	98	NA	0.307434320849637
14121_Gorai.008G215800.2_AdigCDI	159	1/1	2	14	NA	16	2668	1	12	88	NA	0.0374812593703148
15967_Gorai.009G226900.2_P2_AdigCDI	41	0/1	7	3	NA	10	1899	28	70	30	NA	1.47446024223275
15967_Gorai.009G226900.2_P2_AdigCDI	59	0/1	8	3	NA	11	1899	28	73	27	NA	1.47446024223275
15967_Gorai.009G226900.2_P2_AdigCDI	70	0/1	8	3	NA	11	1899	28	73	27	NA	1.47446024223275
15967_Gorai.009G226900.2_P2_AdigCDI	82	0/1	8	3	NA	11	1899	28	73	27	NA	1.47446024223275
15967_Gorai.009G226900.2_P2_AdigCDI	87	0/1	8	3	NA	11	1899	28	73	27	NA	1.47446024223275
15967_Gorai.009G226900.2_P2_AdigCDI	103	0/1	8	3	NA	11	1899	28	73	27	NA	1.47446024223275
15967_Gorai.009G226900.2_P2_AdigCDI	135	0/1	9	3	NA	12	1899	28	75	25	NA	1.47446024223275
15967_Gorai.009G226900.2_P2_AdigCDI	139	0/1	9	3	NA	12	1899	28	75	25	NA	1.47446024223275
15967_Gorai.009G226900.2_P2_AdigCDI	142	0/1	9	3	NA	12	1899	28	75	25	NA	1.47446024223275
15967_Gorai.009G226900.2_P2_AdigCDI	193	0/1	3	2	NA	5	1899	28	60	40	NA	1.47446024223275
15967_Gorai.009G226900.2_P2_AdigCDI	1264	0/1	1	3	NA	4	1899	28	25	75	NA	1.47446024223275
15967_Gorai.009G226900.2_P2_AdigCDI	1321	0/1	5	2	NA	7	1899	28	71	29	NA	1.47446024223275
15967_Gorai.009G226900.2_P2_AdigCDI	1328	0/1	5	2	NA	7	1899	28	71	29	NA	1.47446024223275
15967_Gorai.009G226900.2_P2_AdigCDI	1332	0/1	4	2	NA	6	1899	28	67	33	NA	1.47446024223275
15967_Gorai.009G226900.2_P2_AdigCDI	1333	0/1	4	2	NA	6	1899	28	67	33	NA	1.47446024223275
15967_Gorai.009G226900.2_P2_AdigCDI	1338	0/1	4	2	NA	6	1899	28	67	33	NA	1.47446024223275
15967_Gorai.009G226900.2_P2_AdigCDI	1359	0/1	2	2	NA	4	1899	28	50	50	NA	1.47446024223275
15967_Gorai.009G226900.2_P2_AdigCDI	1375	0/1	8	4	NA	12	1899	28	67	33	NA	1.47446024223275
15967_Gorai.009G226900.2_P2_AdigCDI	1376	0/1	8	4	NA	12	1899	28	67	33	NA	1.47446024223275
15967_Gorai.009G226900.2_P2_AdigCDI	1377	0/1	8	4	NA	12	1899	28	67	33	NA	1.47446024223275
15967_Gorai.009G226900.2_P2_AdigCDI	1391	0/1	9	4	NA	13	1899	28	69	31	NA	1.47446024223275
15967_Gorai.009G226900.2_P2_AdigCDI	1392	0/1	10	4	NA	14	1899	28	71	29	NA	1.47446024223275
15967_Gorai.009G226900.2_P2_AdigCDI	1395	0/1	10	4	NA	14	1899	28	71	29	NA	1.47446024223275
15967_Gorai.009G226900.2_P2_AdigCDI	1400	0/1	11	3	NA	14	1899	28	79	21	NA	1.47446024223275
15967_Gorai.009G226900.2_P2_AdigCDI	1406	0/1	11	3	NA	14	1899	28	79	21	NA	1.47446024223275
15967_Gorai.009G226900.2_P2_AdigCDI	1407	0/1	10	4	NA	14	1899	28	71	29	NA	1.47446024223275
15967_Gorai.009G226900.2_P2_AdigCDI	1424	0/1	12	4	NA	16	1899	28	75	25	NA	1.47446024223275
15967_Gorai.009G226900.2_P2_AdigCDI	1475	0/1	11	3	NA	14	1899	28	79	21	NA	1.47446024223275
17458_Gorai.010G131600.2_AdigCDI	298	0/1	18	3	NA	21	1716	2	86	14	NA	0.116550116550117
17458_Gorai.010G131600.2_AdigCDI	301	0/1	17	3	NA	20	1716	2	85	15	NA	0.116550116550117
17633_Gorai.007G129100.7_AdigCDI	875	0/1	32	8	NA	40	1611	5	80	20	NA	0.310366232153942
17633_Gorai.007G129100.7_AdigCDI	1041	0/1	32	11	NA	43	1611	5	74	26	NA	0.310366232153942
17633_Gorai.007G129100.7_AdigCDI	1128	0/1	21	7	NA	28	1611	5	75	25	NA	0.310366232153942
17633_Gorai.007G129100.7_AdigCDI	1243	0/1	23	4	NA	27	1611	5	85	15	NA	0.310366232153942
17633_Gorai.007G129100.7_AdigCDI	1310	0/1	14	3	NA	17	1611	5	82	18	NA	0.310366232153942
18105_Gorai.008G211000.1_P1_AdigCDI	224	0/1	8	3	NA	11	1232	9	73	27	NA	0.730519480519481
18105_Gorai.008G211000.1_P1_AdigCDI	695	0/1	5	3	NA	8	1232	9	62	38	NA	0.730519480519481
18105_Gorai.008G211000.1_P1_AdigCDI	762	0/1	7	5	NA	12	1232	9	58	42	NA	0.730519480519481
18105_Gorai.008G211000.1_P1_AdigCDI	780	0/1	8	5	NA	13	1232	9	62	38	NA	0.730519480519481
18105_Gorai.008G211000.1_P1_AdigCDI	798	0/1	9	4	NA	13	1232	9	69	31	NA	0.730519480519481
18105_Gorai.008G211000.1_P1_AdigCDI	807	0/1	7	5	NA	12	1232	9	58	42	NA	0.730519480519481
18105_Gorai.008G211000.1_P1_AdigCDI	813	0/1	6	4	NA	10	1232	9	60	40	NA	0.730519480519481
18105_Gorai.008G211000.1_P1_AdigCDI	822	0/1	5	4	NA	9	1232	9	56	44	NA	0.730519480519481
18105_Gorai.008G211000.1_P1_AdigCDI	831	0/1	5	3	NA	8	1232	9	62	38	NA	0.730519480519481
18105_Gorai.008G211000.1_P2_AdigCDI	561	1/1	0	5	NA	5	1477	1	0	100	NA	0.0677048070412999
18105_Gorai.008G211000.1_P2_AdigCDI_3	1100	0/1	5	5	NA	10	1477	6	50	50	NA	0.4062288422478
18105_Gorai.008G211000.1_P2_AdigCDI_3	1116	0/1	5	5	NA	10	1477	6	50	50	NA	0.4062288422478
18105_Gorai.008G211000.1_P2_AdigCDI_3	1117	0/1	6	5	NA	11	1477	6	55	45	NA	0.4062288422478
18105_Gorai.008G211000.1_P2_AdigCDI_3	1118	0/1	6	5	NA	11	1477	6	55	45	NA	0.4062288422478
18105_Gorai.008G211000.1_P2_AdigCDI_3	1121	0/1	7	5	NA	12	1477	6	58	42	NA	0.4062288422478
18105_Gorai.008G211000.1_P2_AdigCDI_3	1187	1/1	12	6	NA	18	1477	6	67	33	NA	0.4062288422478
18825_Gorai.004G127500.3_AdigCDI	338	1/1	1	10	NA	11	1259	9	9	91	NA	0.714853057982526
18825_Gorai.004G127500.3_AdigCDI	453	1/1	0	8	NA	8	1259	9	0	100	NA	0.714853057982526
18825_Gorai.004G127500.3_AdigCDI	456	0/1	4	4	NA	8	1259	9	50	50	NA	0.714853057982526
18825_Gorai.004G127500.3_AdigCDI	465	1/1	0	7	NA	7	1259	9	0	100	NA	0.714853057982526
18825_Gorai.004G127500.3_AdigCDI	466	1/1	0	7	NA	7	1259	9	0	100	NA	0.714853057982526
18825_Gorai.004G127500.3_AdigCDI	588	1/1	1	7	NA	8	1259	9	12	88	NA	0.714853057982526
18825_Gorai.004G127500.3_AdigCDI	594	0/1	6	3	NA	9	1259	9	67	33	NA	0.714853057982526
18825_Gorai.004G127500.3_AdigCDI	859	1/1	1	10	NA	11	1259	9	9	91	NA	0.714853057982526
18825_Gorai.004G127500.3_AdigCDI	883	1/1	2	6	NA	8	1259	9	25	75	NA	0.714853057982526
18825_Gorai.004G127500.3_AdigCDI_3	338	1/1	1	8	NA	9	1259	31	11	89	NA	2.46227164416203
18825_Gorai.004G127500.3_AdigCDI_3	378	0/1	5	8	NA	13	1259	31	38	62	NA	2.46227164416203
18825_Gorai.004G127500.3_AdigCDI_3	403	0/1	7	5	NA	12	1259	31	58	42	NA	2.46227164416203
18825_Gorai.004G127500.3_AdigCDI_3	426	0/1	7	5	NA	12	1259	31	58	42	NA	2.46227164416203
18825_Gorai.004G127500.3_AdigCDI_3	435	0/1	7	6	NA	13	1259	31	54	46	NA	2.46227164416203
18825_Gorai.004G127500.3_AdigCDI_3	453	1/1	0	14	NA	14	1259	31	0	100	NA	2.46227164416203
18825_Gorai.004G127500.3_AdigCDI_3	465	0/1	7	6	NA	13	1259	31	54	46	NA	2.46227164416203
18825_Gorai.004G127500.3_AdigCDI_3	466	0/1	7	7	NA	14	1259	31	50	50	NA	2.46227164416203
18825_Gorai.004G127500.3_AdigCDI_3	467	0/1	7	7	NA	14	1259	31	50	50	NA	2.46227164416203
18825_Gorai.004G127500.3_AdigCDI_3	480	0/1	7	8	NA	15	1259	31	47	53	NA	2.46227164416203
18825_Gorai.004G127500.3_AdigCDI_3	483	0/1	8	7	NA	15	1259	31	53	47	NA	2.46227164416203
18825_Gorai.004G127500.3_AdigCDI_3	492	0/1	7	8	NA	15	1259	31	47	53	NA	2.46227164416203
18825_Gorai.004G127500.3_AdigCDI_3	501	0/1	11	4	NA	15	1259	31	73	27	NA	2.46227164416203
18825_Gorai.004G127500.3_AdigCDI_3	513	0/1	7	8	NA	15	1259	31	47	53	NA	2.46227164416203
18825_Gorai.004G127500.3_AdigCDI_3	521	0/1	8	6	NA	14	1259	31	57	43	NA	2.46227164416203
18825_Gorai.004G127500.3_AdigCDI_3	531	0/1	6	8	NA	14	1259	31	43	57	NA	2.46227164416203
18825_Gorai.004G127500.3_AdigCDI_3	537	0/1	8	6	NA	14	1259	31	57	43	NA	2.46227164416203
18825_Gorai.004G127500.3_AdigCDI_3	551	0/1	8	6	NA	14	1259	31	57	43	NA	2.46227164416203
18825_Gorai.004G127500.3_AdigCDI_3	552	0/1	8	6	NA	14	1259	31	57	43	NA	2.46227164416203
18825_Gorai.004G127500.3_AdigCDI_3	558	0/1	6	7	NA	13	1259	31	46	54	NA	2.46227164416203
18825_Gorai.004G127500.3_AdigCDI_3	624	1/1	0	2	NA	2	1259	31	0	100	NA	2.46227164416203
18825_Gorai.004G127500.3_AdigCDI_3	630	1/1	3	2	NA	5	1259	31	60	40	NA	2.46227164416203
18825_Gorai.004G127500.3_AdigCDI_3	648	1/1	0	6	NA	6	1259	31	0	100	NA	2.46227164416203
18825_Gorai.004G127500.3_AdigCDI_3	671	1/1	1	3	NA	4	1259	31	25	75	NA	2.46227164416203
18825_Gorai.004G127500.3_AdigCDI_3	752	1/1	0	4	NA	4	1259	31	0	100	NA	2.46227164416203
18825_Gorai.004G127500.3_AdigCDI_3	784	0/1	2	5	NA	7	1259	31	29	71	NA	2.46227164416203
18825_Gorai.004G127500.3_AdigCDI_3	811	0/1	2	5	NA	7	1259	31	29	71	NA	2.46227164416203
18825_Gorai.004G127500.3_AdigCDI_3	820	1/1	0	7	NA	7	1259	31	0	100	NA	2.46227164416203
18825_Gorai.004G127500.3_AdigCDI_3	822	0/1	2	5	NA	7	1259	31	29	71	NA	2.46227164416203
18825_Gorai.004G127500.3_AdigCDI_3	859	0/1	2	6	NA	8	1259	31	25	75	NA	2.46227164416203
18825_Gorai.004G127500.3_AdigCDI_3	883	1/1	0	8	NA	8	1259	31	0	100	NA	2.46227164416203
18966_Gorai.006G049000.1_P1_AdigCDI	273	0/1	16	8	NA	24	1705	30	67	33	NA	1.75953079178886
18966_Gorai.006G049000.1_P1_AdigCDI	288	0/1	16	9	NA	25	1705	30	64	36	NA	1.75953079178886
18966_Gorai.006G049000.1_P1_AdigCDI	291	0/1	16	9	NA	25	1705	30	64	36	NA	1.75953079178886
18966_Gorai.006G049000.1_P1_AdigCDI	294	0/1	11	10	NA	21	1705	30	52	48	NA	1.75953079178886
18966_Gorai.006G049000.1_P1_AdigCDI	297	0/1	13	9	NA	22	1705	30	59	41	NA	1.75953079178886
18966_Gorai.006G049000.1_P1_AdigCDI	327	0/1	9	12	NA	21	1705	30	43	57	NA	1.75953079178886
18966_Gorai.006G049000.1_P1_AdigCDI	330	0/1	9	11	NA	20	1705	30	45	55	NA	1.75953079178886
18966_Gorai.006G049000.1_P1_AdigCDI	340	0/1	6	11	NA	17	1705	30	35	65	NA	1.75953079178886
18966_Gorai.006G049000.1_P1_AdigCDI	348	0/1	7	2	NA	9	1705	30	78	22	NA	1.75953079178886
18966_Gorai.006G049000.1_P1_AdigCDI	354	1/1	0	7	NA	7	1705	30	0	100	NA	1.75953079178886
18966_Gorai.006G049000.1_P1_AdigCDI	895	0/1	48	18	NA	66	1705	30	73	27	NA	1.75953079178886
18966_Gorai.006G049000.1_P1_AdigCDI	925	0/1	19	45	NA	64	1705	30	30	70	NA	1.75953079178886
18966_Gorai.006G049000.1_P1_AdigCDI	942	1/1	0	45	NA	45	1705	30	0	100	NA	1.75953079178886
18966_Gorai.006G049000.1_P1_AdigCDI	954	1/1	2	31	NA	33	1705	30	6	94	NA	1.75953079178886
18966_Gorai.006G049000.1_P1_AdigCDI	959	1/1	2	30	NA	32	1705	30	6	94	NA	1.75953079178886
18966_Gorai.006G049000.1_P1_AdigCDI	962	1/1	3	30	NA	33	1705	30	9	91	NA	1.75953079178886
18966_Gorai.006G049000.1_P1_AdigCDI	965	1/1	3	30	NA	33	1705	30	9	91	NA	1.75953079178886
18966_Gorai.006G049000.1_P1_AdigCDI	971	0/1	4	30	NA	34	1705	30	12	88	NA	1.75953079178886
18966_Gorai.006G049000.1_P1_AdigCDI	987	0/1	4	33	NA	37	1705	30	11	89	NA	1.75953079178886
18966_Gorai.006G049000.1_P1_AdigCDI	990	0/1	8	33	NA	41	1705	30	20	80	NA	1.75953079178886
18966_Gorai.006G049000.1_P1_AdigCDI	993	0/1	9	32	NA	41	1705	30	22	78	NA	1.75953079178886
18966_Gorai.006G049000.1_P1_AdigCDI	1023	1/1	12	46	NA	58	1705	30	21	79	NA	1.75953079178886
18966_Gorai.006G049000.1_P1_AdigCDI	1174	0/1	30	48	NA	78	1705	30	38	62	NA	1.75953079178886
18966_Gorai.006G049000.1_P1_AdigCDI	1264	1/1	32	73	NA	105	1705	30	30	70	NA	1.75953079178886
18966_Gorai.006G049000.1_P1_AdigCDI	1307	1/1	27	83	NA	110	1705	30	25	75	NA	1.75953079178886
18966_Gorai.006G049000.1_P1_AdigCDI	1390	1/1	26	116	NA	142	1705	30	18	82	NA	1.75953079178886
18966_Gorai.006G049000.1_P1_AdigCDI	1402	1/1	9	126	NA	135	1705	30	7	93	NA	1.75953079178886
18966_Gorai.006G049000.1_P1_AdigCDI	1552	1/1	4	131	NA	135	1705	30	3	97	NA	1.75953079178886
18966_Gorai.006G049000.1_P1_AdigCDI	1651	1/1	2	65	NA	67	1705	30	3	97	NA	1.75953079178886
18966_Gorai.006G049000.1_P1_AdigCDI	1696	1/1	1	30	NA	31	1705	30	3	97	NA	1.75953079178886
18966_Gorai.006G049000.1_P1_AdigCDI_3	1018	1/1	33	31	NA	64	1705	33	52	48	NA	1.93548387096774
18966_Gorai.006G049000.1_P1_AdigCDI_3	1020	1/1	34	30	NA	64	1705	33	53	47	NA	1.93548387096774
18966_Gorai.006G049000.1_P1_AdigCDI_3	1023	1/1	24	41	NA	65	1705	33	37	63	NA	1.93548387096774
18966_Gorai.006G049000.1_P1_AdigCDI_3	1035	1/1	38	34	NA	72	1705	33	53	47	NA	1.93548387096774
18966_Gorai.006G049000.1_P1_AdigCDI_3	1045	1/1	37	36	NA	73	1705	33	51	49	NA	1.93548387096774
18966_Gorai.006G049000.1_P1_AdigCDI_3	1111	1/1	32	53	NA	85	1705	33	38	62	NA	1.93548387096774
18966_Gorai.006G049000.1_P1_AdigCDI_3	1126	0/1	29	35	NA	64	1705	33	45	55	NA	1.93548387096774
18966_Gorai.006G049000.1_P1_AdigCDI_3	1163	1/1	13	51	NA	64	1705	33	20	80	NA	1.93548387096774
18966_Gorai.006G049000.1_P1_AdigCDI_3	1174	1/1	4	67	NA	71	1705	33	6	94	NA	1.93548387096774
18966_Gorai.006G049000.1_P1_AdigCDI_3	1202	0/1	68	19	NA	87	1705	33	78	22	NA	1.93548387096774
18966_Gorai.006G049000.1_P1_AdigCDI_3	1239	0/1	92	27	NA	119	1705	33	77	23	NA	1.93548387096774
18966_Gorai.006G049000.1_P1_AdigCDI_3	1294	0/1	130	19	NA	149	1705	33	87	13	NA	1.93548387096774
18966_Gorai.006G049000.1_P1_AdigCDI_3	1307	0/1	63	90	NA	153	1705	33	41	59	NA	1.93548387096774
18966_Gorai.006G049000.1_P1_AdigCDI_3	1327	0/1	144	24	NA	168	1705	33	86	14	NA	1.93548387096774
18966_Gorai.006G049000.1_P1_AdigCDI_3	1330	0/1	139	30	NA	169	1705	33	82	18	NA	1.93548387096774
18966_Gorai.006G049000.1_P1_AdigCDI_3	1345	0/1	136	30	NA	166	1705	33	82	18	NA	1.93548387096774
18966_Gorai.006G049000.1_P1_AdigCDI_3	1390	1/1	9	167	NA	176	1705	33	5	95	NA	1.93548387096774
18966_Gorai.006G049000.1_P1_AdigCDI_3	1393	0/1	115	59	NA	174	1705	33	66	34	NA	1.93548387096774
18966_Gorai.006G049000.1_P1_AdigCDI_3	1402	0/1	65	116	NA	181	1705	33	36	64	NA	1.93548387096774
18966_Gorai.006G049000.1_P1_AdigCDI_3	1403	0/1	146	36	NA	182	1705	33	80	20	NA	1.93548387096774
18966_Gorai.006G049000.1_P1_AdigCDI_3	1534	0/1	144	28	NA	172	1705	33	84	16	NA	1.93548387096774
18966_Gorai.006G049000.1_P1_AdigCDI_3	1552	0/1	60	108	NA	168	1705	33	36	64	NA	1.93548387096774
18966_Gorai.006G049000.1_P1_AdigCDI_3	1600	0/1	73	51	NA	124	1705	33	59	41	NA	1.93548387096774
18966_Gorai.006G049000.1_P1_AdigCDI_3	1603	0/1	105	16	NA	121	1705	33	87	13	NA	1.93548387096774
18966_Gorai.006G049000.1_P1_AdigCDI_3	1606	0/1	97	23	NA	120	1705	33	81	19	NA	1.93548387096774
18966_Gorai.006G049000.1_P1_AdigCDI_3	1612	0/1	59	61	NA	120	1705	33	49	51	NA	1.93548387096774
18966_Gorai.006G049000.1_P1_AdigCDI_3	1633	0/1	81	16	NA	97	1705	33	84	16	NA	1.93548387096774
18966_Gorai.006G049000.1_P1_AdigCDI_3	1636	1/2	30	16	51	97	1705	33	31	16	53	1.93548387096774
18966_Gorai.006G049000.1_P1_AdigCDI_3	1651	1/1	28	58	NA	86	1705	33	33	67	NA	1.93548387096774
18966_Gorai.006G049000.1_P1_AdigCDI_3	1654	0/1	68	16	NA	84	1705	33	81	19	NA	1.93548387096774
18966_Gorai.006G049000.1_P1_AdigCDI_3	1669	1/2	6	32	16	54	1705	33	11	59	30	1.93548387096774
18966_Gorai.006G049000.1_P1_AdigCDI_3	1693	0/1	18	8	NA	26	1705	33	69	31	NA	1.93548387096774
18966_Gorai.006G049000.1_P1_AdigCDI_3	1696	0/1	9	13	NA	22	1705	33	41	59	NA	1.93548387096774
19864_Gorai.001G236500.2_P3_AdigCDI	1013	1/1	0	6	NA	6	1320	2	0	100	NA	0.151515151515152
19864_Gorai.001G236500.2_P3_AdigCDI	1047	1/1	1	8	NA	9	1320	2	11	89	NA	0.151515151515152
19864_Gorai.001G236500.2_P3_AdigCDI_3	981	1/1	0	4	NA	4	1320	10	0	100	NA	0.757575757575758
19864_Gorai.001G236500.2_P3_AdigCDI_3	987	1/1	0	4	NA	4	1320	10	0	100	NA	0.757575757575758
19864_Gorai.001G236500.2_P3_AdigCDI_3	996	1/1	0	4	NA	4	1320	10	0	100	NA	0.757575757575758
19864_Gorai.001G236500.2_P3_AdigCDI_3	1041	0/1	1	4	NA	5	1320	10	20	80	NA	0.757575757575758
19864_Gorai.001G236500.2_P3_AdigCDI_3	1047	1/1	0	5	NA	5	1320	10	0	100	NA	0.757575757575758
19864_Gorai.001G236500.2_P3_AdigCDI_3	1104	1/1	1	4	NA	5	1320	10	20	80	NA	0.757575757575758
19864_Gorai.001G236500.2_P3_AdigCDI_3	1110	1/1	1	3	NA	4	1320	10	25	75	NA	0.757575757575758
19864_Gorai.001G236500.2_P3_AdigCDI_3	1116	1/1	1	2	NA	3	1320	10	33	67	NA	0.757575757575758
19864_Gorai.001G236500.2_P3_AdigCDI_3	1133	1/1	3	2	NA	5	1320	10	60	40	NA	0.757575757575758
19864_Gorai.001G236500.2_P3_AdigCDI_3	1179	1/1	3	2	NA	5	1320	10	60	40	NA	0.757575757575758
19957_Gorai.004G097000.1_AdigCDI	913	1/1	32	30	NA	62	1010	6	52	48	NA	0.594059405940594
19957_Gorai.004G097000.1_AdigCDI	917	1/1	1	56	NA	57	1010	6	2	98	NA	0.594059405940594
19957_Gorai.004G097000.1_AdigCDI	921	1/1	0	56	NA	56	1010	6	0	100	NA	0.594059405940594
19957_Gorai.004G097000.1_AdigCDI	923	1/1	0	56	NA	56	1010	6	0	100	NA	0.594059405940594
19957_Gorai.004G097000.1_AdigCDI	925	1/1	0	56	NA	56	1010	6	0	100	NA	0.594059405940594
19957_Gorai.004G097000.1_AdigCDI	927	1/1	0	56	NA	56	1010	6	0	100	NA	0.594059405940594
20128_Gorai.004G000900.2_P2_AdigCDI	1478	0/1	8	4	NA	12	1642	4	67	33	NA	0.243605359317905
20128_Gorai.004G000900.2_P2_AdigCDI	1481	0/1	6	6	NA	12	1642	4	50	50	NA	0.243605359317905
20128_Gorai.004G000900.2_P2_AdigCDI	1484	0/1	6	5	NA	11	1642	4	55	45	NA	0.243605359317905
20128_Gorai.004G000900.2_P2_AdigCDI	1487	0/1	6	3	NA	9	1642	4	67	33	NA	0.243605359317905
20156_Gorai.004G099500.2_AdigCDI	945	0/1	5	2	NA	7	1382	2	71	29	NA	0.144717800289436
20156_Gorai.004G099500.2_AdigCDI	1252	0/1	1	6	NA	7	1382	2	14	86	NA	0.144717800289436
2020_Gorai.011G051500.2_AdigCDI	1155	0/1	10	3	NA	13	5247	3	77	23	NA	0.0571755288736421
2020_Gorai.011G051500.2_AdigCDI	1177	0/1	10	3	NA	13	5247	3	77	23	NA	0.0571755288736421
2020_Gorai.011G051500.2_AdigCDI	3769	0/1	9	4	NA	13	5247	3	69	31	NA	0.0571755288736421
20385_Gorai.012G081900.6_AdigCDI	855	0/1	5	3	NA	8	2275	5	62	38	NA	0.21978021978022
20385_Gorai.012G081900.6_AdigCDI	1150	0/1	5	3	NA	8	2275	5	62	38	NA	0.21978021978022
20385_Gorai.012G081900.6_AdigCDI	1214	0/1	5	4	NA	9	2275	5	56	44	NA	0.21978021978022
20385_Gorai.012G081900.6_AdigCDI	1225	0/1	5	4	NA	9	2275	5	56	44	NA	0.21978021978022
20385_Gorai.012G081900.6_AdigCDI	1429	0/1	5	2	NA	7	2275	5	71	29	NA	0.21978021978022
2184_Gorai.008G154400.3_AdigCDI	1192	0/1	6	3	NA	9	2159	7	67	33	NA	0.32422417786012
2184_Gorai.008G154400.3_AdigCDI	1582	0/1	7	3	NA	10	2159	7	70	30	NA	0.32422417786012
2184_Gorai.008G154400.3_AdigCDI	1780	0/1	5	2	NA	7	2159	7	71	29	NA	0.32422417786012
2184_Gorai.008G154400.3_AdigCDI	1884	0/1	5	3	NA	8	2159	7	62	38	NA	0.32422417786012
2184_Gorai.008G154400.3_AdigCDI	1891	0/1	7	3	NA	10	2159	7	70	30	NA	0.32422417786012
2184_Gorai.008G154400.3_AdigCDI	1896	0/1	7	3	NA	10	2159	7	70	30	NA	0.32422417786012
2184_Gorai.008G154400.3_AdigCDI	1909	0/1	6	3	NA	9	2159	7	67	33	NA	0.32422417786012
22470_Gorai.008G061000.1_P1_AdigCDI	993	0/1	7	5	NA	12	1452	2	58	42	NA	0.137741046831956
22470_Gorai.008G061000.1_P1_AdigCDI	998	0/1	7	5	NA	12	1452	2	58	42	NA	0.137741046831956
22470_Gorai.008G061000.1_P2_AdigCDI	506	1/1	6	3	NA	9	1017	1	67	33	NA	0.0983284169124877
22470_Gorai.008G061000.1_P2_AdigCDI_3	493	1/1	0	6	NA	6	1017	2	0	100	NA	0.196656833824975
22470_Gorai.008G061000.1_P2_AdigCDI_3	495	1/1	2	4	NA	6	1017	2	33	67	NA	0.196656833824975
23196_Gorai.007G238700.2_P1_AdigCDI	563	0/1	4	2	NA	6	1384	4	67	33	NA	0.289017341040462
23196_Gorai.007G238700.2_P1_AdigCDI	620	0/1	5	3	NA	8	1384	4	62	38	NA	0.289017341040462
23196_Gorai.007G238700.2_P1_AdigCDI	996	0/1	7	4	NA	11	1384	4	64	36	NA	0.289017341040462
23196_Gorai.007G238700.2_P1_AdigCDI	999	0/1	7	4	NA	11	1384	4	64	36	NA	0.289017341040462
2321_Gorai.006G273300.2_AdigCDI	1281	0/1	6	3	NA	9	3405	3	67	33	NA	0.0881057268722467
2321_Gorai.006G273300.2_AdigCDI	1677	0/1	5	2	NA	7	3405	3	71	29	NA	0.0881057268722467
2321_Gorai.006G273300.2_AdigCDI	2874	0/1	7	3	NA	10	3405	3	70	30	NA	0.0881057268722467
23627_Gorai.009G068200.1_P1_AdigCDI_3	1277	1/1	0	8	NA	8	1324	3	0	100	NA	0.226586102719033
23627_Gorai.009G068200.1_P1_AdigCDI_3	1293	1/1	0	6	NA	6	1324	3	0	100	NA	0.226586102719033
23627_Gorai.009G068200.1_P1_AdigCDI_3	1294	1/1	0	6	NA	6	1324	3	0	100	NA	0.226586102719033
2377_Gorai.011G150500.4_AdigCDI	68	0/1	5	4	NA	9	3269	8	56	44	NA	0.244723156928724
2377_Gorai.011G150500.4_AdigCDI	104	0/1	8	4	NA	12	3269	8	67	33	NA	0.244723156928724
2377_Gorai.011G150500.4_AdigCDI	1337	0/1	6	3	NA	9	3269	8	67	33	NA	0.244723156928724
2377_Gorai.011G150500.4_AdigCDI	1355	0/1	6	5	NA	11	3269	8	55	45	NA	0.244723156928724
2377_Gorai.011G150500.4_AdigCDI	1393	0/1	7	5	NA	12	3269	8	58	42	NA	0.244723156928724
2377_Gorai.011G150500.4_AdigCDI	1409	0/1	8	5	NA	13	3269	8	62	38	NA	0.244723156928724
2377_Gorai.011G150500.4_AdigCDI	1521	0/1	6	4	NA	10	3269	8	60	40	NA	0.244723156928724
2377_Gorai.011G150500.4_AdigCDI	3018	0/1	6	3	NA	9	3269	8	67	33	NA	0.244723156928724
25454_Gorai.011G134300.1_AdigCDI	530	0/1	5	2	NA	7	1032	3	71	29	NA	0.290697674418605
25454_Gorai.011G134300.1_AdigCDI	643	0/1	5	4	NA	9	1032	3	56	44	NA	0.290697674418605
25454_Gorai.011G134300.1_AdigCDI	718	0/1	6	4	NA	10	1032	3	60	40	NA	0.290697674418605
2550_Gorai.012G041400.1_AdigCDI	2806	1/1	12	3	NA	15	3858	14	80	20	NA	0.362882322446864
2550_Gorai.012G041400.1_AdigCDI	2813	1/1	11	3	NA	14	3858	14	79	21	NA	0.362882322446864
2550_Gorai.012G041400.1_AdigCDI	2814	1/1	11	3	NA	14	3858	14	79	21	NA	0.362882322446864
2550_Gorai.012G041400.1_AdigCDI	2831	1/1	12	3	NA	15	3858	14	80	20	NA	0.362882322446864
2550_Gorai.012G041400.1_AdigCDI	2841	1/1	12	3	NA	15	3858	14	80	20	NA	0.362882322446864
2550_Gorai.012G041400.1_AdigCDI	2845	1/1	9	6	NA	15	3858	14	60	40	NA	0.362882322446864
2550_Gorai.012G041400.1_AdigCDI	2857	1/1	11	3	NA	14	3858	14	79	21	NA	0.362882322446864
2550_Gorai.012G041400.1_AdigCDI	2860	1/1	7	6	NA	13	3858	14	54	46	NA	0.362882322446864
2550_Gorai.012G041400.1_AdigCDI	2870	1/1	6	3	NA	9	3858	14	67	33	NA	0.362882322446864
2550_Gorai.012G041400.1_AdigCDI	2876	1/1	9	3	NA	12	3858	14	75	25	NA	0.362882322446864
2550_Gorai.012G041400.1_AdigCDI	2882	1/1	8	3	NA	11	3858	14	73	27	NA	0.362882322446864
2550_Gorai.012G041400.1_AdigCDI	2886	1/1	4	6	NA	10	3858	14	40	60	NA	0.362882322446864
2550_Gorai.012G041400.1_AdigCDI	2916	1/1	2	3	NA	5	3858	14	40	60	NA	0.362882322446864
2550_Gorai.012G041400.1_AdigCDI	3120	1/1	1	7	NA	8	3858	14	12	88	NA	0.362882322446864
2550_Gorai.012G041400.1_AdigCDI_3	3059	0/1	3	2	NA	5	3858	17	60	40	NA	0.440642820114049
2550_Gorai.012G041400.1_AdigCDI_3	3060	0/1	3	2	NA	5	3858	17	60	40	NA	0.440642820114049
2550_Gorai.012G041400.1_AdigCDI_3	3063	0/1	3	2	NA	5	3858	17	60	40	NA	0.440642820114049
2550_Gorai.012G041400.1_AdigCDI_3	3093	0/1	3	2	NA	5	3858	17	60	40	NA	0.440642820114049
2550_Gorai.012G041400.1_AdigCDI_3	3096	0/1	3	2	NA	5	3858	17	60	40	NA	0.440642820114049
2550_Gorai.012G041400.1_AdigCDI_3	3101	0/1	3	2	NA	5	3858	17	60	40	NA	0.440642820114049
2550_Gorai.012G041400.1_AdigCDI_3	3104	0/1	3	2	NA	5	3858	17	60	40	NA	0.440642820114049
2550_Gorai.012G041400.1_AdigCDI_3	3110	0/1	3	2	NA	5	3858	17	60	40	NA	0.440642820114049
2550_Gorai.012G041400.1_AdigCDI_3	3118	0/1	3	2	NA	5	3858	17	60	40	NA	0.440642820114049
2550_Gorai.012G041400.1_AdigCDI_3	3120	1/1	0	5	NA	5	3858	17	0	100	NA	0.440642820114049
2550_Gorai.012G041400.1_AdigCDI_3	3121	0/1	3	2	NA	5	3858	17	60	40	NA	0.440642820114049
2550_Gorai.012G041400.1_AdigCDI_3	3124	0/1	3	2	NA	5	3858	17	60	40	NA	0.440642820114049
2550_Gorai.012G041400.1_AdigCDI_3	3136	0/1	3	2	NA	5	3858	17	60	40	NA	0.440642820114049
2550_Gorai.012G041400.1_AdigCDI_3	3145	1/1	0	2	NA	2	3858	17	0	100	NA	0.440642820114049
2550_Gorai.012G041400.1_AdigCDI_3	3151	1/1	0	2	NA	2	3858	17	0	100	NA	0.440642820114049
2550_Gorai.012G041400.1_AdigCDI_3	3174	1/1	0	2	NA	2	3858	17	0	100	NA	0.440642820114049
2550_Gorai.012G041400.1_AdigCDI_3	3180	1/1	0	2	NA	2	3858	17	0	100	NA	0.440642820114049
26817_Gorai.006G128500.1_P1_AdigCDI	558	0/1	27	4	NA	31	864	11	87	13	NA	1.27314814814815
26817_Gorai.006G128500.1_P1_AdigCDI	566	0/1	26	4	NA	30	864	11	87	13	NA	1.27314814814815
26817_Gorai.006G128500.1_P1_AdigCDI	569	0/1	26	4	NA	30	864	11	87	13	NA	1.27314814814815
26817_Gorai.006G128500.1_P1_AdigCDI	570	0/1	26	4	NA	30	864	11	87	13	NA	1.27314814814815
26817_Gorai.006G128500.1_P1_AdigCDI	577	0/1	25	5	NA	30	864	11	83	17	NA	1.27314814814815
26817_Gorai.006G128500.1_P1_AdigCDI	585	0/1	24	7	NA	31	864	11	77	23	NA	1.27314814814815
26817_Gorai.006G128500.1_P1_AdigCDI	594	0/1	26	4	NA	30	864	11	87	13	NA	1.27314814814815
26817_Gorai.006G128500.1_P1_AdigCDI	595	0/1	25	4	NA	29	864	11	86	14	NA	1.27314814814815
26817_Gorai.006G128500.1_P1_AdigCDI	596	0/1	26	4	NA	30	864	11	87	13	NA	1.27314814814815
26817_Gorai.006G128500.1_P1_AdigCDI	657	0/1	19	4	NA	23	864	11	83	17	NA	1.27314814814815
26817_Gorai.006G128500.1_P1_AdigCDI	810	0/1	13	3	NA	16	864	11	81	19	NA	1.27314814814815
2712_Gorai.002G185300.2_AdigCDI	622	0/1	4	4	NA	8	3415	1	50	50	NA	0.0292825768667643
27868_Gorai.009G193000.1_AdigCDI	185	0/1	13	3	NA	16	1385	7	81	19	NA	0.505415162454874
27868_Gorai.009G193000.1_AdigCDI	305	0/1	11	3	NA	14	1385	7	79	21	NA	0.505415162454874
27868_Gorai.009G193000.1_AdigCDI	1209	0/1	5	3	NA	8	1385	7	62	38	NA	0.505415162454874
27868_Gorai.009G193000.1_AdigCDI	1222	0/1	4	4	NA	8	1385	7	50	50	NA	0.505415162454874
27868_Gorai.009G193000.1_AdigCDI	1237	0/1	5	3	NA	8	1385	7	62	38	NA	0.505415162454874
27868_Gorai.009G193000.1_AdigCDI	1249	0/1	5	3	NA	8	1385	7	62	38	NA	0.505415162454874
27868_Gorai.009G193000.1_AdigCDI	1256	0/1	5	3	NA	8	1385	7	62	38	NA	0.505415162454874
3168_Gorai.013G033700.2_P2_AdigCDI	336	1/1	0	4	NA	4	3142	19	0	100	NA	0.60471037555697
3168_Gorai.013G033700.2_P2_AdigCDI	338	1/1	0	5	NA	5	3142	19	0	100	NA	0.60471037555697
3168_Gorai.013G033700.2_P2_AdigCDI	362	0/1	5	3	NA	8	3142	19	62	38	NA	0.60471037555697
3168_Gorai.013G033700.2_P2_AdigCDI	378	0/1	5	3	NA	8	3142	19	62	38	NA	0.60471037555697
3168_Gorai.013G033700.2_P2_AdigCDI	379	0/1	5	3	NA	8	3142	19	62	38	NA	0.60471037555697
3168_Gorai.013G033700.2_P2_AdigCDI	384	0/1	5	3	NA	8	3142	19	62	38	NA	0.60471037555697
3168_Gorai.013G033700.2_P2_AdigCDI	390	0/1	6	2	NA	8	3142	19	75	25	NA	0.60471037555697
3168_Gorai.013G033700.2_P2_AdigCDI	393	0/1	5	3	NA	8	3142	19	62	38	NA	0.60471037555697
3168_Gorai.013G033700.2_P2_AdigCDI	456	0/1	6	5	NA	11	3142	19	55	45	NA	0.60471037555697
3168_Gorai.013G033700.2_P2_AdigCDI	476	0/1	7	3	NA	10	3142	19	70	30	NA	0.60471037555697
3168_Gorai.013G033700.2_P2_AdigCDI	479	0/1	7	3	NA	10	3142	19	70	30	NA	0.60471037555697
3168_Gorai.013G033700.2_P2_AdigCDI	482	0/1	6	3	NA	9	3142	19	67	33	NA	0.60471037555697
3168_Gorai.013G033700.2_P2_AdigCDI	483	0/1	6	3	NA	9	3142	19	67	33	NA	0.60471037555697
3168_Gorai.013G033700.2_P2_AdigCDI	489	0/1	6	3	NA	9	3142	19	67	33	NA	0.60471037555697
3168_Gorai.013G033700.2_P2_AdigCDI	492	0/1	6	3	NA	9	3142	19	67	33	NA	0.60471037555697
3168_Gorai.013G033700.2_P2_AdigCDI	2852	0/1	6	2	NA	8	3142	19	75	25	NA	0.60471037555697
3168_Gorai.013G033700.2_P2_AdigCDI	2858	0/1	5	2	NA	7	3142	19	71	29	NA	0.60471037555697
3168_Gorai.013G033700.2_P2_AdigCDI	2861	0/1	5	2	NA	7	3142	19	71	29	NA	0.60471037555697
3168_Gorai.013G033700.2_P2_AdigCDI	2870	0/1	5	2	NA	7	3142	19	71	29	NA	0.60471037555697
3218_Gorai.006G063300.1_AdigCDI	750	0/1	7	4	NA	11	4162	7	64	36	NA	0.168188370975493
3218_Gorai.006G063300.1_AdigCDI	884	0/1	8	4	NA	12	4162	7	67	33	NA	0.168188370975493
3218_Gorai.006G063300.1_AdigCDI	2222	0/1	4	2	NA	6	4162	7	67	33	NA	0.168188370975493
3218_Gorai.006G063300.1_AdigCDI	2261	0/1	5	2	NA	7	4162	7	71	29	NA	0.168188370975493
3218_Gorai.006G063300.1_AdigCDI	2274	0/1	5	2	NA	7	4162	7	71	29	NA	0.168188370975493
3218_Gorai.006G063300.1_AdigCDI	2276	0/1	5	2	NA	7	4162	7	71	29	NA	0.168188370975493
3218_Gorai.006G063300.1_AdigCDI	2305	0/1	5	2	NA	7	4162	7	71	29	NA	0.168188370975493
3275_Gorai.006G000100.1_AdigCDI	3295	1/1	0	3	NA	3	4647	6	0	100	NA	0.12911555842479
3275_Gorai.006G000100.1_AdigCDI	3307	1/1	0	4	NA	4	4647	6	0	100	NA	0.12911555842479
3275_Gorai.006G000100.1_AdigCDI	3309	1/1	0	4	NA	4	4647	6	0	100	NA	0.12911555842479
3275_Gorai.006G000100.1_AdigCDI	3317	1/1	1	4	NA	5	4647	6	20	80	NA	0.12911555842479
3275_Gorai.006G000100.1_AdigCDI	3319	1/1	1	4	NA	5	4647	6	20	80	NA	0.12911555842479
3275_Gorai.006G000100.1_AdigCDI	3357	1/1	1	6	NA	7	4647	6	14	86	NA	0.12911555842479
3275_Gorai.006G000100.1_AdigCDI_3	3357	1/1	3	7	NA	10	4647	1	30	70	NA	0.021519259737465
3351_Gorai.012G128100.3_P1_AdigCDI	77	0/1	6	2	NA	8	806	2	75	25	NA	0.248138957816377
3351_Gorai.012G128100.3_P1_AdigCDI	309	0/1	6	2	NA	8	806	2	75	25	NA	0.248138957816377
4165_Gorai.005G207300.1_AdigCDI	1172	0/1	6	3	NA	9	2593	1	67	33	NA	0.0385653682992673
4304_Gorai.010G125400.1_AdigCDI	30	1/1	0	3	NA	3	2200	8	0	100	NA	0.363636363636364
4304_Gorai.010G125400.1_AdigCDI	44	1/1	0	3	NA	3	2200	8	0	100	NA	0.363636363636364
4304_Gorai.010G125400.1_AdigCDI	52	1/1	0	4	NA	4	2200	8	0	100	NA	0.363636363636364
4304_Gorai.010G125400.1_AdigCDI	62	1/1	0	5	NA	5	2200	8	0	100	NA	0.363636363636364
4304_Gorai.010G125400.1_AdigCDI	74	1/1	3	5	NA	8	2200	8	38	62	NA	0.363636363636364
4304_Gorai.010G125400.1_AdigCDI	86	1/1	3	6	NA	9	2200	8	33	67	NA	0.363636363636364
4304_Gorai.010G125400.1_AdigCDI	260	1/1	0	15	NA	15	2200	8	0	100	NA	0.363636363636364
4304_Gorai.010G125400.1_AdigCDI	292	1/1	0	15	NA	15	2200	8	0	100	NA	0.363636363636364
4304_Gorai.010G125400.1_AdigCDI_3	70	1/1	1	5	NA	6	2200	4	17	83	NA	0.181818181818182
4304_Gorai.010G125400.1_AdigCDI_3	96	1/1	1	5	NA	6	2200	4	17	83	NA	0.181818181818182
4304_Gorai.010G125400.1_AdigCDI_3	125	1/1	1	3	NA	4	2200	4	25	75	NA	0.181818181818182
4304_Gorai.010G125400.1_AdigCDI_3	129	1/1	1	3	NA	4	2200	4	25	75	NA	0.181818181818182
4306_Gorai.007G049400.1_AdigCDI	3941	0/1	8	3	NA	11	5132	5	73	27	NA	0.0974279033515199
4306_Gorai.007G049400.1_AdigCDI	4642	0/1	8	3	NA	11	5132	5	73	27	NA	0.0974279033515199
4306_Gorai.007G049400.1_AdigCDI	4698	0/1	10	3	NA	13	5132	5	77	23	NA	0.0974279033515199
4306_Gorai.007G049400.1_AdigCDI	4719	0/1	10	3	NA	13	5132	5	77	23	NA	0.0974279033515199
4306_Gorai.007G049400.1_AdigCDI	4720	0/1	10	3	NA	13	5132	5	77	23	NA	0.0974279033515199
4341_Gorai.004G072100.1_AdigCDI	133	0/1	19	4	NA	23	2571	7	83	17	NA	0.272267600155581
4341_Gorai.004G072100.1_AdigCDI	259	0/1	27	6	NA	33	2571	7	82	18	NA	0.272267600155581
4341_Gorai.004G072100.1_AdigCDI	285	0/1	23	6	NA	29	2571	7	79	21	NA	0.272267600155581
4341_Gorai.004G072100.1_AdigCDI	339	0/1	21	6	NA	27	2571	7	78	22	NA	0.272267600155581
4341_Gorai.004G072100.1_AdigCDI	831	0/1	5	4	NA	9	2571	7	56	44	NA	0.272267600155581
4341_Gorai.004G072100.1_AdigCDI	2266	0/1	36	5	NA	41	2571	7	88	12	NA	0.272267600155581
4341_Gorai.004G072100.1_AdigCDI	2267	0/1	6	35	NA	41	2571	7	15	85	NA	0.272267600155581
4348_Gorai.013G260900.1_P1_AdigCDI	1597	1/1	0	7	NA	7	4751	12	0	100	NA	0.252578404546411
4348_Gorai.013G260900.1_P1_AdigCDI	1606	1/1	0	7	NA	7	4751	12	0	100	NA	0.252578404546411
4348_Gorai.013G260900.1_P1_AdigCDI	1805	1/1	1	15	NA	16	4751	12	6	94	NA	0.252578404546411
4348_Gorai.013G260900.1_P1_AdigCDI	1806	1/1	1	15	NA	16	4751	12	6	94	NA	0.252578404546411
4348_Gorai.013G260900.1_P1_AdigCDI	1893	1/1	0	15	NA	15	4751	12	0	100	NA	0.252578404546411
4348_Gorai.013G260900.1_P1_AdigCDI	1901	0/1	4	8	NA	12	4751	12	33	67	NA	0.252578404546411
4348_Gorai.013G260900.1_P1_AdigCDI	1912	1/1	1	10	NA	11	4751	12	9	91	NA	0.252578404546411
4348_Gorai.013G260900.1_P1_AdigCDI	1929	1/1	2	8	NA	10	4751	12	20	80	NA	0.252578404546411
4348_Gorai.013G260900.1_P1_AdigCDI	2507	1/1	0	8	NA	8	4751	12	0	100	NA	0.252578404546411
4348_Gorai.013G260900.1_P1_AdigCDI	2573	1/1	1	8	NA	9	4751	12	11	89	NA	0.252578404546411
4348_Gorai.013G260900.1_P1_AdigCDI	2582	1/1	1	8	NA	9	4751	12	11	89	NA	0.252578404546411
4348_Gorai.013G260900.1_P1_AdigCDI	2613	1/1	1	7	NA	8	4751	12	12	88	NA	0.252578404546411
4348_Gorai.013G260900.1_P1_AdigCDI_3	1763	0/1	5	5	NA	10	4751	19	50	50	NA	0.399915807198485
4348_Gorai.013G260900.1_P1_AdigCDI_3	1805	1/1	1	12	NA	13	4751	19	8	92	NA	0.399915807198485
4348_Gorai.013G260900.1_P1_AdigCDI_3	1806	1/1	1	12	NA	13	4751	19	8	92	NA	0.399915807198485
4348_Gorai.013G260900.1_P1_AdigCDI_3	1893	1/1	0	11	NA	11	4751	19	0	100	NA	0.399915807198485
4348_Gorai.013G260900.1_P1_AdigCDI_3	1912	0/1	2	9	NA	11	4751	19	18	82	NA	0.399915807198485
4348_Gorai.013G260900.1_P1_AdigCDI_3	1929	0/1	3	4	NA	7	4751	19	43	57	NA	0.399915807198485
4348_Gorai.013G260900.1_P1_AdigCDI_3	1971	1/1	2	3	NA	5	4751	19	40	60	NA	0.399915807198485
4348_Gorai.013G260900.1_P1_AdigCDI_3	2392	1/1	2	7	NA	9	4751	19	22	78	NA	0.399915807198485
4348_Gorai.013G260900.1_P1_AdigCDI_3	2408	1/1	1	5	NA	6	4751	19	17	83	NA	0.399915807198485
4348_Gorai.013G260900.1_P1_AdigCDI_3	2435	0/1	2	6	NA	8	4751	19	25	75	NA	0.399915807198485
4348_Gorai.013G260900.1_P1_AdigCDI_3	2443	0/1	2	5	NA	7	4751	19	29	71	NA	0.399915807198485
4348_Gorai.013G260900.1_P1_AdigCDI_3	2444	0/1	2	5	NA	7	4751	19	29	71	NA	0.399915807198485
4348_Gorai.013G260900.1_P1_AdigCDI_3	2507	0/1	2	5	NA	7	4751	19	29	71	NA	0.399915807198485
4348_Gorai.013G260900.1_P1_AdigCDI_3	2562	0/1	8	4	NA	12	4751	19	67	33	NA	0.399915807198485
4348_Gorai.013G260900.1_P1_AdigCDI_3	2573	0/1	6	6	NA	12	4751	19	50	50	NA	0.399915807198485
4348_Gorai.013G260900.1_P1_AdigCDI_3	2582	0/1	7	6	NA	13	4751	19	54	46	NA	0.399915807198485
4348_Gorai.013G260900.1_P1_AdigCDI_3	2617	0/1	9	7	NA	16	4751	19	56	44	NA	0.399915807198485
4348_Gorai.013G260900.1_P1_AdigCDI_3	2634	0/1	12	3	NA	15	4751	19	80	20	NA	0.399915807198485
4348_Gorai.013G260900.1_P1_AdigCDI_3	2636	0/1	9	6	NA	15	4751	19	60	40	NA	0.399915807198485
4453_Gorai.002G114100.1_AdigCDI	2131	1/1	0	8	NA	8	3227	1	0	100	NA	0.0309885342423303
4453_Gorai.002G114100.1_AdigCDI_3	1718	0/1	17	10	NA	27	3227	4	63	37	NA	0.123954136969321
4453_Gorai.002G114100.1_AdigCDI_3	1762	0/1	12	10	NA	22	3227	4	55	45	NA	0.123954136969321
4453_Gorai.002G114100.1_AdigCDI_3	1833	0/1	13	8	NA	21	3227	4	62	38	NA	0.123954136969321
4453_Gorai.002G114100.1_AdigCDI_3	1837	0/1	10	10	NA	20	3227	4	50	50	NA	0.123954136969321
453_Gorai.012G186300.1_AdigCDI	72	1/1	0	7	NA	7	4296	2	0	100	NA	0.0465549348230912
453_Gorai.012G186300.1_AdigCDI	79	1/1	0	8	NA	8	4296	2	0	100	NA	0.0465549348230912
453_Gorai.012G186300.1_AdigCDI_3	72	1/1	0	6	NA	6	4296	4	0	100	NA	0.0931098696461825
453_Gorai.012G186300.1_AdigCDI_3	79	1/1	0	6	NA	6	4296	4	0	100	NA	0.0931098696461825
453_Gorai.012G186300.1_AdigCDI_3	460	1/1	0	9	NA	9	4296	4	0	100	NA	0.0931098696461825
453_Gorai.012G186300.1_AdigCDI_3	558	1/1	3	6	NA	9	4296	4	33	67	NA	0.0931098696461825
4771_Gorai.010G081600.1_P2_AdigCDI	61	0/1	17	3	NA	20	3022	30	85	15	NA	0.992720052945069
4771_Gorai.010G081600.1_P2_AdigCDI	63	0/1	18	3	NA	21	3022	30	86	14	NA	0.992720052945069
4771_Gorai.010G081600.1_P2_AdigCDI	66	0/1	20	3	NA	23	3022	30	87	13	NA	0.992720052945069
4771_Gorai.010G081600.1_P2_AdigCDI	92	0/1	24	6	NA	30	3022	30	80	20	NA	0.992720052945069
4771_Gorai.010G081600.1_P2_AdigCDI	107	0/1	24	6	NA	30	3022	30	80	20	NA	0.992720052945069
4771_Gorai.010G081600.1_P2_AdigCDI	124	0/1	26	5	NA	31	3022	30	84	16	NA	0.992720052945069
4771_Gorai.010G081600.1_P2_AdigCDI	136	0/1	26	5	NA	31	3022	30	84	16	NA	0.992720052945069
4771_Gorai.010G081600.1_P2_AdigCDI	148	0/1	25	5	NA	30	3022	30	83	17	NA	0.992720052945069
4771_Gorai.010G081600.1_P2_AdigCDI	154	0/1	25	4	NA	29	3022	30	86	14	NA	0.992720052945069
4771_Gorai.010G081600.1_P2_AdigCDI	156	0/1	24	4	NA	28	3022	30	86	14	NA	0.992720052945069
4771_Gorai.010G081600.1_P2_AdigCDI	161	0/1	24	4	NA	28	3022	30	86	14	NA	0.992720052945069
4771_Gorai.010G081600.1_P2_AdigCDI	201	0/1	18	4	NA	22	3022	30	82	18	NA	0.992720052945069
4771_Gorai.010G081600.1_P2_AdigCDI	203	0/1	18	4	NA	22	3022	30	82	18	NA	0.992720052945069
4771_Gorai.010G081600.1_P2_AdigCDI	214	0/1	15	4	NA	19	3022	30	79	21	NA	0.992720052945069
4771_Gorai.010G081600.1_P2_AdigCDI	227	0/1	15	3	NA	18	3022	30	83	17	NA	0.992720052945069
4771_Gorai.010G081600.1_P2_AdigCDI	232	0/1	15	3	NA	18	3022	30	83	17	NA	0.992720052945069
4771_Gorai.010G081600.1_P2_AdigCDI	233	0/1	15	3	NA	18	3022	30	83	17	NA	0.992720052945069
4771_Gorai.010G081600.1_P2_AdigCDI	1078	0/1	5	5	NA	10	3022	30	50	50	NA	0.992720052945069
4771_Gorai.010G081600.1_P2_AdigCDI	1531	0/1	4	4	NA	8	3022	30	50	50	NA	0.992720052945069
4771_Gorai.010G081600.1_P2_AdigCDI	1532	0/1	3	4	NA	7	3022	30	43	57	NA	0.992720052945069
4771_Gorai.010G081600.1_P2_AdigCDI	1534	0/1	4	4	NA	8	3022	30	50	50	NA	0.992720052945069
4771_Gorai.010G081600.1_P2_AdigCDI	1536	0/1	4	4	NA	8	3022	30	50	50	NA	0.992720052945069
4771_Gorai.010G081600.1_P2_AdigCDI	1546	0/1	4	5	NA	9	3022	30	44	56	NA	0.992720052945069
4771_Gorai.010G081600.1_P2_AdigCDI	1549	0/1	4	5	NA	9	3022	30	44	56	NA	0.992720052945069
4771_Gorai.010G081600.1_P2_AdigCDI	1561	0/1	5	5	NA	10	3022	30	50	50	NA	0.992720052945069
4771_Gorai.010G081600.1_P2_AdigCDI	1567	0/1	5	5	NA	10	3022	30	50	50	NA	0.992720052945069
4771_Gorai.010G081600.1_P2_AdigCDI	1588	0/1	5	4	NA	9	3022	30	56	44	NA	0.992720052945069
4771_Gorai.010G081600.1_P2_AdigCDI	1609	0/1	5	4	NA	9	3022	30	56	44	NA	0.992720052945069
4771_Gorai.010G081600.1_P2_AdigCDI	1637	0/1	5	4	NA	9	3022	30	56	44	NA	0.992720052945069
4771_Gorai.010G081600.1_P2_AdigCDI	1642	0/1	5	3	NA	8	3022	30	62	38	NA	0.992720052945069
5533_Gorai.003G156900.1_P1_AdigCDI_3	508	1/1	0	3	NA	3	2249	2	0	100	NA	0.0889284126278346
5533_Gorai.003G156900.1_P1_AdigCDI_3	2084	1/1	0	13	NA	13	2249	2	0	100	NA	0.0889284126278346
5691_Gorai.012G163300.2_P1_AdigCDI	377	1/1	0	11	NA	11	2071	6	0	100	NA	0.289715113471753
5691_Gorai.012G163300.2_P1_AdigCDI	418	1/1	1	5	NA	6	2071	6	17	83	NA	0.289715113471753
5691_Gorai.012G163300.2_P1_AdigCDI	421	1/1	1	5	NA	6	2071	6	17	83	NA	0.289715113471753
5691_Gorai.012G163300.2_P1_AdigCDI	446	1/1	0	5	NA	5	2071	6	0	100	NA	0.289715113471753
5691_Gorai.012G163300.2_P1_AdigCDI	485	1/1	0	5	NA	5	2071	6	0	100	NA	0.289715113471753
5691_Gorai.012G163300.2_P1_AdigCDI	486	1/1	0	5	NA	5	2071	6	0	100	NA	0.289715113471753
5691_Gorai.012G163300.2_P1_AdigCDI_3	377	0/1	4	12	NA	16	2071	6	25	75	NA	0.289715113471753
5691_Gorai.012G163300.2_P1_AdigCDI_3	485	1/1	1	7	NA	8	2071	6	12	88	NA	0.289715113471753
5691_Gorai.012G163300.2_P1_AdigCDI_3	486	1/1	1	7	NA	8	2071	6	12	88	NA	0.289715113471753
5691_Gorai.012G163300.2_P1_AdigCDI_3	529	1/1	0	5	NA	5	2071	6	0	100	NA	0.289715113471753
5691_Gorai.012G163300.2_P1_AdigCDI_3	538	1/1	0	5	NA	5	2071	6	0	100	NA	0.289715113471753
5691_Gorai.012G163300.2_P1_AdigCDI_3	547	1/1	0	5	NA	5	2071	6	0	100	NA	0.289715113471753
5691_Gorai.012G163300.2_P2_AdigCDI	1172	1/1	0	3	NA	3	2305	8	0	100	NA	0.3470715835141
5691_Gorai.012G163300.2_P2_AdigCDI	1187	1/1	0	2	NA	2	2305	8	0	100	NA	0.3470715835141
5691_Gorai.012G163300.2_P2_AdigCDI	1188	1/1	0	2	NA	2	2305	8	0	100	NA	0.3470715835141
5691_Gorai.012G163300.2_P2_AdigCDI	1189	1/1	0	2	NA	2	2305	8	0	100	NA	0.3470715835141
5691_Gorai.012G163300.2_P2_AdigCDI	1190	1/1	0	2	NA	2	2305	8	0	100	NA	0.3470715835141
5691_Gorai.012G163300.2_P2_AdigCDI	1198	1/1	0	2	NA	2	2305	8	0	100	NA	0.3470715835141
5691_Gorai.012G163300.2_P2_AdigCDI	1204	1/1	0	2	NA	2	2305	8	0	100	NA	0.3470715835141
5691_Gorai.012G163300.2_P2_AdigCDI	1219	1/1	0	2	NA	2	2305	8	0	100	NA	0.3470715835141
5978_Gorai.002G218100.6_P2_AdigCDI	990	0/1	2	5	NA	7	1820	14	29	71	NA	0.769230769230769
5978_Gorai.002G218100.6_P2_AdigCDI	1056	1/1	0	4	NA	4	1820	14	0	100	NA	0.769230769230769
5978_Gorai.002G218100.6_P2_AdigCDI	1065	1/1	0	4	NA	4	1820	14	0	100	NA	0.769230769230769
5978_Gorai.002G218100.6_P2_AdigCDI	1142	1/1	0	5	NA	5	1820	14	0	100	NA	0.769230769230769
5978_Gorai.002G218100.6_P2_AdigCDI	1162	0/1	2	2	NA	4	1820	14	50	50	NA	0.769230769230769
5978_Gorai.002G218100.6_P2_AdigCDI	1663	1/1	1	3	NA	4	1820	14	25	75	NA	0.769230769230769
5978_Gorai.002G218100.6_P2_AdigCDI	1665	1/1	1	3	NA	4	1820	14	25	75	NA	0.769230769230769
5978_Gorai.002G218100.6_P2_AdigCDI	1667	1/1	1	3	NA	4	1820	14	25	75	NA	0.769230769230769
5978_Gorai.002G218100.6_P2_AdigCDI	1675	1/1	1	3	NA	4	1820	14	25	75	NA	0.769230769230769
5978_Gorai.002G218100.6_P2_AdigCDI	1731	1/1	0	5	NA	5	1820	14	0	100	NA	0.769230769230769
5978_Gorai.002G218100.6_P2_AdigCDI	1756	1/1	0	5	NA	5	1820	14	0	100	NA	0.769230769230769
5978_Gorai.002G218100.6_P2_AdigCDI	1767	1/1	0	4	NA	4	1820	14	0	100	NA	0.769230769230769
5978_Gorai.002G218100.6_P2_AdigCDI	1783	1/1	0	3	NA	3	1820	14	0	100	NA	0.769230769230769
5978_Gorai.002G218100.6_P2_AdigCDI	1785	1/1	0	3	NA	3	1820	14	0	100	NA	0.769230769230769
5978_Gorai.002G218100.6_P2_AdigCDI_3	900	1/1	4	8	NA	12	1820	15	33	67	NA	0.824175824175824
5978_Gorai.002G218100.6_P2_AdigCDI_3	915	1/1	8	5	NA	13	1820	15	62	38	NA	0.824175824175824
5978_Gorai.002G218100.6_P2_AdigCDI_3	942	1/1	4	10	NA	14	1820	15	29	71	NA	0.824175824175824
5978_Gorai.002G218100.6_P2_AdigCDI_3	952	1/1	7	7	NA	14	1820	15	50	50	NA	0.824175824175824
5978_Gorai.002G218100.6_P2_AdigCDI_3	970	1/1	4	7	NA	11	1820	15	36	64	NA	0.824175824175824
5978_Gorai.002G218100.6_P2_AdigCDI_3	984	1/1	3	8	NA	11	1820	15	27	73	NA	0.824175824175824
5978_Gorai.002G218100.6_P2_AdigCDI_3	1056	1/1	2	8	NA	10	1820	15	20	80	NA	0.824175824175824
5978_Gorai.002G218100.6_P2_AdigCDI_3	1065	1/1	2	7	NA	9	1820	15	22	78	NA	0.824175824175824
5978_Gorai.002G218100.6_P2_AdigCDI_3	1132	1/1	1	5	NA	6	1820	15	17	83	NA	0.824175824175824
5978_Gorai.002G218100.6_P2_AdigCDI_3	1142	1/1	0	6	NA	6	1820	15	0	100	NA	0.824175824175824
5978_Gorai.002G218100.6_P2_AdigCDI_3	1148	1/1	1	4	NA	5	1820	15	20	80	NA	0.824175824175824
5978_Gorai.002G218100.6_P2_AdigCDI_3	1150	1/1	0	4	NA	4	1820	15	0	100	NA	0.824175824175824
5978_Gorai.002G218100.6_P2_AdigCDI_3	1151	1/1	0	5	NA	5	1820	15	0	100	NA	0.824175824175824
5978_Gorai.002G218100.6_P2_AdigCDI_3	1731	1/1	0	6	NA	6	1820	15	0	100	NA	0.824175824175824
5978_Gorai.002G218100.6_P2_AdigCDI_3	1756	1/1	0	6	NA	6	1820	15	0	100	NA	0.824175824175824
608_Gorai.005G157100.1_AdigCDI	3309	1/1	0	2	NA	2	5439	14	0	100	NA	0.257400257400257
608_Gorai.005G157100.1_AdigCDI	3589	0/1	1	3	NA	4	5439	14	25	75	NA	0.257400257400257
608_Gorai.005G157100.1_AdigCDI	3598	0/1	1	3	NA	4	5439	14	25	75	NA	0.257400257400257
608_Gorai.005G157100.1_AdigCDI	3633	1/1	0	3	NA	3	5439	14	0	100	NA	0.257400257400257
608_Gorai.005G157100.1_AdigCDI	3670	1/1	1	3	NA	4	5439	14	25	75	NA	0.257400257400257
608_Gorai.005G157100.1_AdigCDI	3671	1/1	1	3	NA	4	5439	14	25	75	NA	0.257400257400257
608_Gorai.005G157100.1_AdigCDI	3673	1/1	1	3	NA	4	5439	14	25	75	NA	0.257400257400257
608_Gorai.005G157100.1_AdigCDI	3681	1/1	1	4	NA	5	5439	14	20	80	NA	0.257400257400257
608_Gorai.005G157100.1_AdigCDI	3683	1/1	1	4	NA	5	5439	14	20	80	NA	0.257400257400257
608_Gorai.005G157100.1_AdigCDI	3734	1/1	2	3	NA	5	5439	14	40	60	NA	0.257400257400257
608_Gorai.005G157100.1_AdigCDI	3735	1/1	2	3	NA	5	5439	14	40	60	NA	0.257400257400257
608_Gorai.005G157100.1_AdigCDI	3739	1/1	2	3	NA	5	5439	14	40	60	NA	0.257400257400257
608_Gorai.005G157100.1_AdigCDI	3751	1/1	2	3	NA	5	5439	14	40	60	NA	0.257400257400257
608_Gorai.005G157100.1_AdigCDI	3763	1/1	3	3	NA	6	5439	14	50	50	NA	0.257400257400257
608_Gorai.005G157100.1_AdigCDI_3	2951	1/1	3	5	NA	8	5439	1	38	62	NA	0.018385732671447
6136_Gorai.007G167000.1_P1_AdigCDI	679	0/1	24	5	NA	29	1397	1	83	17	NA	0.0715819613457409
6171_Gorai.008G228900.3_P3_AdigCDI_3	1386	1/1	2	2	NA	4	2098	1	50	50	NA	0.0476644423260248
6227_Gorai.010G034900.1_P1_AdigCDI	798	0/1	3	4	NA	7	1882	10	43	57	NA	0.53134962805526
6227_Gorai.010G034900.1_P1_AdigCDI	924	0/1	7	5	NA	12	1882	10	58	42	NA	0.53134962805526
6227_Gorai.010G034900.1_P1_AdigCDI	954	0/1	7	5	NA	12	1882	10	58	42	NA	0.53134962805526
6227_Gorai.010G034900.1_P1_AdigCDI	984	0/1	7	5	NA	12	1882	10	58	42	NA	0.53134962805526
6227_Gorai.010G034900.1_P1_AdigCDI	987	0/1	8	5	NA	13	1882	10	62	38	NA	0.53134962805526
6227_Gorai.010G034900.1_P1_AdigCDI	990	0/1	8	5	NA	13	1882	10	62	38	NA	0.53134962805526
6227_Gorai.010G034900.1_P1_AdigCDI	1007	0/1	9	3	NA	12	1882	10	75	25	NA	0.53134962805526
6227_Gorai.010G034900.1_P1_AdigCDI	1014	0/1	7	4	NA	11	1882	10	64	36	NA	0.53134962805526
6227_Gorai.010G034900.1_P1_AdigCDI	1710	0/1	5	3	NA	8	1882	10	62	38	NA	0.53134962805526
6227_Gorai.010G034900.1_P1_AdigCDI	1741	0/1	6	3	NA	9	1882	10	67	33	NA	0.53134962805526
6794_Gorai.009G193900.2_AdigCDI	644	0/1	5	2	NA	7	4679	19	71	29	NA	0.406069673007053
6794_Gorai.009G193900.2_AdigCDI	800	0/1	5	2	NA	7	4679	19	71	29	NA	0.406069673007053
6794_Gorai.009G193900.2_AdigCDI	802	0/1	5	2	NA	7	4679	19	71	29	NA	0.406069673007053
6794_Gorai.009G193900.2_AdigCDI	1085	0/1	8	4	NA	12	4679	19	67	33	NA	0.406069673007053
6794_Gorai.009G193900.2_AdigCDI	1086	0/1	8	4	NA	12	4679	19	67	33	NA	0.406069673007053
6794_Gorai.009G193900.2_AdigCDI	1092	0/1	8	4	NA	12	4679	19	67	33	NA	0.406069673007053
6794_Gorai.009G193900.2_AdigCDI	1096	0/1	8	4	NA	12	4679	19	67	33	NA	0.406069673007053
6794_Gorai.009G193900.2_AdigCDI	1097	0/1	8	4	NA	12	4679	19	67	33	NA	0.406069673007053
6794_Gorai.009G193900.2_AdigCDI	1105	0/1	8	5	NA	13	4679	19	62	38	NA	0.406069673007053
6794_Gorai.009G193900.2_AdigCDI	1114	0/1	9	5	NA	14	4679	19	64	36	NA	0.406069673007053
6794_Gorai.009G193900.2_AdigCDI	1116	0/1	9	5	NA	14	4679	19	64	36	NA	0.406069673007053
6794_Gorai.009G193900.2_AdigCDI	1121	0/1	9	5	NA	14	4679	19	64	36	NA	0.406069673007053
6794_Gorai.009G193900.2_AdigCDI	1127	0/1	9	5	NA	14	4679	19	64	36	NA	0.406069673007053
6794_Gorai.009G193900.2_AdigCDI	1155	0/1	8	5	NA	13	4679	19	62	38	NA	0.406069673007053
6794_Gorai.009G193900.2_AdigCDI	1194	0/1	7	5	NA	12	4679	19	58	42	NA	0.406069673007053
6794_Gorai.009G193900.2_AdigCDI	1210	0/1	5	5	NA	10	4679	19	50	50	NA	0.406069673007053
6794_Gorai.009G193900.2_AdigCDI	1900	0/1	5	4	NA	9	4679	19	56	44	NA	0.406069673007053
6794_Gorai.009G193900.2_AdigCDI	1998	0/1	5	2	NA	7	4679	19	71	29	NA	0.406069673007053
6794_Gorai.009G193900.2_AdigCDI	4310	1/1	2	35	NA	37	4679	19	5	95	NA	0.406069673007053
704_Gorai.012G017400.1_AdigCDI	1248	0/1	6	3	NA	9	4049	1	67	33	NA	0.0246974561620153
7148_Gorai.008G046800.2_AdigCDI	3220	1/1	0	6	NA	6	3462	1	0	100	NA	0.0288850375505488
727_Gorai.011G026100.1_AdigCDI	4312	1/1	3	4	NA	7	5099	1	43	57	NA	0.0196116885663856
7271_Gorai.005G267000.2_P1_AdigCDI	696	1/1	0	24	NA	24	2217	5	0	100	NA	0.2255299954894
7271_Gorai.005G267000.2_P1_AdigCDI	1368	1/1	14	4	NA	18	2217	5	78	22	NA	0.2255299954894
7271_Gorai.005G267000.2_P1_AdigCDI	1376	1/1	5	12	NA	17	2217	5	29	71	NA	0.2255299954894
7271_Gorai.005G267000.2_P1_AdigCDI	1377	1/1	13	4	NA	17	2217	5	76	24	NA	0.2255299954894
7271_Gorai.005G267000.2_P1_AdigCDI	1383	1/1	13	4	NA	17	2217	5	76	24	NA	0.2255299954894
7271_Gorai.005G267000.2_P1_AdigCDI_3	1376	1/1	1	15	NA	16	2217	4	6	94	NA	0.18042399639152
7271_Gorai.005G267000.2_P1_AdigCDI_3	1470	1/1	1	11	NA	12	2217	4	8	92	NA	0.18042399639152
7271_Gorai.005G267000.2_P1_AdigCDI_3	1521	0/1	3	13	NA	16	2217	4	19	81	NA	0.18042399639152
7271_Gorai.005G267000.2_P1_AdigCDI_3	1588	1/1	0	9	NA	9	2217	4	0	100	NA	0.18042399639152
7442_Gorai.012G040400.1_P3_AdigCDI	281	0/1	5	2	NA	7	2221	1	71	29	NA	0.045024763619991
7606_Gorai.004G131300.1_AdigCDI	48	0/1	5	3	NA	8	3486	1	62	38	NA	0.0286861732644865
7848_Gorai.001G047000.1_P2_AdigCDI	618	1/1	1	3	NA	4	2994	2	25	75	NA	0.0668002672010688
7848_Gorai.001G047000.1_P2_AdigCDI	2848	1/1	0	4	NA	4	2994	2	0	100	NA	0.0668002672010688
7856_Gorai.003G086000.1_P1_AdigCDI	1139	1/1	1	16	NA	17	1798	3	6	94	NA	0.166852057842047
7856_Gorai.003G086000.1_P1_AdigCDI	1204	1/1	1	18	NA	19	1798	3	5	95	NA	0.166852057842047
7856_Gorai.003G086000.1_P1_AdigCDI	1221	1/1	0	16	NA	16	1798	3	0	100	NA	0.166852057842047
7856_Gorai.003G086000.1_P3_AdigCDI	357	0/1	51	14	NA	65	1792	9	78	22	NA	0.502232142857143
7856_Gorai.003G086000.1_P3_AdigCDI	501	0/1	52	10	NA	62	1792	9	84	16	NA	0.502232142857143
7856_Gorai.003G086000.1_P3_AdigCDI	528	0/1	49	8	NA	57	1792	9	86	14	NA	0.502232142857143
7856_Gorai.003G086000.1_P3_AdigCDI	571	0/1	45	20	NA	65	1792	9	69	31	NA	0.502232142857143
7856_Gorai.003G086000.1_P3_AdigCDI	631	0/1	62	16	NA	78	1792	9	79	21	NA	0.502232142857143
7856_Gorai.003G086000.1_P3_AdigCDI	691	0/1	55	16	NA	71	1792	9	77	23	NA	0.502232142857143
7856_Gorai.003G086000.1_P3_AdigCDI	746	0/1	59	12	NA	71	1792	9	83	17	NA	0.502232142857143
7856_Gorai.003G086000.1_P3_AdigCDI	911	0/1	50	17	NA	67	1792	9	75	25	NA	0.502232142857143
7856_Gorai.003G086000.1_P3_AdigCDI	1000	0/1	7	4	NA	11	1792	9	64	36	NA	0.502232142857143
7887_Gorai.012G079600.3_AdigCDI	258	0/1	5	3	NA	8	2621	3	62	38	NA	0.11446012972148
7887_Gorai.012G079600.3_AdigCDI	267	0/1	5	2	NA	7	2621	3	71	29	NA	0.11446012972148
7887_Gorai.012G079600.3_AdigCDI	2488	0/1	11	4	NA	15	2621	3	73	27	NA	0.11446012972148
8031_Gorai.003G035200.6_P1_AdigCDI	92	0/1	2	3	NA	5	1243	2	40	60	NA	0.160901045856798
8031_Gorai.003G035200.6_P1_AdigCDI	731	0/1	5	4	NA	9	1243	2	56	44	NA	0.160901045856798
8061_Gorai.002G118200.4_P1_AdigCDI	101	0/1	5	7	NA	12	1634	1	42	58	NA	0.0611995104039168
8061_Gorai.002G118200.4_P1_AdigCDI_3	292	1/1	0	7	NA	7	1634	1	0	100	NA	0.0611995104039168
8071_Gorai.002G129300.6_P3_AdigCDI	1204	0/1	42	27	NA	69	2114	3	61	39	NA	0.141911069063387
8071_Gorai.002G129300.6_P3_AdigCDI	1902	0/1	11	3	NA	14	2114	3	79	21	NA	0.141911069063387
8071_Gorai.002G129300.6_P3_AdigCDI	1970	0/1	5	3	NA	8	2114	3	62	38	NA	0.141911069063387
8108_Gorai.004G178200.4_AdigCDI	1018	0/1	5	4	NA	9	2941	3	56	44	NA	0.102006120367222
8108_Gorai.004G178200.4_AdigCDI	1021	0/1	5	4	NA	9	2941	3	56	44	NA	0.102006120367222
8108_Gorai.004G178200.4_AdigCDI	1032	0/1	5	3	NA	8	2941	3	62	38	NA	0.102006120367222
8173_Gorai.002G128400.2_AdigCDI	243	0/1	6	2	NA	8	2658	14	75	25	NA	0.526711813393529
8173_Gorai.002G128400.2_AdigCDI	827	0/1	4	3	NA	7	2658	14	57	43	NA	0.526711813393529
8173_Gorai.002G128400.2_AdigCDI	857	0/1	7	3	NA	10	2658	14	70	30	NA	0.526711813393529
8173_Gorai.002G128400.2_AdigCDI	869	0/1	7	3	NA	10	2658	14	70	30	NA	0.526711813393529
8173_Gorai.002G128400.2_AdigCDI	872	0/1	7	3	NA	10	2658	14	70	30	NA	0.526711813393529
8173_Gorai.002G128400.2_AdigCDI	873	0/1	6	3	NA	9	2658	14	67	33	NA	0.526711813393529
8173_Gorai.002G128400.2_AdigCDI	892	0/1	6	3	NA	9	2658	14	67	33	NA	0.526711813393529
8173_Gorai.002G128400.2_AdigCDI	905	0/1	5	3	NA	8	2658	14	62	38	NA	0.526711813393529
8173_Gorai.002G128400.2_AdigCDI	906	0/1	5	3	NA	8	2658	14	62	38	NA	0.526711813393529
8173_Gorai.002G128400.2_AdigCDI	2097	0/1	3	3	NA	6	2658	14	50	50	NA	0.526711813393529
8173_Gorai.002G128400.2_AdigCDI	2426	0/1	5	2	NA	7	2658	14	71	29	NA	0.526711813393529
8173_Gorai.002G128400.2_AdigCDI	2456	0/1	4	2	NA	6	2658	14	67	33	NA	0.526711813393529
8173_Gorai.002G128400.2_AdigCDI	2493	0/1	5	2	NA	7	2658	14	71	29	NA	0.526711813393529
8173_Gorai.002G128400.2_AdigCDI	2566	0/1	5	2	NA	7	2658	14	71	29	NA	0.526711813393529
8697_Gorai.006G213600.4_AdigCDI	2	1/1	0	2	NA	2	3234	8	0	100	NA	0.247371675943105
8697_Gorai.006G213600.4_AdigCDI	12	0/1	27	12	NA	39	3234	8	69	31	NA	0.247371675943105
8697_Gorai.006G213600.4_AdigCDI	21	0/1	31	11	NA	42	3234	8	74	26	NA	0.247371675943105
8697_Gorai.006G213600.4_AdigCDI	143	0/1	57	11	NA	68	3234	8	84	16	NA	0.247371675943105
8697_Gorai.006G213600.4_AdigCDI	166	0/1	55	9	NA	64	3234	8	86	14	NA	0.247371675943105
8697_Gorai.006G213600.4_AdigCDI	187	0/1	54	8	NA	62	3234	8	87	13	NA	0.247371675943105
8697_Gorai.006G213600.4_AdigCDI	301	1/1	2	37	NA	39	3234	8	5	95	NA	0.247371675943105
8697_Gorai.006G213600.4_AdigCDI	306	0/1	30	10	NA	40	3234	8	75	25	NA	0.247371675943105
9057_Gorai.009G271600.2_P1_AdigCDI_3	776	1/1	1	4	NA	5	1659	1	20	80	NA	0.0602772754671489
9076_Gorai.001G120700.4_AdigCDI	378	0/1	5	3	NA	8	3031	8	62	38	NA	0.263939293962389
9076_Gorai.001G120700.4_AdigCDI	406	0/1	4	3	NA	7	3031	8	57	43	NA	0.263939293962389
9076_Gorai.001G120700.4_AdigCDI	1396	0/1	13	3	NA	16	3031	8	81	19	NA	0.263939293962389
9076_Gorai.001G120700.4_AdigCDI	1747	0/1	7	3	NA	10	3031	8	70	30	NA	0.263939293962389
9076_Gorai.001G120700.4_AdigCDI	1934	0/1	5	2	NA	7	3031	8	71	29	NA	0.263939293962389
9076_Gorai.001G120700.4_AdigCDI	2047	0/1	6	3	NA	9	3031	8	67	33	NA	0.263939293962389
9076_Gorai.001G120700.4_AdigCDI	2212	0/1	8	4	NA	12	3031	8	67	33	NA	0.263939293962389
9076_Gorai.001G120700.4_AdigCDI	2288	0/1	5	4	NA	9	3031	8	56	44	NA	0.263939293962389
9156_Gorai.009G268200.2_P2_AdigCDI	264	0/1	1	4	NA	5	2374	13	20	80	NA	0.54759898904802
9156_Gorai.009G268200.2_P2_AdigCDI	266	0/1	1	4	NA	5	2374	13	20	80	NA	0.54759898904802
9156_Gorai.009G268200.2_P2_AdigCDI	275	0/1	1	4	NA	5	2374	13	20	80	NA	0.54759898904802
9156_Gorai.009G268200.2_P2_AdigCDI	760	0/1	1	3	NA	4	2374	13	25	75	NA	0.54759898904802
9156_Gorai.009G268200.2_P2_AdigCDI	1458	0/1	2	5	NA	7	2374	13	29	71	NA	0.54759898904802
9156_Gorai.009G268200.2_P2_AdigCDI	1464	0/1	2	5	NA	7	2374	13	29	71	NA	0.54759898904802
9156_Gorai.009G268200.2_P2_AdigCDI	1524	0/1	3	3	NA	6	2374	13	50	50	NA	0.54759898904802
9156_Gorai.009G268200.2_P2_AdigCDI	1692	1/1	0	17	NA	17	2374	13	0	100	NA	0.54759898904802
9156_Gorai.009G268200.2_P2_AdigCDI	1707	1/1	0	17	NA	17	2374	13	0	100	NA	0.54759898904802
9156_Gorai.009G268200.2_P2_AdigCDI	1794	1/1	1	7	NA	8	2374	13	12	88	NA	0.54759898904802
9156_Gorai.009G268200.2_P2_AdigCDI	1824	1/1	2	6	NA	8	2374	13	25	75	NA	0.54759898904802
9156_Gorai.009G268200.2_P2_AdigCDI	1996	1/1	1	4	NA	5	2374	13	20	80	NA	0.54759898904802
9156_Gorai.009G268200.2_P2_AdigCDI	2253	0/1	1	4	NA	5	2374	13	20	80	NA	0.54759898904802
9156_Gorai.009G268200.2_P2_AdigCDI_3	1420	1/1	4	4	NA	8	2374	21	50	50	NA	0.88458298230834
9156_Gorai.009G268200.2_P2_AdigCDI_3	1421	1/1	4	4	NA	8	2374	21	50	50	NA	0.88458298230834
9156_Gorai.009G268200.2_P2_AdigCDI_3	1455	0/1	9	4	NA	13	2374	21	69	31	NA	0.88458298230834
9156_Gorai.009G268200.2_P2_AdigCDI_3	1458	0/1	5	8	NA	13	2374	21	38	62	NA	0.88458298230834
9156_Gorai.009G268200.2_P2_AdigCDI_3	1464	0/1	5	8	NA	13	2374	21	38	62	NA	0.88458298230834
9156_Gorai.009G268200.2_P2_AdigCDI_3	1527	0/1	6	9	NA	15	2374	21	40	60	NA	0.88458298230834
9156_Gorai.009G268200.2_P2_AdigCDI_3	1591	0/1	13	5	NA	18	2374	21	72	28	NA	0.88458298230834
9156_Gorai.009G268200.2_P2_AdigCDI_3	1626	0/1	12	10	NA	22	2374	21	55	45	NA	0.88458298230834
9156_Gorai.009G268200.2_P2_AdigCDI_3	1641	0/1	16	4	NA	20	2374	21	80	20	NA	0.88458298230834
9156_Gorai.009G268200.2_P2_AdigCDI_3	1650	0/1	14	3	NA	17	2374	21	82	18	NA	0.88458298230834
9156_Gorai.009G268200.2_P2_AdigCDI_3	1662	0/1	15	3	NA	18	2374	21	83	17	NA	0.88458298230834
9156_Gorai.009G268200.2_P2_AdigCDI_3	1692	0/1	5	14	NA	19	2374	21	26	74	NA	0.88458298230834
9156_Gorai.009G268200.2_P2_AdigCDI_3	1695	0/1	14	5	NA	19	2374	21	74	26	NA	0.88458298230834
9156_Gorai.009G268200.2_P2_AdigCDI_3	1707	0/1	5	13	NA	18	2374	21	28	72	NA	0.88458298230834
9156_Gorai.009G268200.2_P2_AdigCDI_3	1710	0/1	13	5	NA	18	2374	21	72	28	NA	0.88458298230834
9156_Gorai.009G268200.2_P2_AdigCDI_3	1752	0/1	5	9	NA	14	2374	21	36	64	NA	0.88458298230834
9156_Gorai.009G268200.2_P2_AdigCDI_3	1776	0/1	8	5	NA	13	2374	21	62	38	NA	0.88458298230834
9156_Gorai.009G268200.2_P2_AdigCDI_3	1794	1/1	0	7	NA	7	2374	21	0	100	NA	0.88458298230834
9156_Gorai.009G268200.2_P2_AdigCDI_3	1824	1/1	0	6	NA	6	2374	21	0	100	NA	0.88458298230834
9156_Gorai.009G268200.2_P2_AdigCDI_3	2041	0/1	5	3	NA	8	2374	21	62	38	NA	0.88458298230834
9156_Gorai.009G268200.2_P2_AdigCDI_3	2169	0/1	7	5	NA	12	2374	21	58	42	NA	0.88458298230834
9263_Gorai.004G098000.1_P1_AdigCDI	420	1/1	3	3	NA	6	1251	3	50	50	NA	0.239808153477218
9263_Gorai.004G098000.1_P1_AdigCDI	437	1/1	3	4	NA	7	1251	3	43	57	NA	0.239808153477218
9263_Gorai.004G098000.1_P1_AdigCDI	516	1/1	0	5	NA	5	1251	3	0	100	NA	0.239808153477218
9263_Gorai.004G098000.1_P1_AdigCDI_3	420	1/1	2	5	NA	7	1251	3	29	71	NA	0.239808153477218
9263_Gorai.004G098000.1_P1_AdigCDI_3	437	1/1	2	8	NA	10	1251	3	20	80	NA	0.239808153477218
9263_Gorai.004G098000.1_P1_AdigCDI_3	516	1/1	1	11	NA	12	1251	3	8	92	NA	0.239808153477218
959_Gorai.001G017000.1_P2_AdigCDI	626	1/1	0	6	NA	6	1319	6	0	100	NA	0.45489006823351
959_Gorai.001G017000.1_P2_AdigCDI	694	1/1	1	6	NA	7	1319	6	14	86	NA	0.45489006823351
959_Gorai.001G017000.1_P2_AdigCDI	743	0/1	2	4	NA	6	1319	6	33	67	NA	0.45489006823351
959_Gorai.001G017000.1_P2_AdigCDI	748	1/1	1	5	NA	6	1319	6	17	83	NA	0.45489006823351
959_Gorai.001G017000.1_P2_AdigCDI	769	1/1	1	4	NA	5	1319	6	20	80	NA	0.45489006823351
959_Gorai.001G017000.1_P2_AdigCDI	777	1/1	1	3	NA	4	1319	6	25	75	NA	0.45489006823351
959_Gorai.001G017000.1_P2_AdigCDI_3	694	1/1	0	8	NA	8	1319	3	0	100	NA	0.227445034116755
959_Gorai.001G017000.1_P2_AdigCDI_3	748	1/1	0	6	NA	6	1319	3	0	100	NA	0.227445034116755
959_Gorai.001G017000.1_P2_AdigCDI_3	769	0/1	2	3	NA	5	1319	3	40	60	NA	0.227445034116755
959_Gorai.001G017000.1_P3_AdigCDI	776	0/1	17	3	NA	20	1239	17	85	15	NA	1.37207425343019
959_Gorai.001G017000.1_P3_AdigCDI	780	0/1	14	6	NA	20	1239	17	70	30	NA	1.37207425343019
959_Gorai.001G017000.1_P3_AdigCDI	792	0/1	13	5	NA	18	1239	17	72	28	NA	1.37207425343019
959_Gorai.001G017000.1_P3_AdigCDI	834	0/1	8	4	NA	12	1239	17	67	33	NA	1.37207425343019
959_Gorai.001G017000.1_P3_AdigCDI	847	0/1	10	3	NA	13	1239	17	77	23	NA	1.37207425343019
959_Gorai.001G017000.1_P3_AdigCDI	861	0/1	9	3	NA	12	1239	17	75	25	NA	1.37207425343019
959_Gorai.001G017000.1_P3_AdigCDI	882	0/1	6	5	NA	11	1239	17	55	45	NA	1.37207425343019
959_Gorai.001G017000.1_P3_AdigCDI	891	0/1	6	6	NA	12	1239	17	50	50	NA	1.37207425343019
959_Gorai.001G017000.1_P3_AdigCDI	897	0/1	8	3	NA	11	1239	17	73	27	NA	1.37207425343019
959_Gorai.001G017000.1_P3_AdigCDI	912	0/1	7	4	NA	11	1239	17	64	36	NA	1.37207425343019
959_Gorai.001G017000.1_P3_AdigCDI	917	0/1	8	4	NA	12	1239	17	67	33	NA	1.37207425343019
959_Gorai.001G017000.1_P3_AdigCDI	927	0/1	7	4	NA	11	1239	17	64	36	NA	1.37207425343019
959_Gorai.001G017000.1_P3_AdigCDI	957	0/1	6	4	NA	10	1239	17	60	40	NA	1.37207425343019
959_Gorai.001G017000.1_P3_AdigCDI	972	0/1	7	4	NA	11	1239	17	64	36	NA	1.37207425343019
959_Gorai.001G017000.1_P3_AdigCDI	978	0/1	6	4	NA	10	1239	17	60	40	NA	1.37207425343019
959_Gorai.001G017000.1_P3_AdigCDI	985	0/1	5	4	NA	9	1239	17	56	44	NA	1.37207425343019
959_Gorai.001G017000.1_P3_AdigCDI	1023	0/1	3	4	NA	7	1239	17	43	57	NA	1.37207425343019
9657_Gorai.004G033500.2_AdigCDI	1581	1/1	1	2	NA	3	2301	8	33	67	NA	0.34767492394611
9657_Gorai.004G033500.2_AdigCDI	1603	1/1	0	4	NA	4	2301	8	0	100	NA	0.34767492394611
9657_Gorai.004G033500.2_AdigCDI	1616	1/1	0	5	NA	5	2301	8	0	100	NA	0.34767492394611
9657_Gorai.004G033500.2_AdigCDI	1653	1/1	0	8	NA	8	2301	8	0	100	NA	0.34767492394611
9657_Gorai.004G033500.2_AdigCDI	1672	1/1	0	8	NA	8	2301	8	0	100	NA	0.34767492394611
9657_Gorai.004G033500.2_AdigCDI	1726	1/1	0	8	NA	8	2301	8	0	100	NA	0.34767492394611
9657_Gorai.004G033500.2_AdigCDI	1744	1/1	0	8	NA	8	2301	8	0	100	NA	0.34767492394611
9657_Gorai.004G033500.2_AdigCDI	1745	1/1	0	8	NA	8	2301	8	0	100	NA	0.34767492394611
9657_Gorai.004G033500.2_AdigCDI_3	1653	1/1	0	13	NA	13	2301	5	0	100	NA	0.217296827466319
9657_Gorai.004G033500.2_AdigCDI_3	1672	1/1	0	11	NA	11	2301	5	0	100	NA	0.217296827466319
9657_Gorai.004G033500.2_AdigCDI_3	1726	1/1	0	8	NA	8	2301	5	0	100	NA	0.217296827466319
9657_Gorai.004G033500.2_AdigCDI_3	1744	1/1	0	6	NA	6	2301	5	0	100	NA	0.217296827466319
9657_Gorai.004G033500.2_AdigCDI_3	1745	1/1	0	6	NA	6	2301	5	0	100	NA	0.217296827466319
