allele	position	GT	ref.reads	alt1.reads	alt2.reads	total.reads	length	var_sites	perc_ref	perc_alt1	perc_alt2	perc_variant
10846_Gorai.002G129100.1_AdigCon	3111	1/1	0	4	NA	4	3421	4	0	100	NA	0.116924875767319
10846_Gorai.002G129100.1_AdigCon	3112	1/1	0	4	NA	4	3421	4	0	100	NA	0.116924875767319
10846_Gorai.002G129100.1_AdigCon	3126	1/1	0	7	NA	7	3421	4	0	100	NA	0.116924875767319
10846_Gorai.002G129100.1_AdigCon	3153	1/1	0	7	NA	7	3421	4	0	100	NA	0.116924875767319
1089_Gorai.005G213100.2_AdigCon	2700	0/1	8	3	NA	11	3568	1	73	27	NA	0.0280269058295964
11201_Gorai.009G235000.3_AdigCon	316	1/1	0	2	NA	2	1088	1	0	100	NA	0.0919117647058824
11382_Gorai.009G038200.1_AdigCon	1175	1/1	0	7	NA	7	2362	1	0	100	NA	0.0423370025402202
11985_Gorai.012G039700.1_AdigCon_3	1869	1/1	0	36	NA	36	2109	1	0	100	NA	0.0474158368895211
12798_Gorai.008G004800.1_AdigCon	1094	1/1	0	181	NA	181	2041	4	0	100	NA	0.195982361587457
12798_Gorai.008G004800.1_AdigCon	1104	1/1	0	195	NA	195	2041	4	0	100	NA	0.195982361587457
12798_Gorai.008G004800.1_AdigCon	1117	1/1	0	208	NA	208	2041	4	0	100	NA	0.195982361587457
12798_Gorai.008G004800.1_AdigCon	1174	1/1	3	240	NA	243	2041	4	1	99	NA	0.195982361587457
1316_Gorai.010G255400.1_AdigCon_3	5633	1/1	1	5	NA	6	6082	6	17	83	NA	0.0986517592897073
1316_Gorai.010G255400.1_AdigCon_3	5637	1/1	1	5	NA	6	6082	6	17	83	NA	0.0986517592897073
1316_Gorai.010G255400.1_AdigCon_3	5643	1/1	1	5	NA	6	6082	6	17	83	NA	0.0986517592897073
1316_Gorai.010G255400.1_AdigCon_3	5652	1/1	2	5	NA	7	6082	6	29	71	NA	0.0986517592897073
1316_Gorai.010G255400.1_AdigCon_3	5670	1/1	3	5	NA	8	6082	6	38	62	NA	0.0986517592897073
1316_Gorai.010G255400.1_AdigCon_3	5688	1/1	3	4	NA	7	6082	6	43	57	NA	0.0986517592897073
14654_Gorai.005G220300.2_AdigCon	2457	1/1	2	21	NA	23	3482	20	9	91	NA	0.574382538770821
14654_Gorai.005G220300.2_AdigCon	2459	1/1	2	23	NA	25	3482	20	8	92	NA	0.574382538770821
14654_Gorai.005G220300.2_AdigCon	2475	1/1	2	27	NA	29	3482	20	7	93	NA	0.574382538770821
14654_Gorai.005G220300.2_AdigCon	2477	1/1	1	28	NA	29	3482	20	3	97	NA	0.574382538770821
14654_Gorai.005G220300.2_AdigCon	2482	1/1	1	28	NA	29	3482	20	3	97	NA	0.574382538770821
14654_Gorai.005G220300.2_AdigCon	2515	1/1	0	35	NA	35	3482	20	0	100	NA	0.574382538770821
14654_Gorai.005G220300.2_AdigCon	2788	0/1	18	33	NA	51	3482	20	35	65	NA	0.574382538770821
14654_Gorai.005G220300.2_AdigCon	2792	0/1	33	15	NA	48	3482	20	69	31	NA	0.574382538770821
14654_Gorai.005G220300.2_AdigCon	2793	0/1	15	33	NA	48	3482	20	31	69	NA	0.574382538770821
14654_Gorai.005G220300.2_AdigCon	2796	0/1	34	15	NA	49	3482	20	69	31	NA	0.574382538770821
14654_Gorai.005G220300.2_AdigCon	2803	0/1	14	34	NA	48	3482	20	29	71	NA	0.574382538770821
14654_Gorai.005G220300.2_AdigCon	2804	0/1	13	34	NA	47	3482	20	28	72	NA	0.574382538770821
14654_Gorai.005G220300.2_AdigCon	2805	0/1	13	34	NA	47	3482	20	28	72	NA	0.574382538770821
14654_Gorai.005G220300.2_AdigCon	2818	0/1	45	13	NA	58	3482	20	78	22	NA	0.574382538770821
14654_Gorai.005G220300.2_AdigCon	2825	0/1	48	12	NA	60	3482	20	80	20	NA	0.574382538770821
14654_Gorai.005G220300.2_AdigCon	2838	0/1	49	11	NA	60	3482	20	82	18	NA	0.574382538770821
14654_Gorai.005G220300.2_AdigCon	2840	0/1	11	49	NA	60	3482	20	18	82	NA	0.574382538770821
14654_Gorai.005G220300.2_AdigCon	2841	0/1	10	49	NA	59	3482	20	17	83	NA	0.574382538770821
14654_Gorai.005G220300.2_AdigCon	2931	1/1	1	65	NA	66	3482	20	2	98	NA	0.574382538770821
14654_Gorai.005G220300.2_AdigCon	2964	1/1	1	58	NA	59	3482	20	2	98	NA	0.574382538770821
14654_Gorai.005G220300.2_AdigCon_3	2515	1/1	0	26	NA	26	3482	35	0	100	NA	1.00516944284894
14654_Gorai.005G220300.2_AdigCon_3	2563	1/1	3	15	NA	18	3482	35	17	83	NA	1.00516944284894
14654_Gorai.005G220300.2_AdigCon_3	2564	1/1	3	15	NA	18	3482	35	17	83	NA	1.00516944284894
14654_Gorai.005G220300.2_AdigCon_3	2576	1/1	5	15	NA	20	3482	35	25	75	NA	1.00516944284894
14654_Gorai.005G220300.2_AdigCon_3	2582	1/1	5	12	NA	17	3482	35	29	71	NA	1.00516944284894
14654_Gorai.005G220300.2_AdigCon_3	2583	1/1	5	12	NA	17	3482	35	29	71	NA	1.00516944284894
14654_Gorai.005G220300.2_AdigCon_3	2596	1/1	5	9	NA	14	3482	35	36	64	NA	1.00516944284894
14654_Gorai.005G220300.2_AdigCon_3	2597	1/1	5	9	NA	14	3482	35	36	64	NA	1.00516944284894
14654_Gorai.005G220300.2_AdigCon_3	2600	1/1	5	9	NA	14	3482	35	36	64	NA	1.00516944284894
14654_Gorai.005G220300.2_AdigCon_3	2615	1/1	5	8	NA	13	3482	35	38	62	NA	1.00516944284894
14654_Gorai.005G220300.2_AdigCon_3	2616	1/1	5	8	NA	13	3482	35	38	62	NA	1.00516944284894
14654_Gorai.005G220300.2_AdigCon_3	2633	1/1	5	5	NA	10	3482	35	50	50	NA	1.00516944284894
14654_Gorai.005G220300.2_AdigCon_3	2741	1/1	7	15	NA	22	3482	35	32	68	NA	1.00516944284894
14654_Gorai.005G220300.2_AdigCon_3	2788	0/1	12	19	NA	31	3482	35	39	61	NA	1.00516944284894
14654_Gorai.005G220300.2_AdigCon_3	2792	0/1	19	10	NA	29	3482	35	66	34	NA	1.00516944284894
14654_Gorai.005G220300.2_AdigCon_3	2793	0/1	10	19	NA	29	3482	35	34	66	NA	1.00516944284894
14654_Gorai.005G220300.2_AdigCon_3	2796	0/1	19	10	NA	29	3482	35	66	34	NA	1.00516944284894
14654_Gorai.005G220300.2_AdigCon_3	2803	0/1	10	19	NA	29	3482	35	34	66	NA	1.00516944284894
14654_Gorai.005G220300.2_AdigCon_3	2804	0/1	10	19	NA	29	3482	35	34	66	NA	1.00516944284894
14654_Gorai.005G220300.2_AdigCon_3	2805	0/1	10	19	NA	29	3482	35	34	66	NA	1.00516944284894
14654_Gorai.005G220300.2_AdigCon_3	2840	1/1	6	35	NA	41	3482	35	15	85	NA	1.00516944284894
14654_Gorai.005G220300.2_AdigCon_3	2841	1/1	6	35	NA	41	3482	35	15	85	NA	1.00516944284894
14654_Gorai.005G220300.2_AdigCon_3	2924	1/1	11	37	NA	48	3482	35	23	77	NA	1.00516944284894
14654_Gorai.005G220300.2_AdigCon_3	2926	1/1	11	36	NA	47	3482	35	23	77	NA	1.00516944284894
14654_Gorai.005G220300.2_AdigCon_3	2931	1/1	12	37	NA	49	3482	35	24	76	NA	1.00516944284894
14654_Gorai.005G220300.2_AdigCon_3	2945	1/1	17	34	NA	51	3482	35	33	67	NA	1.00516944284894
14654_Gorai.005G220300.2_AdigCon_3	2964	1/1	20	32	NA	52	3482	35	38	62	NA	1.00516944284894
14654_Gorai.005G220300.2_AdigCon_3	2978	1/1	20	27	NA	47	3482	35	43	57	NA	1.00516944284894
14654_Gorai.005G220300.2_AdigCon_3	2979	1/1	20	26	NA	46	3482	35	43	57	NA	1.00516944284894
14654_Gorai.005G220300.2_AdigCon_3	2983	1/1	20	26	NA	46	3482	35	43	57	NA	1.00516944284894
14654_Gorai.005G220300.2_AdigCon_3	2987	1/1	20	26	NA	46	3482	35	43	57	NA	1.00516944284894
14654_Gorai.005G220300.2_AdigCon_3	3000	1/1	19	22	NA	41	3482	35	46	54	NA	1.00516944284894
14654_Gorai.005G220300.2_AdigCon_3	3001	1/1	19	22	NA	41	3482	35	46	54	NA	1.00516944284894
14654_Gorai.005G220300.2_AdigCon_3	3006	1/1	19	22	NA	41	3482	35	46	54	NA	1.00516944284894
14654_Gorai.005G220300.2_AdigCon_3	3018	1/1	19	20	NA	39	3482	35	49	51	NA	1.00516944284894
180_Gorai.004G293400.1_AdigCon	6616	0/1	250	25	NA	275	6842	2	91	9	NA	0.0292312189418299
180_Gorai.004G293400.1_AdigCon	6619	0/1	256	25	NA	281	6842	2	91	9	NA	0.0292312189418299
180_Gorai.004G293400.1_AdigCon_3	6597	0/1	25	6	NA	31	6842	2	81	19	NA	0.0292312189418299
180_Gorai.004G293400.1_AdigCon_3	6618	0/1	16	18	NA	34	6842	2	47	53	NA	0.0292312189418299
18966_Gorai.006G049000.1_P1_AdigCon	1315	1/1	3	3	NA	6	1705	16	50	50	NA	0.93841642228739
18966_Gorai.006G049000.1_P1_AdigCon	1328	1/1	3	4	NA	7	1705	16	43	57	NA	0.93841642228739
18966_Gorai.006G049000.1_P1_AdigCon	1351	0/1	5	5	NA	10	1705	16	50	50	NA	0.93841642228739
18966_Gorai.006G049000.1_P1_AdigCon	1354	0/1	5	4	NA	9	1705	16	56	44	NA	0.93841642228739
18966_Gorai.006G049000.1_P1_AdigCon	1357	0/1	2	7	NA	9	1705	16	22	78	NA	0.93841642228739
18966_Gorai.006G049000.1_P1_AdigCon	1360	0/1	5	4	NA	9	1705	16	56	44	NA	0.93841642228739
18966_Gorai.006G049000.1_P1_AdigCon	1363	0/1	5	4	NA	9	1705	16	56	44	NA	0.93841642228739
18966_Gorai.006G049000.1_P1_AdigCon	1381	0/1	3	4	NA	7	1705	16	43	57	NA	0.93841642228739
18966_Gorai.006G049000.1_P1_AdigCon	1390	0/1	2	4	NA	6	1705	16	33	67	NA	0.93841642228739
18966_Gorai.006G049000.1_P1_AdigCon	1411	0/1	3	4	NA	7	1705	16	43	57	NA	0.93841642228739
18966_Gorai.006G049000.1_P1_AdigCon	1414	0/1	3	4	NA	7	1705	16	43	57	NA	0.93841642228739
18966_Gorai.006G049000.1_P1_AdigCon	1417	0/1	3	4	NA	7	1705	16	43	57	NA	0.93841642228739
18966_Gorai.006G049000.1_P1_AdigCon	1426	0/1	3	4	NA	7	1705	16	43	57	NA	0.93841642228739
18966_Gorai.006G049000.1_P1_AdigCon	1429	0/1	3	4	NA	7	1705	16	43	57	NA	0.93841642228739
18966_Gorai.006G049000.1_P1_AdigCon	1431	0/1	3	4	NA	7	1705	16	43	57	NA	0.93841642228739
18966_Gorai.006G049000.1_P1_AdigCon	1435	0/1	3	4	NA	7	1705	16	43	57	NA	0.93841642228739
18966_Gorai.006G049000.1_P1_AdigCon_3	1357	1/1	2	6	NA	8	1705	7	25	75	NA	0.410557184750733
18966_Gorai.006G049000.1_P1_AdigCon_3	1369	1/1	3	5	NA	8	1705	7	38	62	NA	0.410557184750733
18966_Gorai.006G049000.1_P1_AdigCon_3	1534	1/1	4	2	NA	6	1705	7	67	33	NA	0.410557184750733
18966_Gorai.006G049000.1_P1_AdigCon_3	1546	1/1	4	2	NA	6	1705	7	67	33	NA	0.410557184750733
18966_Gorai.006G049000.1_P1_AdigCon_3	1547	1/1	4	2	NA	6	1705	7	67	33	NA	0.410557184750733
18966_Gorai.006G049000.1_P1_AdigCon_3	1549	1/1	4	2	NA	6	1705	7	67	33	NA	0.410557184750733
18966_Gorai.006G049000.1_P1_AdigCon_3	1576	1/1	3	2	NA	5	1705	7	60	40	NA	0.410557184750733
19901_Gorai.012G089500.2_P2_AdigCon	208	0/1	6	4	NA	10	1169	1	60	40	NA	0.0855431993156544
20385_Gorai.012G081900.6_AdigCon	798	1/1	0	25	NA	25	2275	1	0	100	NA	0.043956043956044
20385_Gorai.012G081900.6_AdigCon_3	290	1/1	1	8	NA	9	2275	4	11	89	NA	0.175824175824176
20385_Gorai.012G081900.6_AdigCon_3	914	1/1	1	7	NA	8	2275	4	12	88	NA	0.175824175824176
20385_Gorai.012G081900.6_AdigCon_3	918	1/1	1	8	NA	9	2275	4	11	89	NA	0.175824175824176
20385_Gorai.012G081900.6_AdigCon_3	1832	1/1	1	3	NA	4	2275	4	25	75	NA	0.175824175824176
2174_Gorai.008G218700.1_AdigCon	1763	0/1	5	2	NA	7	3920	1	71	29	NA	0.0255102040816327
23627_Gorai.009G068200.1_P1_AdigCon	313	0/1	5	2	NA	7	1324	1	71	29	NA	0.0755287009063444
4348_Gorai.013G260900.1_P1_AdigCon	1078	0/1	16	3	NA	19	4751	3	84	16	NA	0.0631446011366028
4348_Gorai.013G260900.1_P1_AdigCon	1112	0/1	16	3	NA	19	4751	3	84	16	NA	0.0631446011366028
4348_Gorai.013G260900.1_P1_AdigCon	1138	0/1	13	3	NA	16	4751	3	81	19	NA	0.0631446011366028
443_Gorai.006G135500.1_AdigCon_3	428	0/1	1	4	NA	5	5751	1	20	80	NA	0.0173882802990784
4771_Gorai.010G081600.1_P2_AdigCon	2469	0/1	54	8	NA	62	3022	2	87	13	NA	0.0661813368630046
4771_Gorai.010G081600.1_P2_AdigCon	2470	0/1	42	20	NA	62	3022	2	68	32	NA	0.0661813368630046
4950_Gorai.001G237200.2_AdigCon	1570	0/1	226	63	NA	289	2350	1	78	22	NA	0.0425531914893617
550_Gorai.006G081900.1_AdigCon	3055	0/1	36	6	NA	42	4550	1	86	14	NA	0.021978021978022
5764_Gorai.006G242500.2_AdigCon	941	0/1	17	3	NA	20	2647	1	85	15	NA	0.0377786173026067
5900_Gorai.001G247800.5_AdigCon	1057	1/1	0	12	NA	12	3400	1	0	100	NA	0.0294117647058824
5978_Gorai.002G218100.6_P2_AdigCon	1164	0/1	18	5	NA	23	1820	9	78	22	NA	0.494505494505495
5978_Gorai.002G218100.6_P2_AdigCon	1181	0/1	17	4	NA	21	1820	9	81	19	NA	0.494505494505495
5978_Gorai.002G218100.6_P2_AdigCon	1193	0/1	15	4	NA	19	1820	9	79	21	NA	0.494505494505495
5978_Gorai.002G218100.6_P2_AdigCon	1199	0/1	15	4	NA	19	1820	9	79	21	NA	0.494505494505495
5978_Gorai.002G218100.6_P2_AdigCon	1208	0/1	15	4	NA	19	1820	9	79	21	NA	0.494505494505495
5978_Gorai.002G218100.6_P2_AdigCon	1211	0/1	15	4	NA	19	1820	9	79	21	NA	0.494505494505495
5978_Gorai.002G218100.6_P2_AdigCon	1212	0/1	14	4	NA	18	1820	9	78	22	NA	0.494505494505495
5978_Gorai.002G218100.6_P2_AdigCon	1220	0/1	13	4	NA	17	1820	9	76	24	NA	0.494505494505495
5978_Gorai.002G218100.6_P2_AdigCon	1242	0/1	14	4	NA	18	1820	9	78	22	NA	0.494505494505495
608_Gorai.005G157100.1_AdigCon	5126	0/1	11	3	NA	14	5439	1	79	21	NA	0.018385732671447
6136_Gorai.007G167000.1_P1_AdigCon	952	0/1	4	4	NA	8	1397	2	50	50	NA	0.143163922691482
6136_Gorai.007G167000.1_P1_AdigCon	1125	0/1	5	3	NA	8	1397	2	62	38	NA	0.143163922691482
6801_Gorai.008G191000.1_AdigCon	803	1/1	3	2	NA	5	2193	11	60	40	NA	0.501595987232102
6801_Gorai.008G191000.1_AdigCon	817	1/1	2	2	NA	4	2193	11	50	50	NA	0.501595987232102
6801_Gorai.008G191000.1_AdigCon	829	1/1	2	3	NA	5	2193	11	40	60	NA	0.501595987232102
6801_Gorai.008G191000.1_AdigCon	840	1/1	1	3	NA	4	2193	11	25	75	NA	0.501595987232102
6801_Gorai.008G191000.1_AdigCon	842	1/1	1	3	NA	4	2193	11	25	75	NA	0.501595987232102
6801_Gorai.008G191000.1_AdigCon	847	1/1	1	3	NA	4	2193	11	25	75	NA	0.501595987232102
6801_Gorai.008G191000.1_AdigCon	848	1/1	1	3	NA	4	2193	11	25	75	NA	0.501595987232102
6801_Gorai.008G191000.1_AdigCon	885	1/1	1	3	NA	4	2193	11	25	75	NA	0.501595987232102
6801_Gorai.008G191000.1_AdigCon	895	1/1	0	5	NA	5	2193	11	0	100	NA	0.501595987232102
6801_Gorai.008G191000.1_AdigCon	922	1/1	0	5	NA	5	2193	11	0	100	NA	0.501595987232102
6801_Gorai.008G191000.1_AdigCon	928	1/1	0	5	NA	5	2193	11	0	100	NA	0.501595987232102
6801_Gorai.008G191000.1_AdigCon_3	895	1/1	0	7	NA	7	2193	4	0	100	NA	0.182398540811674
6801_Gorai.008G191000.1_AdigCon_3	922	1/1	0	5	NA	5	2193	4	0	100	NA	0.182398540811674
6801_Gorai.008G191000.1_AdigCon_3	928	1/1	0	5	NA	5	2193	4	0	100	NA	0.182398540811674
6801_Gorai.008G191000.1_AdigCon_3	935	1/1	0	5	NA	5	2193	4	0	100	NA	0.182398540811674
7115_Gorai.005G200400.1_AdigCon	2466	1/1	0	14	NA	14	2922	1	0	100	NA	0.0342231348391513
727_Gorai.011G026100.1_AdigCon_3	4983	1/1	3	9	NA	12	5099	2	25	75	NA	0.0392233771327711
727_Gorai.011G026100.1_AdigCon_3	5018	0/1	4	8	NA	12	5099	2	33	67	NA	0.0392233771327711
7780_Gorai.002G102000.1_P1_AdigCon	257	0/1	7	3	NA	10	1736	1	70	30	NA	0.0576036866359447
7887_Gorai.012G079600.3_AdigCon	2548	0/1	1	14	NA	15	2621	1	7	93	NA	0.0381533765738268
7887_Gorai.012G079600.3_AdigCon_3	2515	1/1	4	8	NA	12	2621	4	33	67	NA	0.152613506295307
7887_Gorai.012G079600.3_AdigCon_3	2524	1/1	4	9	NA	13	2621	4	31	69	NA	0.152613506295307
7887_Gorai.012G079600.3_AdigCon_3	2543	1/1	1	9	NA	10	2621	4	10	90	NA	0.152613506295307
7887_Gorai.012G079600.3_AdigCon_3	2548	1/1	1	9	NA	10	2621	4	10	90	NA	0.152613506295307
8071_Gorai.002G129300.6_P3_AdigCon	1362	1/1	1	7	NA	8	2114	4	12	88	NA	0.189214758751183
8071_Gorai.002G129300.6_P3_AdigCon	1377	1/1	0	9	NA	9	2114	4	0	100	NA	0.189214758751183
8071_Gorai.002G129300.6_P3_AdigCon	1839	1/1	2	8	NA	10	2114	4	20	80	NA	0.189214758751183
8071_Gorai.002G129300.6_P3_AdigCon	1858	1/1	2	9	NA	11	2114	4	18	82	NA	0.189214758751183
8071_Gorai.002G129300.6_P3_AdigCon_3	1229	1/1	1	3	NA	4	2114	4	25	75	NA	0.189214758751183
8071_Gorai.002G129300.6_P3_AdigCon_3	1237	1/1	0	4	NA	4	2114	4	0	100	NA	0.189214758751183
8071_Gorai.002G129300.6_P3_AdigCon_3	1362	1/1	0	10	NA	10	2114	4	0	100	NA	0.189214758751183
8071_Gorai.002G129300.6_P3_AdigCon_3	1377	1/1	2	8	NA	10	2114	4	20	80	NA	0.189214758751183
8697_Gorai.006G213600.4_AdigCon	239	0/1	13	6	NA	19	3234	1	68	32	NA	0.0309214594928881
