allele	position	GT	ref.reads	alt1.reads	alt2.reads	total.reads	length	var_sites	perc_ref	perc_alt1	perc_alt2	perc_variant
10149_Gorai.006G244400.2_P2_AgreM573	1391	1/1	0	12	NA	12	1602	3	0	100	NA	0.187265917602996
10149_Gorai.006G244400.2_P2_AgreM573	1451	1/1	0	7	NA	7	1602	3	0	100	NA	0.187265917602996
10149_Gorai.006G244400.2_P2_AgreM573	1488	0/1	3	3	NA	6	1602	3	50	50	NA	0.187265917602996
10149_Gorai.006G244400.2_P2_AgreM573_3	180	1/1	0	8	NA	8	1602	31	0	100	NA	1.93508114856429
10149_Gorai.006G244400.2_P2_AgreM573_3	1229	1/1	7	2	NA	9	1602	31	78	22	NA	1.93508114856429
10149_Gorai.006G244400.2_P2_AgreM573_3	1232	1/1	7	2	NA	9	1602	31	78	22	NA	1.93508114856429
10149_Gorai.006G244400.2_P2_AgreM573_3	1235	1/1	7	2	NA	9	1602	31	78	22	NA	1.93508114856429
10149_Gorai.006G244400.2_P2_AgreM573_3	1247	1/1	7	3	NA	10	1602	31	70	30	NA	1.93508114856429
10149_Gorai.006G244400.2_P2_AgreM573_3	1250	1/1	7	3	NA	10	1602	31	70	30	NA	1.93508114856429
10149_Gorai.006G244400.2_P2_AgreM573_3	1256	1/1	7	4	NA	11	1602	31	64	36	NA	1.93508114856429
10149_Gorai.006G244400.2_P2_AgreM573_3	1283	1/1	6	5	NA	11	1602	31	55	45	NA	1.93508114856429
10149_Gorai.006G244400.2_P2_AgreM573_3	1292	1/1	6	5	NA	11	1602	31	55	45	NA	1.93508114856429
10149_Gorai.006G244400.2_P2_AgreM573_3	1319	1/1	6	5	NA	11	1602	31	55	45	NA	1.93508114856429
10149_Gorai.006G244400.2_P2_AgreM573_3	1322	1/1	5	5	NA	10	1602	31	50	50	NA	1.93508114856429
10149_Gorai.006G244400.2_P2_AgreM573_3	1328	1/1	4	5	NA	9	1602	31	44	56	NA	1.93508114856429
10149_Gorai.006G244400.2_P2_AgreM573_3	1334	1/1	4	6	NA	10	1602	31	40	60	NA	1.93508114856429
10149_Gorai.006G244400.2_P2_AgreM573_3	1346	1/1	3	7	NA	10	1602	31	30	70	NA	1.93508114856429
10149_Gorai.006G244400.2_P2_AgreM573_3	1352	1/1	3	7	NA	10	1602	31	30	70	NA	1.93508114856429
10149_Gorai.006G244400.2_P2_AgreM573_3	1364	1/1	3	7	NA	10	1602	31	30	70	NA	1.93508114856429
10149_Gorai.006G244400.2_P2_AgreM573_3	1369	1/1	3	7	NA	10	1602	31	30	70	NA	1.93508114856429
10149_Gorai.006G244400.2_P2_AgreM573_3	1374	1/1	3	7	NA	10	1602	31	30	70	NA	1.93508114856429
10149_Gorai.006G244400.2_P2_AgreM573_3	1379	1/1	2	7	NA	9	1602	31	22	78	NA	1.93508114856429
10149_Gorai.006G244400.2_P2_AgreM573_3	1391	1/1	1	7	NA	8	1602	31	12	88	NA	1.93508114856429
10149_Gorai.006G244400.2_P2_AgreM573_3	1451	1/1	0	5	NA	5	1602	31	0	100	NA	1.93508114856429
10149_Gorai.006G244400.2_P2_AgreM573_3	1481	1/1	0	4	NA	4	1602	31	0	100	NA	1.93508114856429
10149_Gorai.006G244400.2_P2_AgreM573_3	1493	1/1	0	3	NA	3	1602	31	0	100	NA	1.93508114856429
10149_Gorai.006G244400.2_P2_AgreM573_3	1496	1/1	0	3	NA	3	1602	31	0	100	NA	1.93508114856429
10149_Gorai.006G244400.2_P2_AgreM573_3	1504	1/1	0	2	NA	2	1602	31	0	100	NA	1.93508114856429
10149_Gorai.006G244400.2_P2_AgreM573_3	1505	1/1	0	2	NA	2	1602	31	0	100	NA	1.93508114856429
10149_Gorai.006G244400.2_P2_AgreM573_3	1511	1/1	0	2	NA	2	1602	31	0	100	NA	1.93508114856429
10149_Gorai.006G244400.2_P2_AgreM573_3	1513	1/1	0	2	NA	2	1602	31	0	100	NA	1.93508114856429
10149_Gorai.006G244400.2_P2_AgreM573_3	1529	1/1	0	2	NA	2	1602	31	0	100	NA	1.93508114856429
10149_Gorai.006G244400.2_P2_AgreM573_3	1532	1/1	0	2	NA	2	1602	31	0	100	NA	1.93508114856429
10149_Gorai.006G244400.2_P2_AgreM573_3	1538	1/1	0	2	NA	2	1602	31	0	100	NA	1.93508114856429
10249_Gorai.004G099900.1_AgreM573	1575	1/1	14	8	NA	22	1910	1	64	36	NA	0.0523560209424084
10249_Gorai.004G099900.1_AgreM573_3	1575	1/1	14	5	NA	19	1910	1	74	26	NA	0.0523560209424084
10952_Gorai.010G135000.1_AgreM573	1501	0/1	5	2	NA	7	1650	1	71	29	NA	0.0606060606060606
11217_Gorai.002G050300.2_P1_AgreM573	217	1/1	4	13	NA	17	1365	13	24	76	NA	0.952380952380952
11217_Gorai.002G050300.2_P1_AgreM573	220	1/1	4	13	NA	17	1365	13	24	76	NA	0.952380952380952
11217_Gorai.002G050300.2_P1_AgreM573	313	1/1	2	7	NA	9	1365	13	22	78	NA	0.952380952380952
11217_Gorai.002G050300.2_P1_AgreM573	322	1/1	2	7	NA	9	1365	13	22	78	NA	0.952380952380952
11217_Gorai.002G050300.2_P1_AgreM573	362	1/1	1	4	NA	5	1365	13	20	80	NA	0.952380952380952
11217_Gorai.002G050300.2_P1_AgreM573	1054	0/1	19	7	NA	26	1365	13	73	27	NA	0.952380952380952
11217_Gorai.002G050300.2_P1_AgreM573	1060	0/1	17	10	NA	27	1365	13	63	37	NA	0.952380952380952
11217_Gorai.002G050300.2_P1_AgreM573	1063	0/1	14	14	NA	28	1365	13	50	50	NA	0.952380952380952
11217_Gorai.002G050300.2_P1_AgreM573	1099	0/1	12	16	NA	28	1365	13	43	57	NA	0.952380952380952
11217_Gorai.002G050300.2_P1_AgreM573	1129	0/1	23	12	NA	35	1365	13	66	34	NA	0.952380952380952
11217_Gorai.002G050300.2_P1_AgreM573	1135	0/1	10	23	NA	33	1365	13	30	70	NA	0.952380952380952
11217_Gorai.002G050300.2_P1_AgreM573	1198	1/1	4	24	NA	28	1365	13	14	86	NA	0.952380952380952
11217_Gorai.002G050300.2_P1_AgreM573	1321	1/1	0	13	NA	13	1365	13	0	100	NA	0.952380952380952
11217_Gorai.002G050300.2_P1_AgreM573_3	77	1/1	1	6	NA	7	1365	19	14	86	NA	1.39194139194139
11217_Gorai.002G050300.2_P1_AgreM573_3	217	1/1	3	23	NA	26	1365	19	12	88	NA	1.39194139194139
11217_Gorai.002G050300.2_P1_AgreM573_3	220	1/1	3	24	NA	27	1365	19	11	89	NA	1.39194139194139
11217_Gorai.002G050300.2_P1_AgreM573_3	953	1/1	14	5	NA	19	1365	19	74	26	NA	1.39194139194139
11217_Gorai.002G050300.2_P1_AgreM573_3	967	1/1	14	7	NA	21	1365	19	67	33	NA	1.39194139194139
11217_Gorai.002G050300.2_P1_AgreM573_3	973	1/1	13	7	NA	20	1365	19	65	35	NA	1.39194139194139
11217_Gorai.002G050300.2_P1_AgreM573_3	982	1/1	11	8	NA	19	1365	19	58	42	NA	1.39194139194139
11217_Gorai.002G050300.2_P1_AgreM573_3	994	1/1	11	8	NA	19	1365	19	58	42	NA	1.39194139194139
11217_Gorai.002G050300.2_P1_AgreM573_3	995	1/1	11	8	NA	19	1365	19	58	42	NA	1.39194139194139
11217_Gorai.002G050300.2_P1_AgreM573_3	1007	1/1	11	10	NA	21	1365	19	52	48	NA	1.39194139194139
11217_Gorai.002G050300.2_P1_AgreM573_3	1054	0/1	14	17	NA	31	1365	19	45	55	NA	1.39194139194139
11217_Gorai.002G050300.2_P1_AgreM573_3	1060	0/1	14	18	NA	32	1365	19	44	56	NA	1.39194139194139
11217_Gorai.002G050300.2_P1_AgreM573_3	1063	0/1	27	6	NA	33	1365	19	82	18	NA	1.39194139194139
11217_Gorai.002G050300.2_P1_AgreM573_3	1135	0/1	12	29	NA	41	1365	19	29	71	NA	1.39194139194139
11217_Gorai.002G050300.2_P1_AgreM573_3	1157	0/1	21	16	NA	37	1365	19	57	43	NA	1.39194139194139
11217_Gorai.002G050300.2_P1_AgreM573_3	1198	1/1	4	27	NA	31	1365	19	13	87	NA	1.39194139194139
11217_Gorai.002G050300.2_P1_AgreM573_3	1249	0/1	13	10	NA	23	1365	19	57	43	NA	1.39194139194139
11217_Gorai.002G050300.2_P1_AgreM573_3	1292	0/1	9	6	NA	15	1365	19	60	40	NA	1.39194139194139
11217_Gorai.002G050300.2_P1_AgreM573_3	1321	1/1	0	9	NA	9	1365	19	0	100	NA	1.39194139194139
11426_Gorai.011G126700.1_AgreM573	1200	1/1	3	12	NA	15	1706	15	20	80	NA	0.879249706916764
11426_Gorai.011G126700.1_AgreM573	1207	1/1	2	11	NA	13	1706	15	15	85	NA	0.879249706916764
11426_Gorai.011G126700.1_AgreM573	1227	1/1	0	13	NA	13	1706	15	0	100	NA	0.879249706916764
11426_Gorai.011G126700.1_AgreM573	1237	1/1	0	13	NA	13	1706	15	0	100	NA	0.879249706916764
11426_Gorai.011G126700.1_AgreM573	1245	1/1	0	13	NA	13	1706	15	0	100	NA	0.879249706916764
11426_Gorai.011G126700.1_AgreM573	1273	1/1	1	16	NA	17	1706	15	6	94	NA	0.879249706916764
11426_Gorai.011G126700.1_AgreM573	1282	1/1	1	14	NA	15	1706	15	7	93	NA	0.879249706916764
11426_Gorai.011G126700.1_AgreM573	1297	1/1	1	17	NA	18	1706	15	6	94	NA	0.879249706916764
11426_Gorai.011G126700.1_AgreM573	1381	1/1	1	22	NA	23	1706	15	4	96	NA	0.879249706916764
11426_Gorai.011G126700.1_AgreM573	1449	1/1	0	32	NA	32	1706	15	0	100	NA	0.879249706916764
11426_Gorai.011G126700.1_AgreM573	1482	1/1	0	32	NA	32	1706	15	0	100	NA	0.879249706916764
11426_Gorai.011G126700.1_AgreM573	1513	1/1	0	32	NA	32	1706	15	0	100	NA	0.879249706916764
11426_Gorai.011G126700.1_AgreM573	1519	1/1	0	31	NA	31	1706	15	0	100	NA	0.879249706916764
11426_Gorai.011G126700.1_AgreM573	1630	1/1	0	13	NA	13	1706	15	0	100	NA	0.879249706916764
11426_Gorai.011G126700.1_AgreM573	1640	1/1	0	11	NA	11	1706	15	0	100	NA	0.879249706916764
11426_Gorai.011G126700.1_AgreM573_3	1273	1/1	1	26	NA	27	1706	9	4	96	NA	0.527549824150059
11426_Gorai.011G126700.1_AgreM573_3	1297	1/1	1	24	NA	25	1706	9	4	96	NA	0.527549824150059
11426_Gorai.011G126700.1_AgreM573_3	1381	1/1	0	29	NA	29	1706	9	0	100	NA	0.527549824150059
11426_Gorai.011G126700.1_AgreM573_3	1449	1/1	0	34	NA	34	1706	9	0	100	NA	0.527549824150059
11426_Gorai.011G126700.1_AgreM573_3	1482	1/1	0	35	NA	35	1706	9	0	100	NA	0.527549824150059
11426_Gorai.011G126700.1_AgreM573_3	1513	1/1	0	33	NA	33	1706	9	0	100	NA	0.527549824150059
11426_Gorai.011G126700.1_AgreM573_3	1519	1/1	0	32	NA	32	1706	9	0	100	NA	0.527549824150059
11426_Gorai.011G126700.1_AgreM573_3	1630	1/1	0	15	NA	15	1706	9	0	100	NA	0.527549824150059
11426_Gorai.011G126700.1_AgreM573_3	1640	1/1	0	13	NA	13	1706	9	0	100	NA	0.527549824150059
1189_Gorai.008G016300.1_P1_AgreM573	176	1/1	0	33	NA	33	3823	8	0	100	NA	0.209259743656814
1189_Gorai.008G016300.1_P1_AgreM573	214	1/1	0	41	NA	41	3823	8	0	100	NA	0.209259743656814
1189_Gorai.008G016300.1_P1_AgreM573	260	1/1	0	36	NA	36	3823	8	0	100	NA	0.209259743656814
1189_Gorai.008G016300.1_P1_AgreM573	275	1/1	0	38	NA	38	3823	8	0	100	NA	0.209259743656814
1189_Gorai.008G016300.1_P1_AgreM573	377	1/1	0	33	NA	33	3823	8	0	100	NA	0.209259743656814
1189_Gorai.008G016300.1_P1_AgreM573	392	1/1	0	29	NA	29	3823	8	0	100	NA	0.209259743656814
1189_Gorai.008G016300.1_P1_AgreM573	398	1/1	0	29	NA	29	3823	8	0	100	NA	0.209259743656814
1189_Gorai.008G016300.1_P1_AgreM573	2685	1/1	0	28	NA	28	3823	8	0	100	NA	0.209259743656814
1189_Gorai.008G016300.1_P1_AgreM573_3	400	1/1	0	18	NA	18	3823	3	0	100	NA	0.0784724038713053
1189_Gorai.008G016300.1_P1_AgreM573_3	1817	1/1	5	24	NA	29	3823	3	17	83	NA	0.0784724038713053
1189_Gorai.008G016300.1_P1_AgreM573_3	2685	1/1	1	29	NA	30	3823	3	3	97	NA	0.0784724038713053
1189_Gorai.008G016300.1_P2_AgreM573	863	1/1	6	10	NA	16	3820	5	38	62	NA	0.130890052356021
1189_Gorai.008G016300.1_P2_AgreM573	1019	1/1	1	15	NA	16	3820	5	6	94	NA	0.130890052356021
1189_Gorai.008G016300.1_P2_AgreM573	2684	1/1	0	40	NA	40	3820	5	0	100	NA	0.130890052356021
1189_Gorai.008G016300.1_P2_AgreM573	2711	1/1	0	35	NA	35	3820	5	0	100	NA	0.130890052356021
1189_Gorai.008G016300.1_P2_AgreM573	2747	1/1	0	26	NA	26	3820	5	0	100	NA	0.130890052356021
1189_Gorai.008G016300.1_P2_AgreM573_3	863	1/1	6	17	NA	23	3820	5	26	74	NA	0.130890052356021
1189_Gorai.008G016300.1_P2_AgreM573_3	1019	1/1	2	17	NA	19	3820	5	11	89	NA	0.130890052356021
1189_Gorai.008G016300.1_P2_AgreM573_3	2699	1/1	0	20	NA	20	3820	5	0	100	NA	0.130890052356021
1189_Gorai.008G016300.1_P2_AgreM573_3	2723	1/1	0	26	NA	26	3820	5	0	100	NA	0.130890052356021
1189_Gorai.008G016300.1_P2_AgreM573_3	2810	1/1	0	42	NA	42	3820	5	0	100	NA	0.130890052356021
12798_Gorai.008G004800.1_AgreM573	741	0/1	5	3	NA	8	2041	4	62	38	NA	0.195982361587457
12798_Gorai.008G004800.1_AgreM573	780	0/1	5	3	NA	8	2041	4	62	38	NA	0.195982361587457
12798_Gorai.008G004800.1_AgreM573	786	0/1	5	2	NA	7	2041	4	71	29	NA	0.195982361587457
12798_Gorai.008G004800.1_AgreM573	1423	0/1	6	4	NA	10	2041	4	60	40	NA	0.195982361587457
1316_Gorai.010G255400.1_AgreM573	1350	1/1	0	6	NA	6	6082	1	0	100	NA	0.0164419598816179
1379_Gorai.007G259700.2_P2_AgreM573	3047	1/1	3	7	NA	10	3578	1	30	70	NA	0.0279485746226942
14121_Gorai.008G215800.2_AgreM573	598	0/1	5	4	NA	9	2668	4	56	44	NA	0.149925037481259
14121_Gorai.008G215800.2_AgreM573	1063	0/1	15	7	NA	22	2668	4	68	32	NA	0.149925037481259
14121_Gorai.008G215800.2_AgreM573	1150	0/1	13	7	NA	20	2668	4	65	35	NA	0.149925037481259
14121_Gorai.008G215800.2_AgreM573	1892	0/1	5	4	NA	9	2668	4	56	44	NA	0.149925037481259
1413_Gorai.001G037900.1_P2_AgreM573	59	1/1	8	4	NA	12	3048	29	67	33	NA	0.951443569553806
1413_Gorai.001G037900.1_P2_AgreM573	116	0/1	4	15	NA	19	3048	29	21	79	NA	0.951443569553806
1413_Gorai.001G037900.1_P2_AgreM573	131	0/1	3	15	NA	18	3048	29	17	83	NA	0.951443569553806
1413_Gorai.001G037900.1_P2_AgreM573	213	0/1	14	9	NA	23	3048	29	61	39	NA	0.951443569553806
1413_Gorai.001G037900.1_P2_AgreM573	245	0/1	4	19	NA	23	3048	29	17	83	NA	0.951443569553806
1413_Gorai.001G037900.1_P2_AgreM573	272	0/1	7	12	NA	19	3048	29	37	63	NA	0.951443569553806
1413_Gorai.001G037900.1_P2_AgreM573	276	0/1	7	11	NA	18	3048	29	39	61	NA	0.951443569553806
1413_Gorai.001G037900.1_P2_AgreM573	279	0/1	7	11	NA	18	3048	29	39	61	NA	0.951443569553806
1413_Gorai.001G037900.1_P2_AgreM573	293	0/1	7	8	NA	15	3048	29	47	53	NA	0.951443569553806
1413_Gorai.001G037900.1_P2_AgreM573	307	0/1	12	6	NA	18	3048	29	67	33	NA	0.951443569553806
1413_Gorai.001G037900.1_P2_AgreM573	322	0/1	14	6	NA	20	3048	29	70	30	NA	0.951443569553806
1413_Gorai.001G037900.1_P2_AgreM573	335	0/1	15	5	NA	20	3048	29	75	25	NA	0.951443569553806
1413_Gorai.001G037900.1_P2_AgreM573	345	0/1	14	5	NA	19	3048	29	74	26	NA	0.951443569553806
1413_Gorai.001G037900.1_P2_AgreM573	439	1/1	0	12	NA	12	3048	29	0	100	NA	0.951443569553806
1413_Gorai.001G037900.1_P2_AgreM573	488	1/1	0	8	NA	8	3048	29	0	100	NA	0.951443569553806
1413_Gorai.001G037900.1_P2_AgreM573	491	1/1	0	6	NA	6	3048	29	0	100	NA	0.951443569553806
1413_Gorai.001G037900.1_P2_AgreM573	498	1/1	0	5	NA	5	3048	29	0	100	NA	0.951443569553806
1413_Gorai.001G037900.1_P2_AgreM573	501	1/1	0	5	NA	5	3048	29	0	100	NA	0.951443569553806
1413_Gorai.001G037900.1_P2_AgreM573	507	1/1	0	4	NA	4	3048	29	0	100	NA	0.951443569553806
1413_Gorai.001G037900.1_P2_AgreM573	532	1/1	2	2	NA	4	3048	29	50	50	NA	0.951443569553806
1413_Gorai.001G037900.1_P2_AgreM573	2697	1/1	1	4	NA	5	3048	29	20	80	NA	0.951443569553806
1413_Gorai.001G037900.1_P2_AgreM573	2708	1/1	1	5	NA	6	3048	29	17	83	NA	0.951443569553806
1413_Gorai.001G037900.1_P2_AgreM573	2749	0/1	5	6	NA	11	3048	29	45	55	NA	0.951443569553806
1413_Gorai.001G037900.1_P2_AgreM573	2768	0/1	6	6	NA	12	3048	29	50	50	NA	0.951443569553806
1413_Gorai.001G037900.1_P2_AgreM573	2775	0/1	8	6	NA	14	3048	29	57	43	NA	0.951443569553806
1413_Gorai.001G037900.1_P2_AgreM573	2788	0/1	5	11	NA	16	3048	29	31	69	NA	0.951443569553806
1413_Gorai.001G037900.1_P2_AgreM573	2809	0/1	5	18	NA	23	3048	29	22	78	NA	0.951443569553806
1413_Gorai.001G037900.1_P2_AgreM573	2923	1/1	0	17	NA	17	3048	29	0	100	NA	0.951443569553806
1413_Gorai.001G037900.1_P2_AgreM573	2991	1/1	0	7	NA	7	3048	29	0	100	NA	0.951443569553806
1413_Gorai.001G037900.1_P2_AgreM573_3	116	0/1	3	15	NA	18	3048	27	17	83	NA	0.885826771653543
1413_Gorai.001G037900.1_P2_AgreM573_3	131	0/1	3	17	NA	20	3048	27	15	85	NA	0.885826771653543
1413_Gorai.001G037900.1_P2_AgreM573_3	245	1/1	3	25	NA	28	3048	27	11	89	NA	0.885826771653543
1413_Gorai.001G037900.1_P2_AgreM573_3	375	0/1	11	9	NA	20	3048	27	55	45	NA	0.885826771653543
1413_Gorai.001G037900.1_P2_AgreM573_3	402	0/1	5	10	NA	15	3048	27	33	67	NA	0.885826771653543
1413_Gorai.001G037900.1_P2_AgreM573_3	404	0/1	5	10	NA	15	3048	27	33	67	NA	0.885826771653543
1413_Gorai.001G037900.1_P2_AgreM573_3	431	0/1	3	9	NA	12	3048	27	25	75	NA	0.885826771653543
1413_Gorai.001G037900.1_P2_AgreM573_3	439	1/1	1	9	NA	10	3048	27	10	90	NA	0.885826771653543
1413_Gorai.001G037900.1_P2_AgreM573_3	488	1/1	0	5	NA	5	3048	27	0	100	NA	0.885826771653543
1413_Gorai.001G037900.1_P2_AgreM573_3	491	1/1	0	5	NA	5	3048	27	0	100	NA	0.885826771653543
1413_Gorai.001G037900.1_P2_AgreM573_3	2697	1/1	0	5	NA	5	3048	27	0	100	NA	0.885826771653543
1413_Gorai.001G037900.1_P2_AgreM573_3	2708	1/1	0	6	NA	6	3048	27	0	100	NA	0.885826771653543
1413_Gorai.001G037900.1_P2_AgreM573_3	2745	0/1	9	4	NA	13	3048	27	69	31	NA	0.885826771653543
1413_Gorai.001G037900.1_P2_AgreM573_3	2749	0/1	4	9	NA	13	3048	27	31	69	NA	0.885826771653543
1413_Gorai.001G037900.1_P2_AgreM573_3	2768	0/1	10	4	NA	14	3048	27	71	29	NA	0.885826771653543
1413_Gorai.001G037900.1_P2_AgreM573_3	2775	0/1	5	10	NA	15	3048	27	33	67	NA	0.885826771653543
1413_Gorai.001G037900.1_P2_AgreM573_3	2788	0/1	9	6	NA	15	3048	27	60	40	NA	0.885826771653543
1413_Gorai.001G037900.1_P2_AgreM573_3	2809	0/1	9	7	NA	16	3048	27	56	44	NA	0.885826771653543
1413_Gorai.001G037900.1_P2_AgreM573_3	2829	0/1	9	8	NA	17	3048	27	53	47	NA	0.885826771653543
1413_Gorai.001G037900.1_P2_AgreM573_3	2923	1/1	0	10	NA	10	3048	27	0	100	NA	0.885826771653543
1413_Gorai.001G037900.1_P2_AgreM573_3	2955	1/1	0	7	NA	7	3048	27	0	100	NA	0.885826771653543
1413_Gorai.001G037900.1_P2_AgreM573_3	2958	1/1	0	7	NA	7	3048	27	0	100	NA	0.885826771653543
1413_Gorai.001G037900.1_P2_AgreM573_3	2967	1/1	0	7	NA	7	3048	27	0	100	NA	0.885826771653543
1413_Gorai.001G037900.1_P2_AgreM573_3	2991	1/1	1	4	NA	5	3048	27	20	80	NA	0.885826771653543
1413_Gorai.001G037900.1_P2_AgreM573_3	3006	1/1	1	3	NA	4	3048	27	25	75	NA	0.885826771653543
1413_Gorai.001G037900.1_P2_AgreM573_3	3015	1/1	1	3	NA	4	3048	27	25	75	NA	0.885826771653543
1413_Gorai.001G037900.1_P2_AgreM573_3	3023	1/1	1	2	NA	3	3048	27	33	67	NA	0.885826771653543
14654_Gorai.005G220300.2_AgreM573	629	1/1	0	4	NA	4	3482	1	0	100	NA	0.0287191269385411
14654_Gorai.005G220300.2_AgreM573_3	1442	1/1	4	4	NA	8	3482	1	50	50	NA	0.0287191269385411
14985_Gorai.005G078200.3_AgreM573	188	1/1	5	7	NA	12	1815	17	42	58	NA	0.9366391184573
14985_Gorai.005G078200.3_AgreM573	201	1/1	5	8	NA	13	1815	17	38	62	NA	0.9366391184573
14985_Gorai.005G078200.3_AgreM573	207	1/1	5	8	NA	13	1815	17	38	62	NA	0.9366391184573
14985_Gorai.005G078200.3_AgreM573	222	1/1	5	8	NA	13	1815	17	38	62	NA	0.9366391184573
14985_Gorai.005G078200.3_AgreM573	231	1/1	5	8	NA	13	1815	17	38	62	NA	0.9366391184573
14985_Gorai.005G078200.3_AgreM573	240	1/1	4	8	NA	12	1815	17	33	67	NA	0.9366391184573
14985_Gorai.005G078200.3_AgreM573	242	1/1	4	8	NA	12	1815	17	33	67	NA	0.9366391184573
14985_Gorai.005G078200.3_AgreM573	245	1/1	4	9	NA	13	1815	17	31	69	NA	0.9366391184573
14985_Gorai.005G078200.3_AgreM573	252	1/1	2	10	NA	12	1815	17	17	83	NA	0.9366391184573
14985_Gorai.005G078200.3_AgreM573	288	1/1	1	9	NA	10	1815	17	10	90	NA	0.9366391184573
14985_Gorai.005G078200.3_AgreM573	315	1/1	1	9	NA	10	1815	17	10	90	NA	0.9366391184573
14985_Gorai.005G078200.3_AgreM573	326	1/1	1	8	NA	9	1815	17	11	89	NA	0.9366391184573
14985_Gorai.005G078200.3_AgreM573	327	1/1	1	8	NA	9	1815	17	11	89	NA	0.9366391184573
14985_Gorai.005G078200.3_AgreM573	336	1/1	1	8	NA	9	1815	17	11	89	NA	0.9366391184573
14985_Gorai.005G078200.3_AgreM573	339	1/1	1	8	NA	9	1815	17	11	89	NA	0.9366391184573
14985_Gorai.005G078200.3_AgreM573	342	1/1	1	8	NA	9	1815	17	11	89	NA	0.9366391184573
14985_Gorai.005G078200.3_AgreM573	396	1/1	0	6	NA	6	1815	17	0	100	NA	0.9366391184573
14985_Gorai.005G078200.3_AgreM573_3	252	1/1	1	17	NA	18	1815	4	6	94	NA	0.220385674931129
14985_Gorai.005G078200.3_AgreM573_3	288	1/1	0	19	NA	19	1815	4	0	100	NA	0.220385674931129
14985_Gorai.005G078200.3_AgreM573_3	342	1/1	0	17	NA	17	1815	4	0	100	NA	0.220385674931129
14985_Gorai.005G078200.3_AgreM573_3	396	1/1	0	11	NA	11	1815	4	0	100	NA	0.220385674931129
1609_Gorai.007G247300.1_P1_AgreM573	1831	1/1	1	28	NA	29	2572	1	3	97	NA	0.0388802488335925
1609_Gorai.007G247300.1_P1_AgreM573_3	1831	1/1	1	28	NA	29	2572	1	3	97	NA	0.0388802488335925
16199_Gorai.002G033000.1_AgreM573	777	1/1	0	6	NA	6	1389	1	0	100	NA	0.0719942404607631
1845_Gorai.010G178200.3_AgreM573	174	0/1	37	5	NA	42	822	23	88	12	NA	2.79805352798054
1845_Gorai.010G178200.3_AgreM573	194	0/1	40	5	NA	45	822	23	89	11	NA	2.79805352798054
1845_Gorai.010G178200.3_AgreM573	200	0/1	38	5	NA	43	822	23	88	12	NA	2.79805352798054
1845_Gorai.010G178200.3_AgreM573	201	0/1	39	5	NA	44	822	23	89	11	NA	2.79805352798054
1845_Gorai.010G178200.3_AgreM573	208	0/1	38	5	NA	43	822	23	88	12	NA	2.79805352798054
1845_Gorai.010G178200.3_AgreM573	213	0/1	38	6	NA	44	822	23	86	14	NA	2.79805352798054
1845_Gorai.010G178200.3_AgreM573	232	0/1	41	8	NA	49	822	23	84	16	NA	2.79805352798054
1845_Gorai.010G178200.3_AgreM573	233	0/1	41	8	NA	49	822	23	84	16	NA	2.79805352798054
1845_Gorai.010G178200.3_AgreM573	235	0/1	41	8	NA	49	822	23	84	16	NA	2.79805352798054
1845_Gorai.010G178200.3_AgreM573	248	0/1	44	9	NA	53	822	23	83	17	NA	2.79805352798054
1845_Gorai.010G178200.3_AgreM573	257	0/1	45	8	NA	53	822	23	85	15	NA	2.79805352798054
1845_Gorai.010G178200.3_AgreM573	283	0/1	37	12	NA	49	822	23	76	24	NA	2.79805352798054
1845_Gorai.010G178200.3_AgreM573	284	0/1	37	12	NA	49	822	23	76	24	NA	2.79805352798054
1845_Gorai.010G178200.3_AgreM573	289	0/1	37	12	NA	49	822	23	76	24	NA	2.79805352798054
1845_Gorai.010G178200.3_AgreM573	343	0/1	33	9	NA	42	822	23	79	21	NA	2.79805352798054
1845_Gorai.010G178200.3_AgreM573	346	0/1	33	9	NA	42	822	23	79	21	NA	2.79805352798054
1845_Gorai.010G178200.3_AgreM573	348	0/1	32	9	NA	41	822	23	78	22	NA	2.79805352798054
1845_Gorai.010G178200.3_AgreM573	349	0/1	32	9	NA	41	822	23	78	22	NA	2.79805352798054
1845_Gorai.010G178200.3_AgreM573	352	0/1	31	9	NA	40	822	23	78	22	NA	2.79805352798054
1845_Gorai.010G178200.3_AgreM573	408	0/1	24	5	NA	29	822	23	83	17	NA	2.79805352798054
1845_Gorai.010G178200.3_AgreM573	433	0/1	19	5	NA	24	822	23	79	21	NA	2.79805352798054
1845_Gorai.010G178200.3_AgreM573	435	0/1	19	5	NA	24	822	23	79	21	NA	2.79805352798054
1845_Gorai.010G178200.3_AgreM573	450	0/1	17	4	NA	21	822	23	81	19	NA	2.79805352798054
18821_Gorai.009G001000.2_AgreM573	1490	0/1	9	3	NA	12	1848	2	75	25	NA	0.108225108225108
18821_Gorai.009G001000.2_AgreM573	1493	0/1	9	3	NA	12	1848	2	75	25	NA	0.108225108225108
18825_Gorai.004G127500.3_AgreM573	210	1/1	16	22	NA	38	1259	4	42	58	NA	0.317712470214456
18825_Gorai.004G127500.3_AgreM573	338	1/1	8	33	NA	41	1259	4	20	80	NA	0.317712470214456
18825_Gorai.004G127500.3_AgreM573	453	1/1	6	32	NA	38	1259	4	16	84	NA	0.317712470214456
18825_Gorai.004G127500.3_AgreM573	883	1/1	0	41	NA	41	1259	4	0	100	NA	0.317712470214456
18825_Gorai.004G127500.3_AgreM573_3	338	1/1	5	24	NA	29	1259	31	17	83	NA	2.46227164416203
18825_Gorai.004G127500.3_AgreM573_3	378	1/1	8	20	NA	28	1259	31	29	71	NA	2.46227164416203
18825_Gorai.004G127500.3_AgreM573_3	820	1/1	2	15	NA	17	1259	31	12	88	NA	2.46227164416203
18825_Gorai.004G127500.3_AgreM573_3	829	0/1	13	5	NA	18	1259	31	72	28	NA	2.46227164416203
18825_Gorai.004G127500.3_AgreM573_3	844	1/1	0	17	NA	17	1259	31	0	100	NA	2.46227164416203
18825_Gorai.004G127500.3_AgreM573_3	847	0/1	5	12	NA	17	1259	31	29	71	NA	2.46227164416203
18825_Gorai.004G127500.3_AgreM573_3	859	0/1	6	14	NA	20	1259	31	30	70	NA	2.46227164416203
18825_Gorai.004G127500.3_AgreM573_3	877	0/1	7	14	NA	21	1259	31	33	67	NA	2.46227164416203
18825_Gorai.004G127500.3_AgreM573_3	880	0/1	14	7	NA	21	1259	31	67	33	NA	2.46227164416203
18825_Gorai.004G127500.3_AgreM573_3	883	1/1	0	21	NA	21	1259	31	0	100	NA	2.46227164416203
18825_Gorai.004G127500.3_AgreM573_3	886	0/1	8	15	NA	23	1259	31	35	65	NA	2.46227164416203
18825_Gorai.004G127500.3_AgreM573_3	889	0/1	15	9	NA	24	1259	31	62	38	NA	2.46227164416203
18825_Gorai.004G127500.3_AgreM573_3	910	0/1	15	10	NA	25	1259	31	60	40	NA	2.46227164416203
18825_Gorai.004G127500.3_AgreM573_3	955	0/1	18	10	NA	28	1259	31	64	36	NA	2.46227164416203
18825_Gorai.004G127500.3_AgreM573_3	960	0/1	21	9	NA	30	1259	31	70	30	NA	2.46227164416203
18825_Gorai.004G127500.3_AgreM573_3	970	0/1	22	10	NA	32	1259	31	69	31	NA	2.46227164416203
18825_Gorai.004G127500.3_AgreM573_3	978	0/1	23	9	NA	32	1259	31	72	28	NA	2.46227164416203
18825_Gorai.004G127500.3_AgreM573_3	979	0/1	22	10	NA	32	1259	31	69	31	NA	2.46227164416203
18825_Gorai.004G127500.3_AgreM573_3	991	0/1	10	20	NA	30	1259	31	33	67	NA	2.46227164416203
18825_Gorai.004G127500.3_AgreM573_3	994	0/1	10	20	NA	30	1259	31	33	67	NA	2.46227164416203
18825_Gorai.004G127500.3_AgreM573_3	997	0/1	21	10	NA	31	1259	31	68	32	NA	2.46227164416203
18825_Gorai.004G127500.3_AgreM573_3	1033	0/1	16	9	NA	25	1259	31	64	36	NA	2.46227164416203
18825_Gorai.004G127500.3_AgreM573_3	1039	0/1	16	8	NA	24	1259	31	67	33	NA	2.46227164416203
18825_Gorai.004G127500.3_AgreM573_3	1060	1/1	4	19	NA	23	1259	31	17	83	NA	2.46227164416203
18825_Gorai.004G127500.3_AgreM573_3	1066	0/1	16	7	NA	23	1259	31	70	30	NA	2.46227164416203
18825_Gorai.004G127500.3_AgreM573_3	1075	1/1	6	18	NA	24	1259	31	25	75	NA	2.46227164416203
18825_Gorai.004G127500.3_AgreM573_3	1081	0/1	13	11	NA	24	1259	31	54	46	NA	2.46227164416203
18825_Gorai.004G127500.3_AgreM573_3	1096	0/1	18	5	NA	23	1259	31	78	22	NA	2.46227164416203
18825_Gorai.004G127500.3_AgreM573_3	1102	0/1	18	5	NA	23	1259	31	78	22	NA	2.46227164416203
18825_Gorai.004G127500.3_AgreM573_3	1111	0/1	13	9	NA	22	1259	31	59	41	NA	2.46227164416203
18825_Gorai.004G127500.3_AgreM573_3	1117	0/1	13	7	NA	20	1259	31	65	35	NA	2.46227164416203
18966_Gorai.006G049000.1_P1_AgreM573	93	0/1	8	5	NA	13	1705	43	62	38	NA	2.52199413489736
18966_Gorai.006G049000.1_P1_AgreM573	114	0/1	11	7	NA	18	1705	43	61	39	NA	2.52199413489736
18966_Gorai.006G049000.1_P1_AgreM573	132	0/1	12	10	NA	22	1705	43	55	45	NA	2.52199413489736
18966_Gorai.006G049000.1_P1_AgreM573	138	0/1	15	7	NA	22	1705	43	68	32	NA	2.52199413489736
18966_Gorai.006G049000.1_P1_AgreM573	213	0/1	22	9	NA	31	1705	43	71	29	NA	2.52199413489736
18966_Gorai.006G049000.1_P1_AgreM573	216	0/1	22	9	NA	31	1705	43	71	29	NA	2.52199413489736
18966_Gorai.006G049000.1_P1_AgreM573	219	0/1	17	14	NA	31	1705	43	55	45	NA	2.52199413489736
18966_Gorai.006G049000.1_P1_AgreM573	243	0/1	17	8	NA	25	1705	43	68	32	NA	2.52199413489736
18966_Gorai.006G049000.1_P1_AgreM573	246	0/1	24	8	NA	32	1705	43	75	25	NA	2.52199413489736
18966_Gorai.006G049000.1_P1_AgreM573	255	0/1	22	8	NA	30	1705	43	73	27	NA	2.52199413489736
18966_Gorai.006G049000.1_P1_AgreM573	261	0/1	23	7	NA	30	1705	43	77	23	NA	2.52199413489736
18966_Gorai.006G049000.1_P1_AgreM573	282	0/1	16	11	NA	27	1705	43	59	41	NA	2.52199413489736
18966_Gorai.006G049000.1_P1_AgreM573	345	0/1	14	2	NA	16	1705	43	88	12	NA	2.52199413489736
18966_Gorai.006G049000.1_P1_AgreM573	348	0/1	10	5	NA	15	1705	43	67	33	NA	2.52199413489736
18966_Gorai.006G049000.1_P1_AgreM573	680	0/1	3	2	NA	5	1705	43	60	40	NA	2.52199413489736
18966_Gorai.006G049000.1_P1_AgreM573	703	0/1	4	5	NA	9	1705	43	44	56	NA	2.52199413489736
18966_Gorai.006G049000.1_P1_AgreM573	748	0/1	5	5	NA	10	1705	43	50	50	NA	2.52199413489736
18966_Gorai.006G049000.1_P1_AgreM573	760	0/1	5	4	NA	9	1705	43	56	44	NA	2.52199413489736
18966_Gorai.006G049000.1_P1_AgreM573	769	1/1	0	8	NA	8	1705	43	0	100	NA	2.52199413489736
18966_Gorai.006G049000.1_P1_AgreM573	775	0/1	7	4	NA	11	1705	43	64	36	NA	2.52199413489736
18966_Gorai.006G049000.1_P1_AgreM573	802	0/1	11	3	NA	14	1705	43	79	21	NA	2.52199413489736
18966_Gorai.006G049000.1_P1_AgreM573	805	0/1	8	5	NA	13	1705	43	62	38	NA	2.52199413489736
18966_Gorai.006G049000.1_P1_AgreM573	820	0/1	7	7	NA	14	1705	43	50	50	NA	2.52199413489736
18966_Gorai.006G049000.1_P1_AgreM573	826	0/1	5	9	NA	14	1705	43	36	64	NA	2.52199413489736
18966_Gorai.006G049000.1_P1_AgreM573	874	0/1	6	7	NA	13	1705	43	46	54	NA	2.52199413489736
18966_Gorai.006G049000.1_P1_AgreM573	901	0/1	8	5	NA	13	1705	43	62	38	NA	2.52199413489736
18966_Gorai.006G049000.1_P1_AgreM573	904	0/1	8	4	NA	12	1705	43	67	33	NA	2.52199413489736
18966_Gorai.006G049000.1_P1_AgreM573	910	0/1	9	4	NA	13	1705	43	69	31	NA	2.52199413489736
18966_Gorai.006G049000.1_P1_AgreM573	1294	1/1	20	30	NA	50	1705	43	40	60	NA	2.52199413489736
18966_Gorai.006G049000.1_P1_AgreM573	1327	1/1	22	23	NA	45	1705	43	49	51	NA	2.52199413489736
18966_Gorai.006G049000.1_P1_AgreM573	1330	1/1	23	21	NA	44	1705	43	52	48	NA	2.52199413489736
18966_Gorai.006G049000.1_P1_AgreM573	1345	1/1	11	20	NA	31	1705	43	35	65	NA	2.52199413489736
18966_Gorai.006G049000.1_P1_AgreM573	1447	0/1	34	21	NA	55	1705	43	62	38	NA	2.52199413489736
18966_Gorai.006G049000.1_P1_AgreM573	1453	0/1	35	21	NA	56	1705	43	62	38	NA	2.52199413489736
18966_Gorai.006G049000.1_P1_AgreM573	1456	0/1	34	21	NA	55	1705	43	62	38	NA	2.52199413489736
18966_Gorai.006G049000.1_P1_AgreM573	1471	0/1	38	20	NA	58	1705	43	66	34	NA	2.52199413489736
18966_Gorai.006G049000.1_P1_AgreM573	1495	0/1	28	23	NA	51	1705	43	55	45	NA	2.52199413489736
18966_Gorai.006G049000.1_P1_AgreM573	1504	0/1	43	18	NA	61	1705	43	70	30	NA	2.52199413489736
18966_Gorai.006G049000.1_P1_AgreM573	1514	0/1	42	16	NA	58	1705	43	72	28	NA	2.52199413489736
18966_Gorai.006G049000.1_P1_AgreM573	1546	0/1	23	24	NA	47	1705	43	49	51	NA	2.52199413489736
18966_Gorai.006G049000.1_P1_AgreM573	1576	0/1	24	24	NA	48	1705	43	50	50	NA	2.52199413489736
18966_Gorai.006G049000.1_P1_AgreM573	1579	0/1	37	12	NA	49	1705	43	76	24	NA	2.52199413489736
18966_Gorai.006G049000.1_P1_AgreM573	1606	0/1	21	22	NA	43	1705	43	49	51	NA	2.52199413489736
18966_Gorai.006G049000.1_P1_AgreM573_3	219	1/1	10	9	NA	19	1705	19	53	47	NA	1.11436950146628
18966_Gorai.006G049000.1_P1_AgreM573_3	769	1/1	0	9	NA	9	1705	19	0	100	NA	1.11436950146628
18966_Gorai.006G049000.1_P1_AgreM573_3	1163	0/1	27	14	NA	41	1705	19	66	34	NA	1.11436950146628
18966_Gorai.006G049000.1_P1_AgreM573_3	1174	0/1	28	14	NA	42	1705	19	67	33	NA	1.11436950146628
18966_Gorai.006G049000.1_P1_AgreM573_3	1183	0/1	28	15	NA	43	1705	19	65	35	NA	1.11436950146628
18966_Gorai.006G049000.1_P1_AgreM573_3	1198	0/1	29	16	NA	45	1705	19	64	36	NA	1.11436950146628
18966_Gorai.006G049000.1_P1_AgreM573_3	1264	0/1	26	21	NA	47	1705	19	55	45	NA	1.11436950146628
18966_Gorai.006G049000.1_P1_AgreM573_3	1307	0/1	46	13	NA	59	1705	19	78	22	NA	1.11436950146628
18966_Gorai.006G049000.1_P1_AgreM573_3	1393	0/1	64	19	NA	83	1705	19	77	23	NA	1.11436950146628
18966_Gorai.006G049000.1_P1_AgreM573_3	1432	0/1	64	29	NA	93	1705	19	69	31	NA	1.11436950146628
18966_Gorai.006G049000.1_P1_AgreM573_3	1441	0/1	52	40	NA	92	1705	19	57	43	NA	1.11436950146628
18966_Gorai.006G049000.1_P1_AgreM573_3	1480	0/1	57	36	NA	93	1705	19	61	39	NA	1.11436950146628
18966_Gorai.006G049000.1_P1_AgreM573_3	1483	0/1	58	34	NA	92	1705	19	63	37	NA	1.11436950146628
18966_Gorai.006G049000.1_P1_AgreM573_3	1495	0/1	34	35	NA	69	1705	19	49	51	NA	1.11436950146628
18966_Gorai.006G049000.1_P1_AgreM573_3	1519	0/1	49	36	NA	85	1705	19	58	42	NA	1.11436950146628
18966_Gorai.006G049000.1_P1_AgreM573_3	1552	0/1	45	35	NA	80	1705	19	56	44	NA	1.11436950146628
18966_Gorai.006G049000.1_P1_AgreM573_3	1628	1/1	13	20	NA	33	1705	19	39	61	NA	1.11436950146628
18966_Gorai.006G049000.1_P1_AgreM573_3	1636	1/1	8	23	NA	31	1705	19	26	74	NA	1.11436950146628
18966_Gorai.006G049000.1_P1_AgreM573_3	1648	1/1	8	16	NA	24	1705	19	33	67	NA	1.11436950146628
19864_Gorai.001G236500.2_P3_AgreM573	888	1/1	0	2	NA	2	1320	13	0	100	NA	0.984848484848485
19864_Gorai.001G236500.2_P3_AgreM573	889	1/1	0	3	NA	3	1320	13	0	100	NA	0.984848484848485
19864_Gorai.001G236500.2_P3_AgreM573	897	1/1	0	5	NA	5	1320	13	0	100	NA	0.984848484848485
19864_Gorai.001G236500.2_P3_AgreM573	930	0/1	5	6	NA	11	1320	13	45	55	NA	0.984848484848485
19864_Gorai.001G236500.2_P3_AgreM573	942	1/1	1	11	NA	12	1320	13	8	92	NA	0.984848484848485
19864_Gorai.001G236500.2_P3_AgreM573	972	1/1	1	8	NA	9	1320	13	11	89	NA	0.984848484848485
19864_Gorai.001G236500.2_P3_AgreM573	987	0/1	8	8	NA	16	1320	13	50	50	NA	0.984848484848485
19864_Gorai.001G236500.2_P3_AgreM573	1037	1/1	4	14	NA	18	1320	13	22	78	NA	0.984848484848485
19864_Gorai.001G236500.2_P3_AgreM573	1044	1/1	4	14	NA	18	1320	13	22	78	NA	0.984848484848485
19864_Gorai.001G236500.2_P3_AgreM573	1053	1/1	10	8	NA	18	1320	13	56	44	NA	0.984848484848485
19864_Gorai.001G236500.2_P3_AgreM573	1061	1/1	4	14	NA	18	1320	13	22	78	NA	0.984848484848485
19864_Gorai.001G236500.2_P3_AgreM573	1068	1/1	10	8	NA	18	1320	13	56	44	NA	0.984848484848485
19864_Gorai.001G236500.2_P3_AgreM573	1073	1/1	10	8	NA	18	1320	13	56	44	NA	0.984848484848485
19864_Gorai.001G236500.2_P3_AgreM573_3	942	1/1	0	16	NA	16	1320	5	0	100	NA	0.378787878787879
19864_Gorai.001G236500.2_P3_AgreM573_3	1037	1/1	3	18	NA	21	1320	5	14	86	NA	0.378787878787879
19864_Gorai.001G236500.2_P3_AgreM573_3	1044	1/1	3	19	NA	22	1320	5	14	86	NA	0.378787878787879
19864_Gorai.001G236500.2_P3_AgreM573_3	1061	1/1	3	20	NA	23	1320	5	13	87	NA	0.378787878787879
19864_Gorai.001G236500.2_P3_AgreM573_3	1128	0/1	11	8	NA	19	1320	5	58	42	NA	0.378787878787879
19901_Gorai.012G089500.2_P2_AgreM573	548	0/1	5	3	NA	8	1169	7	62	38	NA	0.598802395209581
19901_Gorai.012G089500.2_P2_AgreM573	571	0/1	5	3	NA	8	1169	7	62	38	NA	0.598802395209581
19901_Gorai.012G089500.2_P2_AgreM573	583	0/1	5	3	NA	8	1169	7	62	38	NA	0.598802395209581
19901_Gorai.012G089500.2_P2_AgreM573	647	0/1	7	3	NA	10	1169	7	70	30	NA	0.598802395209581
19901_Gorai.012G089500.2_P2_AgreM573	655	0/1	7	3	NA	10	1169	7	70	30	NA	0.598802395209581
19901_Gorai.012G089500.2_P2_AgreM573	658	0/1	7	3	NA	10	1169	7	70	30	NA	0.598802395209581
19901_Gorai.012G089500.2_P2_AgreM573	667	0/1	7	3	NA	10	1169	7	70	30	NA	0.598802395209581
20128_Gorai.004G000900.2_P1_AgreM573	144	0/1	6	3	NA	9	1855	2	67	33	NA	0.107816711590297
20128_Gorai.004G000900.2_P1_AgreM573	1722	0/1	10	3	NA	13	1855	2	77	23	NA	0.107816711590297
20128_Gorai.004G000900.2_P2_AgreM573	134	0/1	6	4	NA	10	1642	5	60	40	NA	0.304506699147381
20128_Gorai.004G000900.2_P2_AgreM573	173	0/1	6	4	NA	10	1642	5	60	40	NA	0.304506699147381
20128_Gorai.004G000900.2_P2_AgreM573	185	0/1	6	4	NA	10	1642	5	60	40	NA	0.304506699147381
20128_Gorai.004G000900.2_P2_AgreM573	215	0/1	7	4	NA	11	1642	5	64	36	NA	0.304506699147381
20128_Gorai.004G000900.2_P2_AgreM573	230	0/1	7	4	NA	11	1642	5	64	36	NA	0.304506699147381
20156_Gorai.004G099500.2_AgreM573	1196	0/1	11	5	NA	16	1382	1	69	31	NA	0.0723589001447178
20385_Gorai.012G081900.6_AgreM573	771	0/1	7	3	NA	10	2275	3	70	30	NA	0.131868131868132
20385_Gorai.012G081900.6_AgreM573	1690	0/1	5	4	NA	9	2275	3	56	44	NA	0.131868131868132
20385_Gorai.012G081900.6_AgreM573	1705	0/1	5	4	NA	9	2275	3	56	44	NA	0.131868131868132
20686_Gorai.013G120800.2_P1_AgreM573	1080	1/1	6	11	NA	17	1773	25	35	65	NA	1.41003948110547
20686_Gorai.013G120800.2_P1_AgreM573	1158	0/1	7	11	NA	18	1773	25	39	61	NA	1.41003948110547
20686_Gorai.013G120800.2_P1_AgreM573	1183	0/1	15	4	NA	19	1773	25	79	21	NA	1.41003948110547
20686_Gorai.013G120800.2_P1_AgreM573	1243	0/1	15	7	NA	22	1773	25	68	32	NA	1.41003948110547
20686_Gorai.013G120800.2_P1_AgreM573	1268	0/1	14	7	NA	21	1773	25	67	33	NA	1.41003948110547
20686_Gorai.013G120800.2_P1_AgreM573	1269	0/1	14	8	NA	22	1773	25	64	36	NA	1.41003948110547
20686_Gorai.013G120800.2_P1_AgreM573	1287	0/1	16	8	NA	24	1773	25	67	33	NA	1.41003948110547
20686_Gorai.013G120800.2_P1_AgreM573	1295	0/1	16	7	NA	23	1773	25	70	30	NA	1.41003948110547
20686_Gorai.013G120800.2_P1_AgreM573	1296	0/1	15	7	NA	22	1773	25	68	32	NA	1.41003948110547
20686_Gorai.013G120800.2_P1_AgreM573	1301	0/1	15	7	NA	22	1773	25	68	32	NA	1.41003948110547
20686_Gorai.013G120800.2_P1_AgreM573	1305	0/1	16	7	NA	23	1773	25	70	30	NA	1.41003948110547
20686_Gorai.013G120800.2_P1_AgreM573	1320	0/1	15	7	NA	22	1773	25	68	32	NA	1.41003948110547
20686_Gorai.013G120800.2_P1_AgreM573	1323	0/1	15	7	NA	22	1773	25	68	32	NA	1.41003948110547
20686_Gorai.013G120800.2_P1_AgreM573	1324	0/1	15	7	NA	22	1773	25	68	32	NA	1.41003948110547
20686_Gorai.013G120800.2_P1_AgreM573	1337	0/1	13	6	NA	19	1773	25	68	32	NA	1.41003948110547
20686_Gorai.013G120800.2_P1_AgreM573	1338	0/1	13	6	NA	19	1773	25	68	32	NA	1.41003948110547
20686_Gorai.013G120800.2_P1_AgreM573	1339	0/1	12	6	NA	18	1773	25	67	33	NA	1.41003948110547
20686_Gorai.013G120800.2_P1_AgreM573	1348	0/1	10	8	NA	18	1773	25	56	44	NA	1.41003948110547
20686_Gorai.013G120800.2_P1_AgreM573	1349	0/1	11	8	NA	19	1773	25	58	42	NA	1.41003948110547
20686_Gorai.013G120800.2_P1_AgreM573	1361	0/1	12	9	NA	21	1773	25	57	43	NA	1.41003948110547
20686_Gorai.013G120800.2_P1_AgreM573	1595	1/1	0	30	NA	30	1773	25	0	100	NA	1.41003948110547
20686_Gorai.013G120800.2_P1_AgreM573	1649	1/1	0	25	NA	25	1773	25	0	100	NA	1.41003948110547
20686_Gorai.013G120800.2_P1_AgreM573	1667	0/1	12	7	NA	19	1773	25	63	37	NA	1.41003948110547
20686_Gorai.013G120800.2_P1_AgreM573	1691	1/1	0	15	NA	15	1773	25	0	100	NA	1.41003948110547
20686_Gorai.013G120800.2_P1_AgreM573	1694	0/1	7	7	NA	14	1773	25	50	50	NA	1.41003948110547
20686_Gorai.013G120800.2_P1_AgreM573_3	1080	0/1	2	12	NA	14	1773	10	14	86	NA	0.564015792442188
20686_Gorai.013G120800.2_P1_AgreM573_3	1158	0/1	6	11	NA	17	1773	10	35	65	NA	0.564015792442188
20686_Gorai.013G120800.2_P1_AgreM573_3	1361	0/1	11	6	NA	17	1773	10	65	35	NA	0.564015792442188
20686_Gorai.013G120800.2_P1_AgreM573_3	1385	0/1	12	8	NA	20	1773	10	60	40	NA	0.564015792442188
20686_Gorai.013G120800.2_P1_AgreM573_3	1406	0/1	10	8	NA	18	1773	10	56	44	NA	0.564015792442188
20686_Gorai.013G120800.2_P1_AgreM573_3	1436	1/1	8	13	NA	21	1773	10	38	62	NA	0.564015792442188
20686_Gorai.013G120800.2_P1_AgreM573_3	1529	0/1	16	15	NA	31	1773	10	52	48	NA	0.564015792442188
20686_Gorai.013G120800.2_P1_AgreM573_3	1595	1/1	0	27	NA	27	1773	10	0	100	NA	0.564015792442188
20686_Gorai.013G120800.2_P1_AgreM573_3	1649	1/1	0	24	NA	24	1773	10	0	100	NA	0.564015792442188
20686_Gorai.013G120800.2_P1_AgreM573_3	1691	1/1	0	18	NA	18	1773	10	0	100	NA	0.564015792442188
20686_Gorai.013G120800.2_P2_AgreM573	268	1/1	0	6	NA	6	1560	1	0	100	NA	0.0641025641025641
20686_Gorai.013G120800.2_P2_AgreM573_3	268	1/1	0	5	NA	5	1560	2	0	100	NA	0.128205128205128
20686_Gorai.013G120800.2_P2_AgreM573_3	342	1/1	0	2	NA	2	1560	2	0	100	NA	0.128205128205128
20698_Gorai.012G015200.1_AgreM573	1745	0/1	5	4	NA	9	2080	1	56	44	NA	0.0480769230769231
20778_Gorai.005G183500.2_P1_AgreM573	286	0/1	4	2	NA	6	1246	9	67	33	NA	0.7223113964687
20778_Gorai.005G183500.2_P1_AgreM573	292	0/1	4	2	NA	6	1246	9	67	33	NA	0.7223113964687
20778_Gorai.005G183500.2_P1_AgreM573	304	0/1	3	4	NA	7	1246	9	43	57	NA	0.7223113964687
20778_Gorai.005G183500.2_P1_AgreM573	328	0/1	4	5	NA	9	1246	9	44	56	NA	0.7223113964687
20778_Gorai.005G183500.2_P1_AgreM573	382	0/1	4	5	NA	9	1246	9	44	56	NA	0.7223113964687
20778_Gorai.005G183500.2_P1_AgreM573	403	0/1	4	4	NA	8	1246	9	50	50	NA	0.7223113964687
20778_Gorai.005G183500.2_P1_AgreM573	927	0/1	7	4	NA	11	1246	9	64	36	NA	0.7223113964687
20778_Gorai.005G183500.2_P1_AgreM573	936	0/1	7	4	NA	11	1246	9	64	36	NA	0.7223113964687
20778_Gorai.005G183500.2_P1_AgreM573	960	0/1	7	4	NA	11	1246	9	64	36	NA	0.7223113964687
20778_Gorai.005G183500.2_P2_AgreM573	112	0/1	5	3	NA	8	1328	1	62	38	NA	0.0753012048192771
20969_Gorai.009G224800.1_P1_AgreM573	54	0/1	5	2	NA	7	1086	2	71	29	NA	0.184162062615101
20969_Gorai.009G224800.1_P1_AgreM573	69	0/1	5	2	NA	7	1086	2	71	29	NA	0.184162062615101
20969_Gorai.009G224800.1_P2_AgreM573	594	0/1	6	3	NA	9	998	6	67	33	NA	0.601202404809619
20969_Gorai.009G224800.1_P2_AgreM573	597	0/1	6	3	NA	9	998	6	67	33	NA	0.601202404809619
20969_Gorai.009G224800.1_P2_AgreM573	606	0/1	6	3	NA	9	998	6	67	33	NA	0.601202404809619
20969_Gorai.009G224800.1_P2_AgreM573	627	0/1	5	4	NA	9	998	6	56	44	NA	0.601202404809619
20969_Gorai.009G224800.1_P2_AgreM573	648	0/1	6	3	NA	9	998	6	67	33	NA	0.601202404809619
20969_Gorai.009G224800.1_P2_AgreM573	660	0/1	5	3	NA	8	998	6	62	38	NA	0.601202404809619
22498_Gorai.008G154500.1_P1_AgreM573	1283	0/1	17	9	NA	26	1487	1	65	35	NA	0.0672494956287828
23015_Gorai.006G017800.1_AgreM573	78	0/1	4	2	NA	6	1667	2	67	33	NA	0.11997600479904
23015_Gorai.006G017800.1_AgreM573	1095	0/1	5	4	NA	9	1667	2	56	44	NA	0.11997600479904
23196_Gorai.007G238700.2_P2_AgreM573	149	0/1	16	3	NA	19	1535	3	84	16	NA	0.195439739413681
23196_Gorai.007G238700.2_P2_AgreM573	317	0/1	19	4	NA	23	1535	3	83	17	NA	0.195439739413681
23196_Gorai.007G238700.2_P2_AgreM573	826	0/1	7	3	NA	10	1535	3	70	30	NA	0.195439739413681
23627_Gorai.009G068200.1_P1_AgreM573	1088	0/1	14	3	NA	17	1324	9	82	18	NA	0.6797583081571
23627_Gorai.009G068200.1_P1_AgreM573	1166	0/1	17	3	NA	20	1324	9	85	15	NA	0.6797583081571
23627_Gorai.009G068200.1_P1_AgreM573	1172	0/1	16	3	NA	19	1324	9	84	16	NA	0.6797583081571
23627_Gorai.009G068200.1_P1_AgreM573	1217	0/1	10	4	NA	14	1324	9	71	29	NA	0.6797583081571
23627_Gorai.009G068200.1_P1_AgreM573	1220	0/1	10	4	NA	14	1324	9	71	29	NA	0.6797583081571
23627_Gorai.009G068200.1_P1_AgreM573	1232	0/1	9	3	NA	12	1324	9	75	25	NA	0.6797583081571
23627_Gorai.009G068200.1_P1_AgreM573	1238	0/1	7	3	NA	10	1324	9	70	30	NA	0.6797583081571
23627_Gorai.009G068200.1_P1_AgreM573	1247	0/1	6	3	NA	9	1324	9	67	33	NA	0.6797583081571
23627_Gorai.009G068200.1_P1_AgreM573	1256	0/1	4	3	NA	7	1324	9	57	43	NA	0.6797583081571
25151_Gorai.003G119300.1_AgreM573	417	0/1	4	4	NA	8	1478	4	50	50	NA	0.27063599458728
25151_Gorai.003G119300.1_AgreM573	425	0/1	4	4	NA	8	1478	4	50	50	NA	0.27063599458728
25151_Gorai.003G119300.1_AgreM573	476	0/1	4	3	NA	7	1478	4	57	43	NA	0.27063599458728
25151_Gorai.003G119300.1_AgreM573	826	0/1	5	3	NA	8	1478	4	62	38	NA	0.27063599458728
26615_Gorai.002G267900.1_AgreM573	436	1/1	0	4	NA	4	1350	5	0	100	NA	0.37037037037037
26615_Gorai.002G267900.1_AgreM573	452	1/1	0	4	NA	4	1350	5	0	100	NA	0.37037037037037
26615_Gorai.002G267900.1_AgreM573	464	1/1	0	4	NA	4	1350	5	0	100	NA	0.37037037037037
26615_Gorai.002G267900.1_AgreM573	577	1/1	0	5	NA	5	1350	5	0	100	NA	0.37037037037037
26615_Gorai.002G267900.1_AgreM573	578	1/1	0	5	NA	5	1350	5	0	100	NA	0.37037037037037
26615_Gorai.002G267900.1_AgreM573_3	577	1/1	0	6	NA	6	1350	2	0	100	NA	0.148148148148148
26615_Gorai.002G267900.1_AgreM573_3	578	1/1	0	6	NA	6	1350	2	0	100	NA	0.148148148148148
26754_Gorai.007G066400.1_AgreM573	454	0/1	5	4	NA	9	1364	1	56	44	NA	0.0733137829912024
26817_Gorai.006G128500.1_P2_AgreM573	51	1/1	0	6	NA	6	853	3	0	100	NA	0.351699882766706
26817_Gorai.006G128500.1_P2_AgreM573	53	1/1	0	7	NA	7	853	3	0	100	NA	0.351699882766706
26817_Gorai.006G128500.1_P2_AgreM573	61	1/1	0	9	NA	9	853	3	0	100	NA	0.351699882766706
26817_Gorai.006G128500.1_P2_AgreM573_3	51	1/1	0	2	NA	2	853	3	0	100	NA	0.351699882766706
26817_Gorai.006G128500.1_P2_AgreM573_3	53	1/1	0	2	NA	2	853	3	0	100	NA	0.351699882766706
26817_Gorai.006G128500.1_P2_AgreM573_3	61	1/1	0	2	NA	2	853	3	0	100	NA	0.351699882766706
27868_Gorai.009G193000.1_AgreM573	190	0/1	20	9	NA	29	1385	1	69	31	NA	0.0722021660649819
2941_Gorai.003G152700.2_AgreM573	351	1/1	0	8	NA	8	1634	1	0	100	NA	0.0611995104039168
2952_Gorai.003G119600.1_AgreM573	2862	1/1	0	5	NA	5	3180	1	0	100	NA	0.0314465408805031
2952_Gorai.003G119600.1_AgreM573_3	2862	1/1	0	8	NA	8	3180	1	0	100	NA	0.0314465408805031
3084_Gorai.009G072000.2_AgreM573	183	1/1	3	38	NA	41	2185	1	7	93	NA	0.045766590389016
3084_Gorai.009G072000.2_AgreM573_3	591	1/1	15	30	NA	45	2185	6	33	67	NA	0.274599542334096
3084_Gorai.009G072000.2_AgreM573_3	656	1/1	17	20	NA	37	2185	6	46	54	NA	0.274599542334096
3084_Gorai.009G072000.2_AgreM573_3	665	1/1	17	18	NA	35	2185	6	49	51	NA	0.274599542334096
3084_Gorai.009G072000.2_AgreM573_3	672	1/1	16	16	NA	32	2185	6	50	50	NA	0.274599542334096
3084_Gorai.009G072000.2_AgreM573_3	683	1/1	17	13	NA	30	2185	6	57	43	NA	0.274599542334096
3084_Gorai.009G072000.2_AgreM573_3	693	1/1	17	11	NA	28	2185	6	61	39	NA	0.274599542334096
3168_Gorai.013G033700.2_P1_AgreM573	2364	1/1	0	3	NA	3	2496	1	0	100	NA	0.0400641025641026
3168_Gorai.013G033700.2_P2_AgreM573	808	0/1	6	3	NA	9	3142	9	67	33	NA	0.286441756842775
3168_Gorai.013G033700.2_P2_AgreM573	2264	0/1	14	4	NA	18	3142	9	78	22	NA	0.286441756842775
3168_Gorai.013G033700.2_P2_AgreM573	2291	0/1	17	4	NA	21	3142	9	81	19	NA	0.286441756842775
3168_Gorai.013G033700.2_P2_AgreM573	2306	0/1	18	4	NA	22	3142	9	82	18	NA	0.286441756842775
3168_Gorai.013G033700.2_P2_AgreM573	2360	0/1	16	4	NA	20	3142	9	80	20	NA	0.286441756842775
3168_Gorai.013G033700.2_P2_AgreM573	2363	0/1	16	4	NA	20	3142	9	80	20	NA	0.286441756842775
3168_Gorai.013G033700.2_P2_AgreM573	2852	0/1	5	2	NA	7	3142	9	71	29	NA	0.286441756842775
3168_Gorai.013G033700.2_P2_AgreM573	2858	0/1	5	2	NA	7	3142	9	71	29	NA	0.286441756842775
3168_Gorai.013G033700.2_P2_AgreM573	2870	0/1	5	2	NA	7	3142	9	71	29	NA	0.286441756842775
3180_Gorai.004G175500.1_P1_AgreM573	239	1/1	0	6	NA	6	1393	29	0	100	NA	2.08183776022972
3180_Gorai.004G175500.1_P1_AgreM573	254	1/1	0	7	NA	7	1393	29	0	100	NA	2.08183776022972
3180_Gorai.004G175500.1_P1_AgreM573	255	1/1	0	7	NA	7	1393	29	0	100	NA	2.08183776022972
3180_Gorai.004G175500.1_P1_AgreM573	261	1/1	0	7	NA	7	1393	29	0	100	NA	2.08183776022972
3180_Gorai.004G175500.1_P1_AgreM573	278	1/1	0	9	NA	9	1393	29	0	100	NA	2.08183776022972
3180_Gorai.004G175500.1_P1_AgreM573	281	1/1	0	10	NA	10	1393	29	0	100	NA	2.08183776022972
3180_Gorai.004G175500.1_P1_AgreM573	286	1/1	0	10	NA	10	1393	29	0	100	NA	2.08183776022972
3180_Gorai.004G175500.1_P1_AgreM573	329	1/1	0	13	NA	13	1393	29	0	100	NA	2.08183776022972
3180_Gorai.004G175500.1_P1_AgreM573	446	1/1	8	14	NA	22	1393	29	36	64	NA	2.08183776022972
3180_Gorai.004G175500.1_P1_AgreM573	786	1/1	3	3	NA	6	1393	29	50	50	NA	2.08183776022972
3180_Gorai.004G175500.1_P1_AgreM573	791	1/1	3	5	NA	8	1393	29	38	62	NA	2.08183776022972
3180_Gorai.004G175500.1_P1_AgreM573	800	1/1	3	5	NA	8	1393	29	38	62	NA	2.08183776022972
3180_Gorai.004G175500.1_P1_AgreM573	803	1/1	3	5	NA	8	1393	29	38	62	NA	2.08183776022972
3180_Gorai.004G175500.1_P1_AgreM573	806	1/1	3	5	NA	8	1393	29	38	62	NA	2.08183776022972
3180_Gorai.004G175500.1_P1_AgreM573	810	1/1	3	8	NA	11	1393	29	27	73	NA	2.08183776022972
3180_Gorai.004G175500.1_P1_AgreM573	820	1/1	3	9	NA	12	1393	29	25	75	NA	2.08183776022972
3180_Gorai.004G175500.1_P1_AgreM573	861	1/1	3	16	NA	19	1393	29	16	84	NA	2.08183776022972
3180_Gorai.004G175500.1_P1_AgreM573	904	1/1	3	20	NA	23	1393	29	13	87	NA	2.08183776022972
3180_Gorai.004G175500.1_P1_AgreM573	909	1/1	3	20	NA	23	1393	29	13	87	NA	2.08183776022972
3180_Gorai.004G175500.1_P1_AgreM573	912	1/1	3	20	NA	23	1393	29	13	87	NA	2.08183776022972
3180_Gorai.004G175500.1_P1_AgreM573	977	1/1	0	26	NA	26	1393	29	0	100	NA	2.08183776022972
3180_Gorai.004G175500.1_P1_AgreM573	1062	1/1	3	12	NA	15	1393	29	20	80	NA	2.08183776022972
3180_Gorai.004G175500.1_P1_AgreM573	1065	1/1	3	12	NA	15	1393	29	20	80	NA	2.08183776022972
3180_Gorai.004G175500.1_P1_AgreM573	1104	0/1	4	6	NA	10	1393	29	40	60	NA	2.08183776022972
3180_Gorai.004G175500.1_P1_AgreM573	1116	0/1	4	6	NA	10	1393	29	40	60	NA	2.08183776022972
3180_Gorai.004G175500.1_P1_AgreM573	1119	0/1	4	5	NA	9	1393	29	44	56	NA	2.08183776022972
3180_Gorai.004G175500.1_P1_AgreM573	1137	0/1	4	5	NA	9	1393	29	44	56	NA	2.08183776022972
3180_Gorai.004G175500.1_P1_AgreM573	1304	1/1	0	6	NA	6	1393	29	0	100	NA	2.08183776022972
3180_Gorai.004G175500.1_P1_AgreM573	1346	1/1	0	5	NA	5	1393	29	0	100	NA	2.08183776022972
3180_Gorai.004G175500.1_P1_AgreM573_3	239	1/1	0	8	NA	8	1393	24	0	100	NA	1.72290021536253
3180_Gorai.004G175500.1_P1_AgreM573_3	254	1/1	0	9	NA	9	1393	24	0	100	NA	1.72290021536253
3180_Gorai.004G175500.1_P1_AgreM573_3	255	1/1	0	9	NA	9	1393	24	0	100	NA	1.72290021536253
3180_Gorai.004G175500.1_P1_AgreM573_3	261	1/1	0	12	NA	12	1393	24	0	100	NA	1.72290021536253
3180_Gorai.004G175500.1_P1_AgreM573_3	286	1/1	0	15	NA	15	1393	24	0	100	NA	1.72290021536253
3180_Gorai.004G175500.1_P1_AgreM573_3	317	0/1	10	7	NA	17	1393	24	59	41	NA	1.72290021536253
3180_Gorai.004G175500.1_P1_AgreM573_3	329	1/1	2	15	NA	17	1393	24	12	88	NA	1.72290021536253
3180_Gorai.004G175500.1_P1_AgreM573_3	355	0/1	9	10	NA	19	1393	24	47	53	NA	1.72290021536253
3180_Gorai.004G175500.1_P1_AgreM573_3	446	1/1	5	13	NA	18	1393	24	28	72	NA	1.72290021536253
3180_Gorai.004G175500.1_P1_AgreM573_3	861	1/1	0	19	NA	19	1393	24	0	100	NA	1.72290021536253
3180_Gorai.004G175500.1_P1_AgreM573_3	904	1/1	0	17	NA	17	1393	24	0	100	NA	1.72290021536253
3180_Gorai.004G175500.1_P1_AgreM573_3	909	1/1	0	16	NA	16	1393	24	0	100	NA	1.72290021536253
3180_Gorai.004G175500.1_P1_AgreM573_3	912	1/1	0	16	NA	16	1393	24	0	100	NA	1.72290021536253
3180_Gorai.004G175500.1_P1_AgreM573_3	977	1/1	0	23	NA	23	1393	24	0	100	NA	1.72290021536253
3180_Gorai.004G175500.1_P1_AgreM573_3	1062	1/1	0	16	NA	16	1393	24	0	100	NA	1.72290021536253
3180_Gorai.004G175500.1_P1_AgreM573_3	1065	1/1	0	16	NA	16	1393	24	0	100	NA	1.72290021536253
3180_Gorai.004G175500.1_P1_AgreM573_3	1228	1/1	3	4	NA	7	1393	24	43	57	NA	1.72290021536253
3180_Gorai.004G175500.1_P1_AgreM573_3	1236	1/1	3	4	NA	7	1393	24	43	57	NA	1.72290021536253
3180_Gorai.004G175500.1_P1_AgreM573_3	1245	1/1	3	4	NA	7	1393	24	43	57	NA	1.72290021536253
3180_Gorai.004G175500.1_P1_AgreM573_3	1246	1/1	3	4	NA	7	1393	24	43	57	NA	1.72290021536253
3180_Gorai.004G175500.1_P1_AgreM573_3	1253	1/1	2	4	NA	6	1393	24	33	67	NA	1.72290021536253
3180_Gorai.004G175500.1_P1_AgreM573_3	1304	1/1	0	4	NA	4	1393	24	0	100	NA	1.72290021536253
3180_Gorai.004G175500.1_P1_AgreM573_3	1346	1/1	0	4	NA	4	1393	24	0	100	NA	1.72290021536253
3180_Gorai.004G175500.1_P1_AgreM573_3	1347	0/1	1	3	NA	4	1393	24	25	75	NA	1.72290021536253
3351_Gorai.012G128100.3_P1_AgreM573	266	0/1	2	2	NA	4	806	1	50	50	NA	0.124069478908189
3505_Gorai.009G172900.1_P2_AgreM573	1444	1/1	0	7	NA	7	2851	18	0	100	NA	0.631357418449667
3505_Gorai.009G172900.1_P2_AgreM573	1489	1/1	0	9	NA	9	2851	18	0	100	NA	0.631357418449667
3505_Gorai.009G172900.1_P2_AgreM573	1963	1/1	1	6	NA	7	2851	18	14	86	NA	0.631357418449667
3505_Gorai.009G172900.1_P2_AgreM573	1991	1/1	1	7	NA	8	2851	18	12	88	NA	0.631357418449667
3505_Gorai.009G172900.1_P2_AgreM573	1993	1/1	0	7	NA	7	2851	18	0	100	NA	0.631357418449667
3505_Gorai.009G172900.1_P2_AgreM573	2023	1/1	0	7	NA	7	2851	18	0	100	NA	0.631357418449667
3505_Gorai.009G172900.1_P2_AgreM573	2032	1/1	0	7	NA	7	2851	18	0	100	NA	0.631357418449667
3505_Gorai.009G172900.1_P2_AgreM573	2035	1/1	0	7	NA	7	2851	18	0	100	NA	0.631357418449667
3505_Gorai.009G172900.1_P2_AgreM573	2038	1/1	0	7	NA	7	2851	18	0	100	NA	0.631357418449667
3505_Gorai.009G172900.1_P2_AgreM573	2047	1/1	0	7	NA	7	2851	18	0	100	NA	0.631357418449667
3505_Gorai.009G172900.1_P2_AgreM573	2056	1/1	0	7	NA	7	2851	18	0	100	NA	0.631357418449667
3505_Gorai.009G172900.1_P2_AgreM573	2104	1/1	0	8	NA	8	2851	18	0	100	NA	0.631357418449667
3505_Gorai.009G172900.1_P2_AgreM573	2128	1/1	0	10	NA	10	2851	18	0	100	NA	0.631357418449667
3505_Gorai.009G172900.1_P2_AgreM573	2148	1/1	0	10	NA	10	2851	18	0	100	NA	0.631357418449667
3505_Gorai.009G172900.1_P2_AgreM573	2246	1/1	0	5	NA	5	2851	18	0	100	NA	0.631357418449667
3505_Gorai.009G172900.1_P2_AgreM573	2248	1/1	0	5	NA	5	2851	18	0	100	NA	0.631357418449667
3505_Gorai.009G172900.1_P2_AgreM573	2323	1/1	0	4	NA	4	2851	18	0	100	NA	0.631357418449667
3505_Gorai.009G172900.1_P2_AgreM573	2326	1/1	0	4	NA	4	2851	18	0	100	NA	0.631357418449667
3505_Gorai.009G172900.1_P2_AgreM573_3	2368	1/1	1	4	NA	5	2851	7	20	80	NA	0.245527884952648
3505_Gorai.009G172900.1_P2_AgreM573_3	2371	1/1	1	4	NA	5	2851	7	20	80	NA	0.245527884952648
3505_Gorai.009G172900.1_P2_AgreM573_3	2389	1/1	1	5	NA	6	2851	7	17	83	NA	0.245527884952648
3505_Gorai.009G172900.1_P2_AgreM573_3	2404	1/1	1	6	NA	7	2851	7	14	86	NA	0.245527884952648
3505_Gorai.009G172900.1_P2_AgreM573_3	2410	1/1	1	7	NA	8	2851	7	12	88	NA	0.245527884952648
3505_Gorai.009G172900.1_P2_AgreM573_3	2416	1/1	0	8	NA	8	2851	7	0	100	NA	0.245527884952648
3505_Gorai.009G172900.1_P2_AgreM573_3	2458	1/1	0	9	NA	9	2851	7	0	100	NA	0.245527884952648
4143_Gorai.008G286900.1_AgreM573	116	0/1	16	3	NA	19	1762	6	84	16	NA	0.340522133938706
4143_Gorai.008G286900.1_AgreM573	117	0/1	16	3	NA	19	1762	6	84	16	NA	0.340522133938706
4143_Gorai.008G286900.1_AgreM573	140	0/1	18	3	NA	21	1762	6	86	14	NA	0.340522133938706
4143_Gorai.008G286900.1_AgreM573	147	0/1	18	3	NA	21	1762	6	86	14	NA	0.340522133938706
4143_Gorai.008G286900.1_AgreM573	148	0/1	18	3	NA	21	1762	6	86	14	NA	0.340522133938706
4143_Gorai.008G286900.1_AgreM573	239	0/1	18	3	NA	21	1762	6	86	14	NA	0.340522133938706
4165_Gorai.005G207300.1_AgreM573	1440	1/1	2	5	NA	7	2593	1	29	71	NA	0.0385653682992673
4874_Gorai.011G067700.3_AgreM573	1631	0/1	5	4	NA	9	3092	1	56	44	NA	0.0323415265200517
4950_Gorai.001G237200.2_AgreM573_3	1078	0/1	18	9	NA	27	2350	2	67	33	NA	0.0851063829787234
4950_Gorai.001G237200.2_AgreM573_3	1111	0/1	19	8	NA	27	2350	2	70	30	NA	0.0851063829787234
5467_Gorai.011G117000.4_AgreM573	222	0/1	8	3	NA	11	1137	1	73	27	NA	0.0879507475813544
5533_Gorai.003G156900.1_P1_AgreM573	978	1/1	0	2	NA	2	2249	14	0	100	NA	0.622498888394842
5533_Gorai.003G156900.1_P1_AgreM573	984	1/1	0	3	NA	3	2249	14	0	100	NA	0.622498888394842
5533_Gorai.003G156900.1_P1_AgreM573	993	1/1	0	4	NA	4	2249	14	0	100	NA	0.622498888394842
5533_Gorai.003G156900.1_P1_AgreM573	1047	1/1	0	15	NA	15	2249	14	0	100	NA	0.622498888394842
5533_Gorai.003G156900.1_P1_AgreM573	1068	1/1	0	16	NA	16	2249	14	0	100	NA	0.622498888394842
5533_Gorai.003G156900.1_P1_AgreM573	1077	1/1	0	16	NA	16	2249	14	0	100	NA	0.622498888394842
5533_Gorai.003G156900.1_P1_AgreM573	1098	1/1	0	18	NA	18	2249	14	0	100	NA	0.622498888394842
5533_Gorai.003G156900.1_P1_AgreM573	1245	1/1	0	13	NA	13	2249	14	0	100	NA	0.622498888394842
5533_Gorai.003G156900.1_P1_AgreM573	1272	1/1	0	6	NA	6	2249	14	0	100	NA	0.622498888394842
5533_Gorai.003G156900.1_P1_AgreM573	1273	1/1	0	6	NA	6	2249	14	0	100	NA	0.622498888394842
5533_Gorai.003G156900.1_P1_AgreM573	1598	1/1	0	6	NA	6	2249	14	0	100	NA	0.622498888394842
5533_Gorai.003G156900.1_P1_AgreM573	1664	1/1	1	5	NA	6	2249	14	17	83	NA	0.622498888394842
5533_Gorai.003G156900.1_P1_AgreM573	1667	1/1	1	4	NA	5	2249	14	20	80	NA	0.622498888394842
5533_Gorai.003G156900.1_P1_AgreM573	1670	1/1	1	4	NA	5	2249	14	20	80	NA	0.622498888394842
5533_Gorai.003G156900.1_P1_AgreM573_3	1047	1/1	0	12	NA	12	2249	11	0	100	NA	0.48910626945309
5533_Gorai.003G156900.1_P1_AgreM573_3	1068	1/1	0	16	NA	16	2249	11	0	100	NA	0.48910626945309
5533_Gorai.003G156900.1_P1_AgreM573_3	1077	1/1	0	15	NA	15	2249	11	0	100	NA	0.48910626945309
5533_Gorai.003G156900.1_P1_AgreM573_3	1082	0/1	8	7	NA	15	2249	11	53	47	NA	0.48910626945309
5533_Gorai.003G156900.1_P1_AgreM573_3	1083	0/1	7	8	NA	15	2249	11	47	53	NA	0.48910626945309
5533_Gorai.003G156900.1_P1_AgreM573_3	1098	1/1	0	17	NA	17	2249	11	0	100	NA	0.48910626945309
5533_Gorai.003G156900.1_P1_AgreM573_3	1129	0/1	8	10	NA	18	2249	11	44	56	NA	0.48910626945309
5533_Gorai.003G156900.1_P1_AgreM573_3	1203	0/1	9	12	NA	21	2249	11	43	57	NA	0.48910626945309
5533_Gorai.003G156900.1_P1_AgreM573_3	1245	1/1	1	18	NA	19	2249	11	5	95	NA	0.48910626945309
5533_Gorai.003G156900.1_P1_AgreM573_3	1310	1/1	5	4	NA	9	2249	11	56	44	NA	0.48910626945309
5533_Gorai.003G156900.1_P1_AgreM573_3	1598	1/1	0	10	NA	10	2249	11	0	100	NA	0.48910626945309
5691_Gorai.012G163300.2_P2_AgreM573_3	1956	1/1	2	14	NA	16	2305	1	12	88	NA	0.0433839479392625
5895_Gorai.004G031700.6_P2_AgreM573	621	0/1	8	3	NA	11	1400	4	73	27	NA	0.285714285714286
5895_Gorai.004G031700.6_P2_AgreM573	649	0/1	7	7	NA	14	1400	4	50	50	NA	0.285714285714286
5895_Gorai.004G031700.6_P2_AgreM573	652	0/1	11	3	NA	14	1400	4	79	21	NA	0.285714285714286
5895_Gorai.004G031700.6_P2_AgreM573	682	0/1	14	3	NA	17	1400	4	82	18	NA	0.285714285714286
5895_Gorai.004G031700.6_P3_AgreM573	252	0/1	8	5	NA	13	1579	11	62	38	NA	0.696643445218493
5895_Gorai.004G031700.6_P3_AgreM573	261	0/1	11	5	NA	16	1579	11	69	31	NA	0.696643445218493
5895_Gorai.004G031700.6_P3_AgreM573	263	0/1	11	5	NA	16	1579	11	69	31	NA	0.696643445218493
5895_Gorai.004G031700.6_P3_AgreM573	267	0/1	9	8	NA	17	1579	11	53	47	NA	0.696643445218493
5895_Gorai.004G031700.6_P3_AgreM573	285	0/1	11	5	NA	16	1579	11	69	31	NA	0.696643445218493
5895_Gorai.004G031700.6_P3_AgreM573	294	0/1	9	5	NA	14	1579	11	64	36	NA	0.696643445218493
5895_Gorai.004G031700.6_P3_AgreM573	300	0/1	9	7	NA	16	1579	11	56	44	NA	0.696643445218493
5895_Gorai.004G031700.6_P3_AgreM573	302	0/1	11	5	NA	16	1579	11	69	31	NA	0.696643445218493
5895_Gorai.004G031700.6_P3_AgreM573	327	0/1	11	4	NA	15	1579	11	73	27	NA	0.696643445218493
5895_Gorai.004G031700.6_P3_AgreM573	340	0/1	10	3	NA	13	1579	11	77	23	NA	0.696643445218493
5895_Gorai.004G031700.6_P3_AgreM573	358	0/1	10	3	NA	13	1579	11	77	23	NA	0.696643445218493
6153_Gorai.004G131200.1_AgreM573	3401	0/1	5	2	NA	7	3558	1	71	29	NA	0.0281056773468241
6171_Gorai.008G228900.3_P3_AgreM573	84	1/1	0	3	NA	3	2098	21	0	100	NA	1.00095328884652
6171_Gorai.008G228900.3_P3_AgreM573	93	1/1	0	3	NA	3	2098	21	0	100	NA	1.00095328884652
6171_Gorai.008G228900.3_P3_AgreM573	98	1/1	0	3	NA	3	2098	21	0	100	NA	1.00095328884652
6171_Gorai.008G228900.3_P3_AgreM573	108	1/1	0	3	NA	3	2098	21	0	100	NA	1.00095328884652
6171_Gorai.008G228900.3_P3_AgreM573	120	1/1	0	3	NA	3	2098	21	0	100	NA	1.00095328884652
6171_Gorai.008G228900.3_P3_AgreM573	127	1/1	0	4	NA	4	2098	21	0	100	NA	1.00095328884652
6171_Gorai.008G228900.3_P3_AgreM573	186	1/1	4	4	NA	8	2098	21	50	50	NA	1.00095328884652
6171_Gorai.008G228900.3_P3_AgreM573	219	1/1	4	3	NA	7	2098	21	57	43	NA	1.00095328884652
6171_Gorai.008G228900.3_P3_AgreM573	240	1/1	4	4	NA	8	2098	21	50	50	NA	1.00095328884652
6171_Gorai.008G228900.3_P3_AgreM573	1320	1/1	1	4	NA	5	2098	21	20	80	NA	1.00095328884652
6171_Gorai.008G228900.3_P3_AgreM573	1348	1/1	1	7	NA	8	2098	21	12	88	NA	1.00095328884652
6171_Gorai.008G228900.3_P3_AgreM573	1353	1/1	1	7	NA	8	2098	21	12	88	NA	1.00095328884652
6171_Gorai.008G228900.3_P3_AgreM573	1388	1/1	2	10	NA	12	2098	21	17	83	NA	1.00095328884652
6171_Gorai.008G228900.3_P3_AgreM573	1398	1/1	2	10	NA	12	2098	21	17	83	NA	1.00095328884652
6171_Gorai.008G228900.3_P3_AgreM573	1447	1/1	1	11	NA	12	2098	21	8	92	NA	1.00095328884652
6171_Gorai.008G228900.3_P3_AgreM573	1482	1/1	0	16	NA	16	2098	21	0	100	NA	1.00095328884652
6171_Gorai.008G228900.3_P3_AgreM573	1614	1/1	0	9	NA	9	2098	21	0	100	NA	1.00095328884652
6171_Gorai.008G228900.3_P3_AgreM573	1617	1/1	0	9	NA	9	2098	21	0	100	NA	1.00095328884652
6171_Gorai.008G228900.3_P3_AgreM573	1622	1/1	0	9	NA	9	2098	21	0	100	NA	1.00095328884652
6171_Gorai.008G228900.3_P3_AgreM573	1704	1/1	0	3	NA	3	2098	21	0	100	NA	1.00095328884652
6171_Gorai.008G228900.3_P3_AgreM573	1707	1/1	0	2	NA	2	2098	21	0	100	NA	1.00095328884652
6171_Gorai.008G228900.3_P3_AgreM573_3	108	1/1	0	8	NA	8	2098	13	0	100	NA	0.619637750238322
6171_Gorai.008G228900.3_P3_AgreM573_3	240	1/1	2	12	NA	14	2098	13	14	86	NA	0.619637750238322
6171_Gorai.008G228900.3_P3_AgreM573_3	1320	1/1	0	6	NA	6	2098	13	0	100	NA	0.619637750238322
6171_Gorai.008G228900.3_P3_AgreM573_3	1348	1/1	2	7	NA	9	2098	13	22	78	NA	0.619637750238322
6171_Gorai.008G228900.3_P3_AgreM573_3	1353	1/1	2	7	NA	9	2098	13	22	78	NA	0.619637750238322
6171_Gorai.008G228900.3_P3_AgreM573_3	1388	1/1	2	10	NA	12	2098	13	17	83	NA	0.619637750238322
6171_Gorai.008G228900.3_P3_AgreM573_3	1398	1/1	2	9	NA	11	2098	13	18	82	NA	0.619637750238322
6171_Gorai.008G228900.3_P3_AgreM573_3	1447	1/1	2	9	NA	11	2098	13	18	82	NA	0.619637750238322
6171_Gorai.008G228900.3_P3_AgreM573_3	1461	1/1	4	6	NA	10	2098	13	40	60	NA	0.619637750238322
6171_Gorai.008G228900.3_P3_AgreM573_3	1482	1/1	0	11	NA	11	2098	13	0	100	NA	0.619637750238322
6171_Gorai.008G228900.3_P3_AgreM573_3	1614	1/1	0	9	NA	9	2098	13	0	100	NA	0.619637750238322
6171_Gorai.008G228900.3_P3_AgreM573_3	1617	1/1	0	9	NA	9	2098	13	0	100	NA	0.619637750238322
6171_Gorai.008G228900.3_P3_AgreM573_3	1622	1/1	0	9	NA	9	2098	13	0	100	NA	0.619637750238322
6227_Gorai.010G034900.1_P2_AgreM573	180	0/1	3	4	NA	7	2150	11	43	57	NA	0.511627906976744
6227_Gorai.010G034900.1_P2_AgreM573	407	0/1	9	3	NA	12	2150	11	75	25	NA	0.511627906976744
6227_Gorai.010G034900.1_P2_AgreM573	1039	0/1	5	3	NA	8	2150	11	62	38	NA	0.511627906976744
6227_Gorai.010G034900.1_P2_AgreM573	1059	0/1	5	3	NA	8	2150	11	62	38	NA	0.511627906976744
6227_Gorai.010G034900.1_P2_AgreM573	1086	0/1	5	5	NA	10	2150	11	50	50	NA	0.511627906976744
6227_Gorai.010G034900.1_P2_AgreM573	1092	0/1	7	5	NA	12	2150	11	58	42	NA	0.511627906976744
6227_Gorai.010G034900.1_P2_AgreM573	1116	0/1	8	4	NA	12	2150	11	67	33	NA	0.511627906976744
6227_Gorai.010G034900.1_P2_AgreM573	1122	0/1	8	4	NA	12	2150	11	67	33	NA	0.511627906976744
6227_Gorai.010G034900.1_P2_AgreM573	1137	0/1	8	4	NA	12	2150	11	67	33	NA	0.511627906976744
6227_Gorai.010G034900.1_P2_AgreM573	1166	0/1	9	4	NA	13	2150	11	69	31	NA	0.511627906976744
6227_Gorai.010G034900.1_P2_AgreM573	1246	0/1	8	4	NA	12	2150	11	67	33	NA	0.511627906976744
6493_Gorai.008G218300.2_AgreM573	893	0/1	5	4	NA	9	1922	1	56	44	NA	0.0520291363163371
6794_Gorai.009G193900.2_AgreM573_3	875	1/1	4	4	NA	8	4679	1	50	50	NA	0.0213720880530028
6801_Gorai.008G191000.1_AgreM573	398	0/1	10	5	NA	15	2193	3	67	33	NA	0.136798905608755
6801_Gorai.008G191000.1_AgreM573	500	0/1	12	5	NA	17	2193	3	71	29	NA	0.136798905608755
6801_Gorai.008G191000.1_AgreM573	543	0/1	9	6	NA	15	2193	3	60	40	NA	0.136798905608755
727_Gorai.011G026100.1_AgreM573_3	3238	1/1	0	5	NA	5	5099	3	0	100	NA	0.0588350656991567
727_Gorai.011G026100.1_AgreM573_3	3290	1/1	0	6	NA	6	5099	3	0	100	NA	0.0588350656991567
727_Gorai.011G026100.1_AgreM573_3	3337	1/1	0	6	NA	6	5099	3	0	100	NA	0.0588350656991567
7271_Gorai.005G267000.2_P1_AgreM573	1934	1/1	0	8	NA	8	2217	8	0	100	NA	0.36084799278304
7271_Gorai.005G267000.2_P1_AgreM573	1977	1/1	1	12	NA	13	2217	8	8	92	NA	0.36084799278304
7271_Gorai.005G267000.2_P1_AgreM573	2037	1/1	0	19	NA	19	2217	8	0	100	NA	0.36084799278304
7271_Gorai.005G267000.2_P1_AgreM573	2044	1/1	0	19	NA	19	2217	8	0	100	NA	0.36084799278304
7271_Gorai.005G267000.2_P1_AgreM573	2079	1/1	0	20	NA	20	2217	8	0	100	NA	0.36084799278304
7271_Gorai.005G267000.2_P1_AgreM573	2100	1/1	0	16	NA	16	2217	8	0	100	NA	0.36084799278304
7271_Gorai.005G267000.2_P1_AgreM573	2113	1/1	0	15	NA	15	2217	8	0	100	NA	0.36084799278304
7271_Gorai.005G267000.2_P1_AgreM573	2133	1/1	0	13	NA	13	2217	8	0	100	NA	0.36084799278304
7271_Gorai.005G267000.2_P1_AgreM573_3	1934	1/1	0	10	NA	10	2217	8	0	100	NA	0.36084799278304
7271_Gorai.005G267000.2_P1_AgreM573_3	1977	1/1	0	17	NA	17	2217	8	0	100	NA	0.36084799278304
7271_Gorai.005G267000.2_P1_AgreM573_3	2037	1/1	0	23	NA	23	2217	8	0	100	NA	0.36084799278304
7271_Gorai.005G267000.2_P1_AgreM573_3	2044	1/1	0	22	NA	22	2217	8	0	100	NA	0.36084799278304
7271_Gorai.005G267000.2_P1_AgreM573_3	2079	1/1	0	20	NA	20	2217	8	0	100	NA	0.36084799278304
7271_Gorai.005G267000.2_P1_AgreM573_3	2100	1/1	0	19	NA	19	2217	8	0	100	NA	0.36084799278304
7271_Gorai.005G267000.2_P1_AgreM573_3	2113	1/1	0	16	NA	16	2217	8	0	100	NA	0.36084799278304
7271_Gorai.005G267000.2_P1_AgreM573_3	2133	1/1	0	12	NA	12	2217	8	0	100	NA	0.36084799278304
7848_Gorai.001G047000.1_P2_AgreM573_3	1551	1/1	0	22	NA	22	2994	1	0	100	NA	0.0334001336005344
7856_Gorai.003G086000.1_P1_AgreM573	575	1/1	0	21	NA	21	1798	2	0	100	NA	0.111234705228031
7856_Gorai.003G086000.1_P1_AgreM573	804	0/1	4	14	NA	18	1798	2	22	78	NA	0.111234705228031
7856_Gorai.003G086000.1_P1_AgreM573_3	575	1/1	2	18	NA	20	1798	2	10	90	NA	0.111234705228031
7856_Gorai.003G086000.1_P1_AgreM573_3	804	1/1	1	13	NA	14	1798	2	7	93	NA	0.111234705228031
8071_Gorai.002G129300.6_P1_AgreM573	150	0/1	16	3	NA	19	1703	8	84	16	NA	0.469759248385203
8071_Gorai.002G129300.6_P1_AgreM573	153	0/1	13	6	NA	19	1703	8	68	32	NA	0.469759248385203
8071_Gorai.002G129300.6_P1_AgreM573	192	0/1	19	4	NA	23	1703	8	83	17	NA	0.469759248385203
8071_Gorai.002G129300.6_P1_AgreM573	201	0/1	19	4	NA	23	1703	8	83	17	NA	0.469759248385203
8071_Gorai.002G129300.6_P1_AgreM573	207	0/1	19	4	NA	23	1703	8	83	17	NA	0.469759248385203
8071_Gorai.002G129300.6_P1_AgreM573	231	0/1	17	7	NA	24	1703	8	71	29	NA	0.469759248385203
8071_Gorai.002G129300.6_P1_AgreM573	246	0/1	18	7	NA	25	1703	8	72	28	NA	0.469759248385203
8071_Gorai.002G129300.6_P1_AgreM573	255	0/1	18	3	NA	21	1703	8	86	14	NA	0.469759248385203
8173_Gorai.002G128400.2_AgreM573	2616	1/1	0	6	NA	6	2658	1	0	100	NA	0.0376222723852521
8313_Gorai.009G136600.1_AgreM573	1723	0/1	17	9	NA	26	2794	1	65	35	NA	0.0357909806728704
8902_Gorai.009G043400.2_P3_AgreM573	319	1/1	1	13	NA	14	1204	9	7	93	NA	0.747508305647841
8902_Gorai.009G043400.2_P3_AgreM573	343	1/1	0	14	NA	14	1204	9	0	100	NA	0.747508305647841
8902_Gorai.009G043400.2_P3_AgreM573	405	1/1	0	14	NA	14	1204	9	0	100	NA	0.747508305647841
8902_Gorai.009G043400.2_P3_AgreM573	436	1/1	1	16	NA	17	1204	9	6	94	NA	0.747508305647841
8902_Gorai.009G043400.2_P3_AgreM573	445	1/1	1	16	NA	17	1204	9	6	94	NA	0.747508305647841
8902_Gorai.009G043400.2_P3_AgreM573	490	1/1	0	14	NA	14	1204	9	0	100	NA	0.747508305647841
8902_Gorai.009G043400.2_P3_AgreM573	571	1/1	1	4	NA	5	1204	9	20	80	NA	0.747508305647841
8902_Gorai.009G043400.2_P3_AgreM573	580	1/1	0	5	NA	5	1204	9	0	100	NA	0.747508305647841
8902_Gorai.009G043400.2_P3_AgreM573	601	1/1	1	4	NA	5	1204	9	20	80	NA	0.747508305647841
8902_Gorai.009G043400.2_P3_AgreM573_3	307	1/1	5	10	NA	15	1204	11	33	67	NA	0.913621262458472
8902_Gorai.009G043400.2_P3_AgreM573_3	319	1/1	3	12	NA	15	1204	11	20	80	NA	0.913621262458472
8902_Gorai.009G043400.2_P3_AgreM573_3	343	0/1	6	12	NA	18	1204	11	33	67	NA	0.913621262458472
8902_Gorai.009G043400.2_P3_AgreM573_3	405	1/1	5	13	NA	18	1204	11	28	72	NA	0.913621262458472
8902_Gorai.009G043400.2_P3_AgreM573_3	424	1/1	4	12	NA	16	1204	11	25	75	NA	0.913621262458472
8902_Gorai.009G043400.2_P3_AgreM573_3	436	1/1	2	13	NA	15	1204	11	13	87	NA	0.913621262458472
8902_Gorai.009G043400.2_P3_AgreM573_3	445	1/1	2	13	NA	15	1204	11	13	87	NA	0.913621262458472
8902_Gorai.009G043400.2_P3_AgreM573_3	490	1/1	2	12	NA	14	1204	11	14	86	NA	0.913621262458472
8902_Gorai.009G043400.2_P3_AgreM573_3	580	0/1	2	5	NA	7	1204	11	29	71	NA	0.913621262458472
8902_Gorai.009G043400.2_P3_AgreM573_3	604	1/1	1	4	NA	5	1204	11	20	80	NA	0.913621262458472
8902_Gorai.009G043400.2_P3_AgreM573_3	609	1/1	1	4	NA	5	1204	11	20	80	NA	0.913621262458472
8995_Gorai.009G414300.4_P1_AgreM573	356	0/1	5	2	NA	7	2112	10	71	29	NA	0.473484848484849
8995_Gorai.009G414300.4_P1_AgreM573	375	0/1	7	2	NA	9	2112	10	78	22	NA	0.473484848484849
8995_Gorai.009G414300.4_P1_AgreM573	401	0/1	6	4	NA	10	2112	10	60	40	NA	0.473484848484849
8995_Gorai.009G414300.4_P1_AgreM573	419	0/1	9	3	NA	12	2112	10	75	25	NA	0.473484848484849
8995_Gorai.009G414300.4_P1_AgreM573	430	0/1	10	3	NA	13	2112	10	77	23	NA	0.473484848484849
8995_Gorai.009G414300.4_P1_AgreM573	456	0/1	9	3	NA	12	2112	10	75	25	NA	0.473484848484849
8995_Gorai.009G414300.4_P1_AgreM573	484	0/1	9	3	NA	12	2112	10	75	25	NA	0.473484848484849
8995_Gorai.009G414300.4_P1_AgreM573	705	0/1	4	2	NA	6	2112	10	67	33	NA	0.473484848484849
8995_Gorai.009G414300.4_P1_AgreM573	741	0/1	5	3	NA	8	2112	10	62	38	NA	0.473484848484849
8995_Gorai.009G414300.4_P1_AgreM573	764	0/1	5	3	NA	8	2112	10	62	38	NA	0.473484848484849
9057_Gorai.009G271600.2_P2_AgreM573	120	1/1	3	8	NA	11	1019	1	27	73	NA	0.098135426889107
9156_Gorai.009G268200.2_P2_AgreM573	1527	1/1	3	35	NA	38	2374	18	8	92	NA	0.75821398483572
9156_Gorai.009G268200.2_P2_AgreM573	1650	1/1	8	38	NA	46	2374	18	17	83	NA	0.75821398483572
9156_Gorai.009G268200.2_P2_AgreM573	1695	1/1	5	41	NA	46	2374	18	11	89	NA	0.75821398483572
9156_Gorai.009G268200.2_P2_AgreM573	1752	1/1	0	39	NA	39	2374	18	0	100	NA	0.75821398483572
9156_Gorai.009G268200.2_P2_AgreM573	2115	0/1	12	17	NA	29	2374	18	41	59	NA	0.75821398483572
9156_Gorai.009G268200.2_P2_AgreM573	2124	0/1	12	16	NA	28	2374	18	43	57	NA	0.75821398483572
9156_Gorai.009G268200.2_P2_AgreM573	2130	1/1	0	28	NA	28	2374	18	0	100	NA	0.75821398483572
9156_Gorai.009G268200.2_P2_AgreM573	2173	0/1	14	10	NA	24	2374	18	58	42	NA	0.75821398483572
9156_Gorai.009G268200.2_P2_AgreM573	2178	1/2	0	9	14	23	2374	18	0	39	61	0.75821398483572
9156_Gorai.009G268200.2_P2_AgreM573	2181	0/1	14	8	NA	22	2374	18	64	36	NA	0.75821398483572
9156_Gorai.009G268200.2_P2_AgreM573	2184	0/1	14	8	NA	22	2374	18	64	36	NA	0.75821398483572
9156_Gorai.009G268200.2_P2_AgreM573	2193	0/1	15	7	NA	22	2374	18	68	32	NA	0.75821398483572
9156_Gorai.009G268200.2_P2_AgreM573	2196	0/1	8	14	NA	22	2374	18	36	64	NA	0.75821398483572
9156_Gorai.009G268200.2_P2_AgreM573	2205	0/1	14	8	NA	22	2374	18	64	36	NA	0.75821398483572
9156_Gorai.009G268200.2_P2_AgreM573	2259	1/1	2	7	NA	9	2374	18	22	78	NA	0.75821398483572
9156_Gorai.009G268200.2_P2_AgreM573	2268	1/1	3	5	NA	8	2374	18	38	62	NA	0.75821398483572
9156_Gorai.009G268200.2_P2_AgreM573	2270	1/1	1	7	NA	8	2374	18	12	88	NA	0.75821398483572
9156_Gorai.009G268200.2_P2_AgreM573	2292	1/1	2	4	NA	6	2374	18	33	67	NA	0.75821398483572
9156_Gorai.009G268200.2_P2_AgreM573_3	1418	1/1	3	2	NA	5	2374	42	60	40	NA	1.76916596461668
9156_Gorai.009G268200.2_P2_AgreM573_3	1455	0/1	11	3	NA	14	2374	42	79	21	NA	1.76916596461668
9156_Gorai.009G268200.2_P2_AgreM573_3	1458	1/1	3	13	NA	16	2374	42	19	81	NA	1.76916596461668
9156_Gorai.009G268200.2_P2_AgreM573_3	1464	1/1	3	15	NA	18	2374	42	17	83	NA	1.76916596461668
9156_Gorai.009G268200.2_P2_AgreM573_3	1491	0/1	7	13	NA	20	2374	42	35	65	NA	1.76916596461668
9156_Gorai.009G268200.2_P2_AgreM573_3	1527	1/1	0	25	NA	25	2374	42	0	100	NA	1.76916596461668
9156_Gorai.009G268200.2_P2_AgreM573_3	1587	0/1	26	22	NA	48	2374	42	54	46	NA	1.76916596461668
9156_Gorai.009G268200.2_P2_AgreM573_3	1608	0/1	28	29	NA	57	2374	42	49	51	NA	1.76916596461668
9156_Gorai.009G268200.2_P2_AgreM573_3	1611	0/1	28	29	NA	57	2374	42	49	51	NA	1.76916596461668
9156_Gorai.009G268200.2_P2_AgreM573_3	1629	0/1	33	30	NA	63	2374	42	52	48	NA	1.76916596461668
9156_Gorai.009G268200.2_P2_AgreM573_3	1641	0/1	34	30	NA	64	2374	42	53	47	NA	1.76916596461668
9156_Gorai.009G268200.2_P2_AgreM573_3	1644	0/1	49	15	NA	64	2374	42	77	23	NA	1.76916596461668
9156_Gorai.009G268200.2_P2_AgreM573_3	1647	0/1	33	31	NA	64	2374	42	52	48	NA	1.76916596461668
9156_Gorai.009G268200.2_P2_AgreM573_3	1650	1/1	3	60	NA	63	2374	42	5	95	NA	1.76916596461668
9156_Gorai.009G268200.2_P2_AgreM573_3	1659	0/1	32	33	NA	65	2374	42	49	51	NA	1.76916596461668
9156_Gorai.009G268200.2_P2_AgreM573_3	1680	0/1	50	17	NA	67	2374	42	75	25	NA	1.76916596461668
9156_Gorai.009G268200.2_P2_AgreM573_3	1686	0/1	37	33	NA	70	2374	42	53	47	NA	1.76916596461668
9156_Gorai.009G268200.2_P2_AgreM573_3	1695	1/1	3	66	NA	69	2374	42	4	96	NA	1.76916596461668
9156_Gorai.009G268200.2_P2_AgreM573_3	1710	0/1	34	29	NA	63	2374	42	54	46	NA	1.76916596461668
9156_Gorai.009G268200.2_P2_AgreM573_3	1752	1/1	0	63	NA	63	2374	42	0	100	NA	1.76916596461668
9156_Gorai.009G268200.2_P2_AgreM573_3	1761	0/1	34	29	NA	63	2374	42	54	46	NA	1.76916596461668
9156_Gorai.009G268200.2_P2_AgreM573_3	1776	0/1	30	34	NA	64	2374	42	47	53	NA	1.76916596461668
9156_Gorai.009G268200.2_P2_AgreM573_3	1794	0/1	29	27	NA	56	2374	42	52	48	NA	1.76916596461668
9156_Gorai.009G268200.2_P2_AgreM573_3	1803	0/1	26	23	NA	49	2374	42	53	47	NA	1.76916596461668
9156_Gorai.009G268200.2_P2_AgreM573_3	1818	0/1	20	22	NA	42	2374	42	48	52	NA	1.76916596461668
9156_Gorai.009G268200.2_P2_AgreM573_3	1821	0/1	20	22	NA	42	2374	42	48	52	NA	1.76916596461668
9156_Gorai.009G268200.2_P2_AgreM573_3	1824	0/1	21	20	NA	41	2374	42	51	49	NA	1.76916596461668
9156_Gorai.009G268200.2_P2_AgreM573_3	1857	0/1	10	16	NA	26	2374	42	38	62	NA	1.76916596461668
9156_Gorai.009G268200.2_P2_AgreM573_3	1861	0/1	16	9	NA	25	2374	42	64	36	NA	1.76916596461668
9156_Gorai.009G268200.2_P2_AgreM573_3	1863	1/1	0	14	NA	14	2374	42	0	100	NA	1.76916596461668
9156_Gorai.009G268200.2_P2_AgreM573_3	1887	0/1	9	9	NA	18	2374	42	50	50	NA	1.76916596461668
9156_Gorai.009G268200.2_P2_AgreM573_3	1890	0/1	8	9	NA	17	2374	42	47	53	NA	1.76916596461668
9156_Gorai.009G268200.2_P2_AgreM573_3	1996	1/1	0	6	NA	6	2374	42	0	100	NA	1.76916596461668
9156_Gorai.009G268200.2_P2_AgreM573_3	2016	0/1	5	6	NA	11	2374	42	45	55	NA	1.76916596461668
9156_Gorai.009G268200.2_P2_AgreM573_3	2031	0/1	7	8	NA	15	2374	42	47	53	NA	1.76916596461668
9156_Gorai.009G268200.2_P2_AgreM573_3	2037	0/1	7	8	NA	15	2374	42	47	53	NA	1.76916596461668
9156_Gorai.009G268200.2_P2_AgreM573_3	2064	0/1	8	17	NA	25	2374	42	32	68	NA	1.76916596461668
9156_Gorai.009G268200.2_P2_AgreM573_3	2070	0/1	8	17	NA	25	2374	42	32	68	NA	1.76916596461668
9156_Gorai.009G268200.2_P2_AgreM573_3	2097	0/1	8	18	NA	26	2374	42	31	69	NA	1.76916596461668
9156_Gorai.009G268200.2_P2_AgreM573_3	2098	0/1	8	18	NA	26	2374	42	31	69	NA	1.76916596461668
9156_Gorai.009G268200.2_P2_AgreM573_3	2130	1/1	6	21	NA	27	2374	42	22	78	NA	1.76916596461668
9156_Gorai.009G268200.2_P2_AgreM573_3	2270	1/1	1	12	NA	13	2374	42	8	92	NA	1.76916596461668
923_Gorai.005G170300.2_P1_AgreM573	279	0/1	16	7	NA	23	2892	20	70	30	NA	0.691562932226833
923_Gorai.005G170300.2_P1_AgreM573	466	0/1	8	4	NA	12	2892	20	67	33	NA	0.691562932226833
923_Gorai.005G170300.2_P1_AgreM573	586	0/1	19	10	NA	29	2892	20	66	34	NA	0.691562932226833
923_Gorai.005G170300.2_P1_AgreM573	604	0/1	21	12	NA	33	2892	20	64	36	NA	0.691562932226833
923_Gorai.005G170300.2_P1_AgreM573	1603	0/1	5	4	NA	9	2892	20	56	44	NA	0.691562932226833
923_Gorai.005G170300.2_P1_AgreM573	1859	0/1	16	4	NA	20	2892	20	80	20	NA	0.691562932226833
923_Gorai.005G170300.2_P1_AgreM573	1876	0/1	16	4	NA	20	2892	20	80	20	NA	0.691562932226833
923_Gorai.005G170300.2_P1_AgreM573	1886	0/1	15	5	NA	20	2892	20	75	25	NA	0.691562932226833
923_Gorai.005G170300.2_P1_AgreM573	1922	0/1	13	4	NA	17	2892	20	76	24	NA	0.691562932226833
923_Gorai.005G170300.2_P1_AgreM573	1966	0/1	13	4	NA	17	2892	20	76	24	NA	0.691562932226833
923_Gorai.005G170300.2_P1_AgreM573	1967	0/1	13	4	NA	17	2892	20	76	24	NA	0.691562932226833
923_Gorai.005G170300.2_P1_AgreM573	1985	0/1	10	3	NA	13	2892	20	77	23	NA	0.691562932226833
923_Gorai.005G170300.2_P1_AgreM573	1991	0/1	9	3	NA	12	2892	20	75	25	NA	0.691562932226833
923_Gorai.005G170300.2_P1_AgreM573	2192	0/1	4	3	NA	7	2892	20	57	43	NA	0.691562932226833
923_Gorai.005G170300.2_P1_AgreM573	2193	0/1	4	3	NA	7	2892	20	57	43	NA	0.691562932226833
923_Gorai.005G170300.2_P1_AgreM573	2196	0/1	4	3	NA	7	2892	20	57	43	NA	0.691562932226833
923_Gorai.005G170300.2_P1_AgreM573	2201	0/1	5	3	NA	8	2892	20	62	38	NA	0.691562932226833
923_Gorai.005G170300.2_P1_AgreM573	2211	0/1	5	3	NA	8	2892	20	62	38	NA	0.691562932226833
923_Gorai.005G170300.2_P1_AgreM573	2217	0/1	5	3	NA	8	2892	20	62	38	NA	0.691562932226833
923_Gorai.005G170300.2_P1_AgreM573	2708	0/1	9	3	NA	12	2892	20	75	25	NA	0.691562932226833
9242_Gorai.009G068700.1_AgreM573	1971	0/1	9	4	NA	13	3191	1	69	31	NA	0.0313381385145722
9263_Gorai.004G098000.1_P1_AgreM573	213	0/1	3	29	NA	32	1251	13	9	91	NA	1.03916866506795
9263_Gorai.004G098000.1_P1_AgreM573	243	0/1	3	39	NA	42	1251	13	7	93	NA	1.03916866506795
9263_Gorai.004G098000.1_P1_AgreM573	261	0/1	3	41	NA	44	1251	13	7	93	NA	1.03916866506795
9263_Gorai.004G098000.1_P1_AgreM573	264	0/1	3	41	NA	44	1251	13	7	93	NA	1.03916866506795
9263_Gorai.004G098000.1_P1_AgreM573	330	0/1	26	22	NA	48	1251	13	54	46	NA	1.03916866506795
9263_Gorai.004G098000.1_P1_AgreM573	395	0/1	27	14	NA	41	1251	13	66	34	NA	1.03916866506795
9263_Gorai.004G098000.1_P1_AgreM573	420	0/1	30	11	NA	41	1251	13	73	27	NA	1.03916866506795
9263_Gorai.004G098000.1_P1_AgreM573	437	0/1	21	12	NA	33	1251	13	64	36	NA	1.03916866506795
9263_Gorai.004G098000.1_P1_AgreM573	486	1/1	12	14	NA	26	1251	13	46	54	NA	1.03916866506795
9263_Gorai.004G098000.1_P1_AgreM573	503	0/1	15	8	NA	23	1251	13	65	35	NA	1.03916866506795
9263_Gorai.004G098000.1_P1_AgreM573	516	1/1	5	18	NA	23	1251	13	22	78	NA	1.03916866506795
9263_Gorai.004G098000.1_P1_AgreM573	654	0/1	17	20	NA	37	1251	13	46	54	NA	1.03916866506795
9263_Gorai.004G098000.1_P1_AgreM573	702	0/1	18	13	NA	31	1251	13	58	42	NA	1.03916866506795
9263_Gorai.004G098000.1_P1_AgreM573_3	420	0/1	14	9	NA	23	1251	6	61	39	NA	0.479616306954436
9263_Gorai.004G098000.1_P1_AgreM573_3	437	0/1	11	12	NA	23	1251	6	48	52	NA	0.479616306954436
9263_Gorai.004G098000.1_P1_AgreM573_3	516	1/1	3	23	NA	26	1251	6	12	88	NA	0.479616306954436
9263_Gorai.004G098000.1_P1_AgreM573_3	576	0/1	15	14	NA	29	1251	6	52	48	NA	0.479616306954436
9263_Gorai.004G098000.1_P1_AgreM573_3	654	1/1	7	21	NA	28	1251	6	25	75	NA	0.479616306954436
9263_Gorai.004G098000.1_P1_AgreM573_3	702	0/1	8	11	NA	19	1251	6	42	58	NA	0.479616306954436
