allele	position	GT	ref.reads	alt1.reads	alt2.reads	total.reads	length	var_sites	perc_ref	perc_alt1	perc_alt2	perc_variant
1014_Gorai.013G160900.2_Ama058	1397	1/1	3	14	NA	17	5981	11	18	82	NA	0.183915733154991
1014_Gorai.013G160900.2_Ama058	1585	1/1	0	9	NA	9	5981	11	0	100	NA	0.183915733154991
1014_Gorai.013G160900.2_Ama058	2632	1/1	6	52	NA	58	5981	11	10	90	NA	0.183915733154991
1014_Gorai.013G160900.2_Ama058	2715	1/1	5	64	NA	69	5981	11	7	93	NA	0.183915733154991
1014_Gorai.013G160900.2_Ama058	4507	1/1	4	25	NA	29	5981	11	14	86	NA	0.183915733154991
1014_Gorai.013G160900.2_Ama058	5023	1/1	0	26	NA	26	5981	11	0	100	NA	0.183915733154991
1014_Gorai.013G160900.2_Ama058	5026	1/1	0	26	NA	26	5981	11	0	100	NA	0.183915733154991
1014_Gorai.013G160900.2_Ama058	5032	1/1	0	26	NA	26	5981	11	0	100	NA	0.183915733154991
1014_Gorai.013G160900.2_Ama058	5034	1/1	0	26	NA	26	5981	11	0	100	NA	0.183915733154991
1014_Gorai.013G160900.2_Ama058	5036	1/1	0	26	NA	26	5981	11	0	100	NA	0.183915733154991
1014_Gorai.013G160900.2_Ama058	5055	0/1	13	22	NA	35	5981	11	37	63	NA	0.183915733154991
1014_Gorai.013G160900.2_Ama058_3	766	1/1	17	38	NA	55	5981	8	31	69	NA	0.133756896839993
1014_Gorai.013G160900.2_Ama058_3	1091	1/1	13	29	NA	42	5981	8	31	69	NA	0.133756896839993
1014_Gorai.013G160900.2_Ama058_3	1397	1/1	8	18	NA	26	5981	8	31	69	NA	0.133756896839993
1014_Gorai.013G160900.2_Ama058_3	1585	1/1	0	14	NA	14	5981	8	0	100	NA	0.133756896839993
1014_Gorai.013G160900.2_Ama058_3	1807	1/1	5	17	NA	22	5981	8	23	77	NA	0.133756896839993
1014_Gorai.013G160900.2_Ama058_3	1901	1/1	1	19	NA	20	5981	8	5	95	NA	0.133756896839993
1014_Gorai.013G160900.2_Ama058_3	2632	1/1	3	61	NA	64	5981	8	5	95	NA	0.133756896839993
1014_Gorai.013G160900.2_Ama058_3	2715	1/1	3	76	NA	79	5981	8	4	96	NA	0.133756896839993
10149_Gorai.006G244400.2_P2_Ama058	44	0/1	33	5	NA	38	1602	58	87	13	NA	3.62047440699126
10149_Gorai.006G244400.2_P2_Ama058	60	0/1	44	8	NA	52	1602	58	85	15	NA	3.62047440699126
10149_Gorai.006G244400.2_P2_Ama058	70	0/1	50	8	NA	58	1602	58	86	14	NA	3.62047440699126
10149_Gorai.006G244400.2_P2_Ama058	72	0/1	52	8	NA	60	1602	58	87	13	NA	3.62047440699126
10149_Gorai.006G244400.2_P2_Ama058	86	0/1	62	8	NA	70	1602	58	89	11	NA	3.62047440699126
10149_Gorai.006G244400.2_P2_Ama058	99	0/1	62	12	NA	74	1602	58	84	16	NA	3.62047440699126
10149_Gorai.006G244400.2_P2_Ama058	102	0/1	64	12	NA	76	1602	58	84	16	NA	3.62047440699126
10149_Gorai.006G244400.2_P2_Ama058	117	0/1	69	10	NA	79	1602	58	87	13	NA	3.62047440699126
10149_Gorai.006G244400.2_P2_Ama058	147	0/1	77	14	NA	91	1602	58	85	15	NA	3.62047440699126
10149_Gorai.006G244400.2_P2_Ama058	180	0/1	86	15	NA	101	1602	58	85	15	NA	3.62047440699126
10149_Gorai.006G244400.2_P2_Ama058	183	0/1	87	15	NA	102	1602	58	85	15	NA	3.62047440699126
10149_Gorai.006G244400.2_P2_Ama058	185	0/1	87	15	NA	102	1602	58	85	15	NA	3.62047440699126
10149_Gorai.006G244400.2_P2_Ama058	201	0/1	88	15	NA	103	1602	58	85	15	NA	3.62047440699126
10149_Gorai.006G244400.2_P2_Ama058	207	0/1	86	13	NA	99	1602	58	87	13	NA	3.62047440699126
10149_Gorai.006G244400.2_P2_Ama058	210	0/1	86	12	NA	98	1602	58	88	12	NA	3.62047440699126
10149_Gorai.006G244400.2_P2_Ama058	214	0/1	84	12	NA	96	1602	58	88	12	NA	3.62047440699126
10149_Gorai.006G244400.2_P2_Ama058	219	0/1	83	12	NA	95	1602	58	87	13	NA	3.62047440699126
10149_Gorai.006G244400.2_P2_Ama058	222	0/1	82	12	NA	94	1602	58	87	13	NA	3.62047440699126
10149_Gorai.006G244400.2_P2_Ama058	225	0/1	81	12	NA	93	1602	58	87	13	NA	3.62047440699126
10149_Gorai.006G244400.2_P2_Ama058	228	0/1	77	12	NA	89	1602	58	87	13	NA	3.62047440699126
10149_Gorai.006G244400.2_P2_Ama058	231	0/1	75	12	NA	87	1602	58	86	14	NA	3.62047440699126
10149_Gorai.006G244400.2_P2_Ama058	290	0/1	36	6	NA	42	1602	58	86	14	NA	3.62047440699126
10149_Gorai.006G244400.2_P2_Ama058	300	0/1	28	5	NA	33	1602	58	85	15	NA	3.62047440699126
10149_Gorai.006G244400.2_P2_Ama058	616	0/1	56	6	NA	62	1602	58	90	10	NA	3.62047440699126
10149_Gorai.006G244400.2_P2_Ama058	631	0/1	51	8	NA	59	1602	58	86	14	NA	3.62047440699126
10149_Gorai.006G244400.2_P2_Ama058	641	0/1	46	8	NA	54	1602	58	85	15	NA	3.62047440699126
10149_Gorai.006G244400.2_P2_Ama058	661	0/1	41	8	NA	49	1602	58	84	16	NA	3.62047440699126
10149_Gorai.006G244400.2_P2_Ama058	677	0/1	35	6	NA	41	1602	58	85	15	NA	3.62047440699126
10149_Gorai.006G244400.2_P2_Ama058	1149	0/1	96	17	NA	113	1602	58	85	15	NA	3.62047440699126
10149_Gorai.006G244400.2_P2_Ama058	1164	0/1	113	12	NA	125	1602	58	90	10	NA	3.62047440699126
10149_Gorai.006G244400.2_P2_Ama058	1172	0/1	108	24	NA	132	1602	58	82	18	NA	3.62047440699126
10149_Gorai.006G244400.2_P2_Ama058	1187	0/1	113	26	NA	139	1602	58	81	19	NA	3.62047440699126
10149_Gorai.006G244400.2_P2_Ama058	1208	0/1	119	18	NA	137	1602	58	87	13	NA	3.62047440699126
10149_Gorai.006G244400.2_P2_Ama058	1232	0/1	133	33	NA	166	1602	58	80	20	NA	3.62047440699126
10149_Gorai.006G244400.2_P2_Ama058	1235	0/1	146	21	NA	167	1602	58	87	13	NA	3.62047440699126
10149_Gorai.006G244400.2_P2_Ama058	1250	0/1	139	27	NA	166	1602	58	84	16	NA	3.62047440699126
10149_Gorai.006G244400.2_P2_Ama058	1256	0/1	140	27	NA	167	1602	58	84	16	NA	3.62047440699126
10149_Gorai.006G244400.2_P2_Ama058	1277	0/1	150	14	NA	164	1602	58	91	9	NA	3.62047440699126
10149_Gorai.006G244400.2_P2_Ama058	1280	0/1	152	14	NA	166	1602	58	92	8	NA	3.62047440699126
10149_Gorai.006G244400.2_P2_Ama058	1283	0/1	137	30	NA	167	1602	58	82	18	NA	3.62047440699126
10149_Gorai.006G244400.2_P2_Ama058	1292	0/1	137	30	NA	167	1602	58	82	18	NA	3.62047440699126
10149_Gorai.006G244400.2_P2_Ama058	1319	0/1	130	26	NA	156	1602	58	83	17	NA	3.62047440699126
10149_Gorai.006G244400.2_P2_Ama058	1322	0/1	116	40	NA	156	1602	58	74	26	NA	3.62047440699126
10149_Gorai.006G244400.2_P2_Ama058	1338	0/1	137	13	NA	150	1602	58	91	9	NA	3.62047440699126
10149_Gorai.006G244400.2_P2_Ama058	1346	0/1	115	37	NA	152	1602	58	76	24	NA	3.62047440699126
10149_Gorai.006G244400.2_P2_Ama058	1364	0/1	118	24	NA	142	1602	58	83	17	NA	3.62047440699126
10149_Gorai.006G244400.2_P2_Ama058	1374	0/1	117	18	NA	135	1602	58	87	13	NA	3.62047440699126
10149_Gorai.006G244400.2_P2_Ama058	1376	0/1	115	18	NA	133	1602	58	86	14	NA	3.62047440699126
10149_Gorai.006G244400.2_P2_Ama058	1379	0/1	111	18	NA	129	1602	58	86	14	NA	3.62047440699126
10149_Gorai.006G244400.2_P2_Ama058	1391	0/1	109	13	NA	122	1602	58	89	11	NA	3.62047440699126
10149_Gorai.006G244400.2_P2_Ama058	1394	0/1	108	14	NA	122	1602	58	89	11	NA	3.62047440699126
10149_Gorai.006G244400.2_P2_Ama058	1400	0/1	104	13	NA	117	1602	58	89	11	NA	3.62047440699126
10149_Gorai.006G244400.2_P2_Ama058	1403	0/1	103	12	NA	115	1602	58	90	10	NA	3.62047440699126
10149_Gorai.006G244400.2_P2_Ama058	1406	0/1	103	13	NA	116	1602	58	89	11	NA	3.62047440699126
10149_Gorai.006G244400.2_P2_Ama058	1421	0/1	97	11	NA	108	1602	58	90	10	NA	3.62047440699126
10149_Gorai.006G244400.2_P2_Ama058	1431	0/1	90	10	NA	100	1602	58	90	10	NA	3.62047440699126
10149_Gorai.006G244400.2_P2_Ama058	1435	0/1	91	9	NA	100	1602	58	91	9	NA	3.62047440699126
10149_Gorai.006G244400.2_P2_Ama058	1451	0/1	80	8	NA	88	1602	58	91	9	NA	3.62047440699126
10375_Gorai.003G120400.2_P2_Ama058	907	0/1	33	18	NA	51	1648	1	65	35	NA	0.0606796116504854
10569_Gorai.002G141200.1_Ama058	298	1/1	3	27	NA	30	1167	4	10	90	NA	0.342759211653813
10569_Gorai.002G141200.1_Ama058	672	0/1	3	8	NA	11	1167	4	27	73	NA	0.342759211653813
10569_Gorai.002G141200.1_Ama058	699	1/1	2	8	NA	10	1167	4	20	80	NA	0.342759211653813
10569_Gorai.002G141200.1_Ama058	700	1/1	2	8	NA	10	1167	4	20	80	NA	0.342759211653813
10569_Gorai.002G141200.1_Ama058_3	298	1/1	0	21	NA	21	1167	11	0	100	NA	0.942587832047986
10569_Gorai.002G141200.1_Ama058_3	654	1/1	0	4	NA	4	1167	11	0	100	NA	0.942587832047986
10569_Gorai.002G141200.1_Ama058_3	655	1/1	2	2	NA	4	1167	11	50	50	NA	0.942587832047986
10569_Gorai.002G141200.1_Ama058_3	672	1/1	0	4	NA	4	1167	11	0	100	NA	0.942587832047986
10569_Gorai.002G141200.1_Ama058_3	700	1/1	0	4	NA	4	1167	11	0	100	NA	0.942587832047986
10569_Gorai.002G141200.1_Ama058_3	714	1/1	2	2	NA	4	1167	11	50	50	NA	0.942587832047986
10569_Gorai.002G141200.1_Ama058_3	715	1/1	2	2	NA	4	1167	11	50	50	NA	0.942587832047986
10569_Gorai.002G141200.1_Ama058_3	724	1/1	0	4	NA	4	1167	11	0	100	NA	0.942587832047986
10569_Gorai.002G141200.1_Ama058_3	725	1/1	0	4	NA	4	1167	11	0	100	NA	0.942587832047986
10569_Gorai.002G141200.1_Ama058_3	728	1/1	0	4	NA	4	1167	11	0	100	NA	0.942587832047986
10569_Gorai.002G141200.1_Ama058_3	733	1/1	0	4	NA	4	1167	11	0	100	NA	0.942587832047986
10952_Gorai.010G135000.1_Ama058_3	562	1/1	0	26	NA	26	1650	1	0	100	NA	0.0606060606060606
11201_Gorai.009G235000.3_Ama058	11	1/1	0	8	NA	8	1088	11	0	100	NA	1.01102941176471
11201_Gorai.009G235000.3_Ama058	17	1/1	0	10	NA	10	1088	11	0	100	NA	1.01102941176471
11201_Gorai.009G235000.3_Ama058	34	1/1	0	18	NA	18	1088	11	0	100	NA	1.01102941176471
11201_Gorai.009G235000.3_Ama058	65	1/1	0	45	NA	45	1088	11	0	100	NA	1.01102941176471
11201_Gorai.009G235000.3_Ama058	78	0/1	31	22	NA	53	1088	11	58	42	NA	1.01102941176471
11201_Gorai.009G235000.3_Ama058	140	1/1	0	61	NA	61	1088	11	0	100	NA	1.01102941176471
11201_Gorai.009G235000.3_Ama058	152	1/1	0	62	NA	62	1088	11	0	100	NA	1.01102941176471
11201_Gorai.009G235000.3_Ama058	239	1/1	0	51	NA	51	1088	11	0	100	NA	1.01102941176471
11201_Gorai.009G235000.3_Ama058	254	1/1	0	46	NA	46	1088	11	0	100	NA	1.01102941176471
11201_Gorai.009G235000.3_Ama058	285	1/1	0	29	NA	29	1088	11	0	100	NA	1.01102941176471
11201_Gorai.009G235000.3_Ama058	310	0/1	9	6	NA	15	1088	11	60	40	NA	1.01102941176471
11201_Gorai.009G235000.3_Ama058_3	65	1/1	0	57	NA	57	1088	8	0	100	NA	0.735294117647059
11201_Gorai.009G235000.3_Ama058_3	140	1/1	2	70	NA	72	1088	8	3	97	NA	0.735294117647059
11201_Gorai.009G235000.3_Ama058_3	152	1/1	2	71	NA	73	1088	8	3	97	NA	0.735294117647059
11201_Gorai.009G235000.3_Ama058_3	239	1/1	0	52	NA	52	1088	8	0	100	NA	0.735294117647059
11201_Gorai.009G235000.3_Ama058_3	254	1/1	0	43	NA	43	1088	8	0	100	NA	0.735294117647059
11201_Gorai.009G235000.3_Ama058_3	285	1/1	0	23	NA	23	1088	8	0	100	NA	0.735294117647059
11201_Gorai.009G235000.3_Ama058_3	291	0/1	1	5	NA	6	1088	8	17	83	NA	0.735294117647059
11201_Gorai.009G235000.3_Ama058_3	728	1/1	67	13	NA	80	1088	8	84	16	NA	0.735294117647059
11217_Gorai.002G050300.2_P1_Ama058	52	1/1	4	26	NA	30	1365	11	13	87	NA	0.805860805860806
11217_Gorai.002G050300.2_P1_Ama058	77	1/1	7	32	NA	39	1365	11	18	82	NA	0.805860805860806
11217_Gorai.002G050300.2_P1_Ama058	112	1/1	20	43	NA	63	1365	11	32	68	NA	0.805860805860806
11217_Gorai.002G050300.2_P1_Ama058	1051	1/1	100	38	NA	138	1365	11	72	28	NA	0.805860805860806
11217_Gorai.002G050300.2_P1_Ama058	1054	1/1	100	41	NA	141	1365	11	71	29	NA	0.805860805860806
11217_Gorai.002G050300.2_P1_Ama058	1060	1/1	98	47	NA	145	1365	11	68	32	NA	0.805860805860806
11217_Gorai.002G050300.2_P1_Ama058	1099	1/1	83	68	NA	151	1365	11	55	45	NA	0.805860805860806
11217_Gorai.002G050300.2_P1_Ama058	1135	1/1	61	92	NA	153	1365	11	40	60	NA	0.805860805860806
11217_Gorai.002G050300.2_P1_Ama058	1144	0/1	84	62	NA	146	1365	11	58	42	NA	0.805860805860806
11217_Gorai.002G050300.2_P1_Ama058	1198	1/1	28	96	NA	124	1365	11	23	77	NA	0.805860805860806
11217_Gorai.002G050300.2_P1_Ama058	1345	0/1	7	23	NA	30	1365	11	23	77	NA	0.805860805860806
11217_Gorai.002G050300.2_P1_Ama058_3	52	1/1	7	31	NA	38	1365	8	18	82	NA	0.586080586080586
11217_Gorai.002G050300.2_P1_Ama058_3	77	1/1	9	41	NA	50	1365	8	18	82	NA	0.586080586080586
11217_Gorai.002G050300.2_P1_Ama058_3	112	1/1	19	62	NA	81	1365	8	23	77	NA	0.586080586080586
11217_Gorai.002G050300.2_P1_Ama058_3	1129	0/1	99	61	NA	160	1365	8	62	38	NA	0.586080586080586
11217_Gorai.002G050300.2_P1_Ama058_3	1135	1/1	34	126	NA	160	1365	8	21	79	NA	0.586080586080586
11217_Gorai.002G050300.2_P1_Ama058_3	1198	1/1	27	116	NA	143	1365	8	19	81	NA	0.586080586080586
11217_Gorai.002G050300.2_P1_Ama058_3	1252	0/1	47	54	NA	101	1365	8	47	53	NA	0.586080586080586
11217_Gorai.002G050300.2_P1_Ama058_3	1258	0/1	50	46	NA	96	1365	8	52	48	NA	0.586080586080586
11426_Gorai.011G126700.1_Ama058	349	1/1	0	8	NA	8	1706	9	0	100	NA	0.527549824150059
11426_Gorai.011G126700.1_Ama058	358	1/1	1	8	NA	9	1706	9	11	89	NA	0.527549824150059
11426_Gorai.011G126700.1_Ama058	391	1/1	3	8	NA	11	1706	9	27	73	NA	0.527549824150059
11426_Gorai.011G126700.1_Ama058	394	1/1	3	8	NA	11	1706	9	27	73	NA	0.527549824150059
11426_Gorai.011G126700.1_Ama058	409	1/1	4	7	NA	11	1706	9	36	64	NA	0.527549824150059
11426_Gorai.011G126700.1_Ama058	412	1/1	5	6	NA	11	1706	9	45	55	NA	0.527549824150059
11426_Gorai.011G126700.1_Ama058	427	1/1	5	5	NA	10	1706	9	50	50	NA	0.527549824150059
11426_Gorai.011G126700.1_Ama058	456	1/1	6	5	NA	11	1706	9	55	45	NA	0.527549824150059
11426_Gorai.011G126700.1_Ama058	457	1/1	6	5	NA	11	1706	9	55	45	NA	0.527549824150059
11426_Gorai.011G126700.1_Ama058_3	543	1/1	3	21	NA	24	1706	2	12	88	NA	0.117233294255569
11426_Gorai.011G126700.1_Ama058_3	608	1/1	0	27	NA	27	1706	2	0	100	NA	0.117233294255569
1189_Gorai.008G016300.1_P1_Ama058	214	1/1	0	163	NA	163	3823	4	0	100	NA	0.104629871828407
1189_Gorai.008G016300.1_P1_Ama058	260	1/1	0	148	NA	148	3823	4	0	100	NA	0.104629871828407
1189_Gorai.008G016300.1_P1_Ama058	275	1/1	0	130	NA	130	3823	4	0	100	NA	0.104629871828407
1189_Gorai.008G016300.1_P1_Ama058	282	1/1	0	131	NA	131	3823	4	0	100	NA	0.104629871828407
1189_Gorai.008G016300.1_P1_Ama058_3	356	1/1	0	164	NA	164	3823	4	0	100	NA	0.104629871828407
1189_Gorai.008G016300.1_P1_Ama058_3	400	1/1	0	197	NA	197	3823	4	0	100	NA	0.104629871828407
1189_Gorai.008G016300.1_P1_Ama058_3	440	1/1	0	213	NA	213	3823	4	0	100	NA	0.104629871828407
1189_Gorai.008G016300.1_P1_Ama058_3	467	1/1	0	241	NA	241	3823	4	0	100	NA	0.104629871828407
1189_Gorai.008G016300.1_P2_Ama058	25	0/1	36	5	NA	41	3820	1	88	12	NA	0.0261780104712042
11985_Gorai.012G039700.1_Ama058	1813	1/1	1	32	NA	33	2109	1	3	97	NA	0.0474158368895211
12126_Gorai.001G182500.1_Ama058	782	1/1	0	10	NA	10	1131	1	0	100	NA	0.0884173297966401
12798_Gorai.008G004800.1_Ama058	1739	1/1	4	19	NA	23	2041	1	17	83	NA	0.0489955903968643
12798_Gorai.008G004800.1_Ama058_3	1739	1/1	13	23	NA	36	2041	1	36	64	NA	0.0489955903968643
13380_Gorai.012G123900.8_Ama058	841	1/1	0	13	NA	13	1773	2	0	100	NA	0.112803158488438
13380_Gorai.012G123900.8_Ama058	1473	0/1	3	2	NA	5	1773	2	60	40	NA	0.112803158488438
13692_Gorai.005G223700.2_P1_Ama058	1303	1/1	0	39	NA	39	1445	3	0	100	NA	0.207612456747405
13692_Gorai.005G223700.2_P1_Ama058	1305	1/1	0	39	NA	39	1445	3	0	100	NA	0.207612456747405
13692_Gorai.005G223700.2_P1_Ama058	1308	1/1	0	39	NA	39	1445	3	0	100	NA	0.207612456747405
13692_Gorai.005G223700.2_P2_Ama058	715	1/1	0	3	NA	3	1345	11	0	100	NA	0.817843866171004
13692_Gorai.005G223700.2_P2_Ama058	717	1/1	0	4	NA	4	1345	11	0	100	NA	0.817843866171004
13692_Gorai.005G223700.2_P2_Ama058	780	1/1	0	29	NA	29	1345	11	0	100	NA	0.817843866171004
13692_Gorai.005G223700.2_P2_Ama058	856	0/1	13	18	NA	31	1345	11	42	58	NA	0.817843866171004
13692_Gorai.005G223700.2_P2_Ama058	900	1/1	0	29	NA	29	1345	11	0	100	NA	0.817843866171004
13692_Gorai.005G223700.2_P2_Ama058	971	1/1	1	14	NA	15	1345	11	7	93	NA	0.817843866171004
13692_Gorai.005G223700.2_P2_Ama058	978	1/1	2	11	NA	13	1345	11	15	85	NA	0.817843866171004
13692_Gorai.005G223700.2_P2_Ama058	981	1/1	1	10	NA	11	1345	11	9	91	NA	0.817843866171004
13692_Gorai.005G223700.2_P2_Ama058	987	1/1	1	9	NA	10	1345	11	10	90	NA	0.817843866171004
13692_Gorai.005G223700.2_P2_Ama058	990	1/1	1	9	NA	10	1345	11	10	90	NA	0.817843866171004
13692_Gorai.005G223700.2_P2_Ama058	1008	1/1	1	4	NA	5	1345	11	20	80	NA	0.817843866171004
13692_Gorai.005G223700.2_P2_Ama058_3	713	1/1	0	11	NA	11	1345	7	0	100	NA	0.520446096654275
13692_Gorai.005G223700.2_P2_Ama058_3	715	1/1	0	11	NA	11	1345	7	0	100	NA	0.520446096654275
13692_Gorai.005G223700.2_P2_Ama058_3	716	1/1	0	11	NA	11	1345	7	0	100	NA	0.520446096654275
13692_Gorai.005G223700.2_P2_Ama058_3	718	1/1	0	12	NA	12	1345	7	0	100	NA	0.520446096654275
13692_Gorai.005G223700.2_P2_Ama058_3	780	1/1	0	33	NA	33	1345	7	0	100	NA	0.520446096654275
13692_Gorai.005G223700.2_P2_Ama058_3	900	1/1	0	43	NA	43	1345	7	0	100	NA	0.520446096654275
13692_Gorai.005G223700.2_P2_Ama058_3	990	1/1	0	26	NA	26	1345	7	0	100	NA	0.520446096654275
13787_Gorai.004G162900.1_Ama058	511	1/1	10	31	NA	41	1176	1	24	76	NA	0.0850340136054422
1413_Gorai.001G037900.1_P2_Ama058	63	1/1	1	52	NA	53	3048	58	2	98	NA	1.90288713910761
1413_Gorai.001G037900.1_P2_Ama058	201	1/1	11	100	NA	111	3048	58	10	90	NA	1.90288713910761
1413_Gorai.001G037900.1_P2_Ama058	202	1/1	11	99	NA	110	3048	58	10	90	NA	1.90288713910761
1413_Gorai.001G037900.1_P2_Ama058	224	1/1	11	110	NA	121	3048	58	9	91	NA	1.90288713910761
1413_Gorai.001G037900.1_P2_Ama058	225	1/1	11	110	NA	121	3048	58	9	91	NA	1.90288713910761
1413_Gorai.001G037900.1_P2_Ama058	293	1/1	10	113	NA	123	3048	58	8	92	NA	1.90288713910761
1413_Gorai.001G037900.1_P2_Ama058	335	1/1	11	89	NA	100	3048	58	11	89	NA	1.90288713910761
1413_Gorai.001G037900.1_P2_Ama058	404	1/1	10	60	NA	70	3048	58	14	86	NA	1.90288713910761
1413_Gorai.001G037900.1_P2_Ama058	424	1/1	7	54	NA	61	3048	58	11	89	NA	1.90288713910761
1413_Gorai.001G037900.1_P2_Ama058	482	1/1	0	46	NA	46	3048	58	0	100	NA	1.90288713910761
1413_Gorai.001G037900.1_P2_Ama058	503	1/1	0	43	NA	43	3048	58	0	100	NA	1.90288713910761
1413_Gorai.001G037900.1_P2_Ama058	514	1/1	0	37	NA	37	3048	58	0	100	NA	1.90288713910761
1413_Gorai.001G037900.1_P2_Ama058	1857	1/1	27	157	NA	184	3048	58	15	85	NA	1.90288713910761
1413_Gorai.001G037900.1_P2_Ama058	1934	1/1	61	136	NA	197	3048	58	31	69	NA	1.90288713910761
1413_Gorai.001G037900.1_P2_Ama058	2185	1/1	46	19	NA	65	3048	58	71	29	NA	1.90288713910761
1413_Gorai.001G037900.1_P2_Ama058	2195	1/1	42	14	NA	56	3048	58	75	25	NA	1.90288713910761
1413_Gorai.001G037900.1_P2_Ama058	2196	1/1	42	15	NA	57	3048	58	74	26	NA	1.90288713910761
1413_Gorai.001G037900.1_P2_Ama058	2216	1/1	34	27	NA	61	3048	58	56	44	NA	1.90288713910761
1413_Gorai.001G037900.1_P2_Ama058	2221	1/1	30	27	NA	57	3048	58	53	47	NA	1.90288713910761
1413_Gorai.001G037900.1_P2_Ama058	2223	1/1	28	27	NA	55	3048	58	51	49	NA	1.90288713910761
1413_Gorai.001G037900.1_P2_Ama058	2225	1/1	26	28	NA	54	3048	58	48	52	NA	1.90288713910761
1413_Gorai.001G037900.1_P2_Ama058	2233	1/1	23	37	NA	60	3048	58	38	62	NA	1.90288713910761
1413_Gorai.001G037900.1_P2_Ama058	2238	1/1	18	38	NA	56	3048	58	32	68	NA	1.90288713910761
1413_Gorai.001G037900.1_P2_Ama058	2243	1/1	15	41	NA	56	3048	58	27	73	NA	1.90288713910761
1413_Gorai.001G037900.1_P2_Ama058	2261	1/1	11	41	NA	52	3048	58	21	79	NA	1.90288713910761
1413_Gorai.001G037900.1_P2_Ama058	2264	1/1	10	41	NA	51	3048	58	20	80	NA	1.90288713910761
1413_Gorai.001G037900.1_P2_Ama058	2265	1/1	10	41	NA	51	3048	58	20	80	NA	1.90288713910761
1413_Gorai.001G037900.1_P2_Ama058	2267	1/1	10	41	NA	51	3048	58	20	80	NA	1.90288713910761
1413_Gorai.001G037900.1_P2_Ama058	2275	1/1	10	41	NA	51	3048	58	20	80	NA	1.90288713910761
1413_Gorai.001G037900.1_P2_Ama058	2277	1/1	10	42	NA	52	3048	58	19	81	NA	1.90288713910761
1413_Gorai.001G037900.1_P2_Ama058	2282	1/1	10	44	NA	54	3048	58	19	81	NA	1.90288713910761
1413_Gorai.001G037900.1_P2_Ama058	2288	1/1	10	53	NA	63	3048	58	16	84	NA	1.90288713910761
1413_Gorai.001G037900.1_P2_Ama058	2310	1/1	9	59	NA	68	3048	58	13	87	NA	1.90288713910761
1413_Gorai.001G037900.1_P2_Ama058	2315	1/1	9	61	NA	70	3048	58	13	87	NA	1.90288713910761
1413_Gorai.001G037900.1_P2_Ama058	2360	1/1	3	74	NA	77	3048	58	4	96	NA	1.90288713910761
1413_Gorai.001G037900.1_P2_Ama058	2375	1/1	0	76	NA	76	3048	58	0	100	NA	1.90288713910761
1413_Gorai.001G037900.1_P2_Ama058	2432	1/1	1	67	NA	68	3048	58	1	99	NA	1.90288713910761
1413_Gorai.001G037900.1_P2_Ama058	2459	1/1	1	59	NA	60	3048	58	2	98	NA	1.90288713910761
1413_Gorai.001G037900.1_P2_Ama058	2469	1/1	1	56	NA	57	3048	58	2	98	NA	1.90288713910761
1413_Gorai.001G037900.1_P2_Ama058	2471	1/1	1	54	NA	55	3048	58	2	98	NA	1.90288713910761
1413_Gorai.001G037900.1_P2_Ama058	2581	1/1	1	24	NA	25	3048	58	4	96	NA	1.90288713910761
1413_Gorai.001G037900.1_P2_Ama058	2687	1/1	0	16	NA	16	3048	58	0	100	NA	1.90288713910761
1413_Gorai.001G037900.1_P2_Ama058	2692	1/1	0	18	NA	18	3048	58	0	100	NA	1.90288713910761
1413_Gorai.001G037900.1_P2_Ama058	2705	1/1	0	24	NA	24	3048	58	0	100	NA	1.90288713910761
1413_Gorai.001G037900.1_P2_Ama058	2720	1/1	0	31	NA	31	3048	58	0	100	NA	1.90288713910761
1413_Gorai.001G037900.1_P2_Ama058	2768	1/1	4	43	NA	47	3048	58	9	91	NA	1.90288713910761
1413_Gorai.001G037900.1_P2_Ama058	2809	0/1	23	45	NA	68	3048	58	34	66	NA	1.90288713910761
1413_Gorai.001G037900.1_P2_Ama058	2877	0/1	30	46	NA	76	3048	58	39	61	NA	1.90288713910761
1413_Gorai.001G037900.1_P2_Ama058	2893	0/1	43	31	NA	74	3048	58	58	42	NA	1.90288713910761
1413_Gorai.001G037900.1_P2_Ama058	2904	0/1	35	30	NA	65	3048	58	54	46	NA	1.90288713910761
1413_Gorai.001G037900.1_P2_Ama058	2913	0/1	29	30	NA	59	3048	58	49	51	NA	1.90288713910761
1413_Gorai.001G037900.1_P2_Ama058	2922	0/1	25	30	NA	55	3048	58	45	55	NA	1.90288713910761
1413_Gorai.001G037900.1_P2_Ama058	2923	0/1	30	25	NA	55	3048	58	55	45	NA	1.90288713910761
1413_Gorai.001G037900.1_P2_Ama058	2924	0/1	23	30	NA	53	3048	58	43	57	NA	1.90288713910761
1413_Gorai.001G037900.1_P2_Ama058	2926	0/1	23	30	NA	53	3048	58	43	57	NA	1.90288713910761
1413_Gorai.001G037900.1_P2_Ama058	2937	0/1	30	20	NA	50	3048	58	60	40	NA	1.90288713910761
1413_Gorai.001G037900.1_P2_Ama058	2958	0/1	30	15	NA	45	3048	58	67	33	NA	1.90288713910761
1413_Gorai.001G037900.1_P2_Ama058	2967	0/1	30	9	NA	39	3048	58	77	23	NA	1.90288713910761
1413_Gorai.001G037900.1_P2_Ama058_3	63	1/1	2	53	NA	55	3048	67	4	96	NA	2.19816272965879
1413_Gorai.001G037900.1_P2_Ama058_3	201	1/1	13	96	NA	109	3048	67	12	88	NA	2.19816272965879
1413_Gorai.001G037900.1_P2_Ama058_3	202	1/1	13	95	NA	108	3048	67	12	88	NA	2.19816272965879
1413_Gorai.001G037900.1_P2_Ama058_3	224	1/1	13	95	NA	108	3048	67	12	88	NA	2.19816272965879
1413_Gorai.001G037900.1_P2_Ama058_3	225	1/1	13	94	NA	107	3048	67	12	88	NA	2.19816272965879
1413_Gorai.001G037900.1_P2_Ama058_3	293	1/1	14	82	NA	96	3048	67	15	85	NA	2.19816272965879
1413_Gorai.001G037900.1_P2_Ama058_3	322	1/1	16	61	NA	77	3048	67	21	79	NA	2.19816272965879
1413_Gorai.001G037900.1_P2_Ama058_3	325	1/1	16	59	NA	75	3048	67	21	79	NA	2.19816272965879
1413_Gorai.001G037900.1_P2_Ama058_3	335	1/1	17	55	NA	72	3048	67	24	76	NA	2.19816272965879
1413_Gorai.001G037900.1_P2_Ama058_3	345	1/1	16	51	NA	67	3048	67	24	76	NA	2.19816272965879
1413_Gorai.001G037900.1_P2_Ama058_3	358	0/1	44	24	NA	68	3048	67	65	35	NA	2.19816272965879
1413_Gorai.001G037900.1_P2_Ama058_3	386	1/1	16	41	NA	57	3048	67	28	72	NA	2.19816272965879
1413_Gorai.001G037900.1_P2_Ama058_3	404	1/1	15	39	NA	54	3048	67	28	72	NA	2.19816272965879
1413_Gorai.001G037900.1_P2_Ama058_3	424	1/1	14	33	NA	47	3048	67	30	70	NA	2.19816272965879
1413_Gorai.001G037900.1_P2_Ama058_3	431	1/1	10	33	NA	43	3048	67	23	77	NA	2.19816272965879
1413_Gorai.001G037900.1_P2_Ama058_3	443	1/1	3	31	NA	34	3048	67	9	91	NA	2.19816272965879
1413_Gorai.001G037900.1_P2_Ama058_3	480	1/1	0	22	NA	22	3048	67	0	100	NA	2.19816272965879
1413_Gorai.001G037900.1_P2_Ama058_3	482	1/1	0	21	NA	21	3048	67	0	100	NA	2.19816272965879
1413_Gorai.001G037900.1_P2_Ama058_3	483	1/1	0	21	NA	21	3048	67	0	100	NA	2.19816272965879
1413_Gorai.001G037900.1_P2_Ama058_3	491	1/1	0	22	NA	22	3048	67	0	100	NA	2.19816272965879
1413_Gorai.001G037900.1_P2_Ama058_3	503	1/1	0	18	NA	18	3048	67	0	100	NA	2.19816272965879
1413_Gorai.001G037900.1_P2_Ama058_3	507	1/1	0	18	NA	18	3048	67	0	100	NA	2.19816272965879
1413_Gorai.001G037900.1_P2_Ama058_3	514	1/1	0	19	NA	19	3048	67	0	100	NA	2.19816272965879
1413_Gorai.001G037900.1_P2_Ama058_3	554	1/1	2	17	NA	19	3048	67	11	89	NA	2.19816272965879
1413_Gorai.001G037900.1_P2_Ama058_3	565	1/1	3	17	NA	20	3048	67	15	85	NA	2.19816272965879
1413_Gorai.001G037900.1_P2_Ama058_3	593	1/1	3	14	NA	17	3048	67	18	82	NA	2.19816272965879
1413_Gorai.001G037900.1_P2_Ama058_3	594	1/1	3	14	NA	17	3048	67	18	82	NA	2.19816272965879
1413_Gorai.001G037900.1_P2_Ama058_3	1656	1/1	52	25	NA	77	3048	67	68	32	NA	2.19816272965879
1413_Gorai.001G037900.1_P2_Ama058_3	1663	1/1	49	28	NA	77	3048	67	64	36	NA	2.19816272965879
1413_Gorai.001G037900.1_P2_Ama058_3	1671	1/1	44	30	NA	74	3048	67	59	41	NA	2.19816272965879
1413_Gorai.001G037900.1_P2_Ama058_3	1673	1/1	43	31	NA	74	3048	67	58	42	NA	2.19816272965879
1413_Gorai.001G037900.1_P2_Ama058_3	1695	1/1	35	49	NA	84	3048	67	42	58	NA	2.19816272965879
1413_Gorai.001G037900.1_P2_Ama058_3	1710	1/1	33	57	NA	90	3048	67	37	63	NA	2.19816272965879
1413_Gorai.001G037900.1_P2_Ama058_3	1717	1/1	29	57	NA	86	3048	67	34	66	NA	2.19816272965879
1413_Gorai.001G037900.1_P2_Ama058_3	1731	1/1	29	63	NA	92	3048	67	32	68	NA	2.19816272965879
1413_Gorai.001G037900.1_P2_Ama058_3	1732	1/1	27	65	NA	92	3048	67	29	71	NA	2.19816272965879
1413_Gorai.001G037900.1_P2_Ama058_3	1758	1/1	11	84	NA	95	3048	67	12	88	NA	2.19816272965879
1413_Gorai.001G037900.1_P2_Ama058_3	1775	1/1	10	93	NA	103	3048	67	10	90	NA	2.19816272965879
1413_Gorai.001G037900.1_P2_Ama058_3	1785	1/1	7	97	NA	104	3048	67	7	93	NA	2.19816272965879
1413_Gorai.001G037900.1_P2_Ama058_3	1787	1/1	7	97	NA	104	3048	67	7	93	NA	2.19816272965879
1413_Gorai.001G037900.1_P2_Ama058_3	1857	1/1	30	103	NA	133	3048	67	23	77	NA	2.19816272965879
1413_Gorai.001G037900.1_P2_Ama058_3	1934	1/1	60	102	NA	162	3048	67	37	63	NA	2.19816272965879
1413_Gorai.001G037900.1_P2_Ama058_3	2360	1/1	0	108	NA	108	3048	67	0	100	NA	2.19816272965879
1413_Gorai.001G037900.1_P2_Ama058_3	2375	1/1	2	109	NA	111	3048	67	2	98	NA	2.19816272965879
1413_Gorai.001G037900.1_P2_Ama058_3	2432	1/1	4	88	NA	92	3048	67	4	96	NA	2.19816272965879
1413_Gorai.001G037900.1_P2_Ama058_3	2459	1/1	4	70	NA	74	3048	67	5	95	NA	2.19816272965879
1413_Gorai.001G037900.1_P2_Ama058_3	2469	1/1	4	67	NA	71	3048	67	6	94	NA	2.19816272965879
1413_Gorai.001G037900.1_P2_Ama058_3	2471	1/1	4	67	NA	71	3048	67	6	94	NA	2.19816272965879
1413_Gorai.001G037900.1_P2_Ama058_3	2581	1/1	2	19	NA	21	3048	67	10	90	NA	2.19816272965879
1413_Gorai.001G037900.1_P2_Ama058_3	2705	1/1	4	17	NA	21	3048	67	19	81	NA	2.19816272965879
1413_Gorai.001G037900.1_P2_Ama058_3	2720	1/1	5	24	NA	29	3048	67	17	83	NA	2.19816272965879
1413_Gorai.001G037900.1_P2_Ama058_3	2768	1/1	12	40	NA	52	3048	67	23	77	NA	2.19816272965879
1413_Gorai.001G037900.1_P2_Ama058_3	2809	0/1	31	42	NA	73	3048	67	42	58	NA	2.19816272965879
1413_Gorai.001G037900.1_P2_Ama058_3	2829	0/1	42	31	NA	73	3048	67	58	42	NA	2.19816272965879
1413_Gorai.001G037900.1_P2_Ama058_3	2877	0/1	39	39	NA	78	3048	67	50	50	NA	2.19816272965879
1413_Gorai.001G037900.1_P2_Ama058_3	2893	0/1	38	37	NA	75	3048	67	51	49	NA	2.19816272965879
1413_Gorai.001G037900.1_P2_Ama058_3	2904	0/1	33	35	NA	68	3048	67	49	51	NA	2.19816272965879
1413_Gorai.001G037900.1_P2_Ama058_3	2913	0/1	29	36	NA	65	3048	67	45	55	NA	2.19816272965879
1413_Gorai.001G037900.1_P2_Ama058_3	2922	0/1	24	36	NA	60	3048	67	40	60	NA	2.19816272965879
1413_Gorai.001G037900.1_P2_Ama058_3	2923	0/1	36	24	NA	60	3048	67	60	40	NA	2.19816272965879
1413_Gorai.001G037900.1_P2_Ama058_3	2924	0/1	24	36	NA	60	3048	67	40	60	NA	2.19816272965879
1413_Gorai.001G037900.1_P2_Ama058_3	2926	0/1	22	36	NA	58	3048	67	38	62	NA	2.19816272965879
1413_Gorai.001G037900.1_P2_Ama058_3	2937	0/1	36	19	NA	55	3048	67	65	35	NA	2.19816272965879
1413_Gorai.001G037900.1_P2_Ama058_3	2958	0/1	36	14	NA	50	3048	67	72	28	NA	2.19816272965879
1413_Gorai.001G037900.1_P2_Ama058_3	2967	0/1	36	11	NA	47	3048	67	77	23	NA	2.19816272965879
1413_Gorai.001G037900.1_P2_Ama058_3	3023	1/1	0	22	NA	22	3048	67	0	100	NA	2.19816272965879
1413_Gorai.001G037900.1_P2_Ama058_3	3039	1/1	0	13	NA	13	3048	67	0	100	NA	2.19816272965879
14421_Gorai.012G106000.2_Ama058	820	1/1	0	6	NA	6	1567	1	0	100	NA	0.0638162093171666
14421_Gorai.012G106000.2_Ama058_3	846	0/1	1	4	NA	5	1567	2	20	80	NA	0.127632418634333
14421_Gorai.012G106000.2_Ama058_3	916	1/1	7	26	NA	33	1567	2	21	79	NA	0.127632418634333
14654_Gorai.005G220300.2_Ama058	474	1/1	5	34	NA	39	3482	1	13	87	NA	0.0287191269385411
14654_Gorai.005G220300.2_Ama058_3	474	1/1	3	35	NA	38	3482	1	8	92	NA	0.0287191269385411
14985_Gorai.005G078200.3_Ama058	1020	1/1	0	7	NA	7	1815	1	0	100	NA	0.0550964187327824
14985_Gorai.005G078200.3_Ama058_3	1210	1/1	0	4	NA	4	1815	1	0	100	NA	0.0550964187327824
15300_Gorai.011G069100.2_Ama058_3	698	1/1	2	6	NA	8	1943	1	25	75	NA	0.0514668039114771
1609_Gorai.007G247300.1_P1_Ama058	1780	1/1	3	108	NA	111	2572	2	3	97	NA	0.0777604976671851
1609_Gorai.007G247300.1_P1_Ama058	2363	1/1	28	64	NA	92	2572	2	30	70	NA	0.0777604976671851
1609_Gorai.007G247300.1_P1_Ama058_3	1780	1/1	11	140	NA	151	2572	4	7	93	NA	0.15552099533437
1609_Gorai.007G247300.1_P1_Ama058_3	2363	0/1	30	77	NA	107	2572	4	28	72	NA	0.15552099533437
1609_Gorai.007G247300.1_P1_Ama058_3	2542	1/1	0	40	NA	40	2572	4	0	100	NA	0.15552099533437
1609_Gorai.007G247300.1_P1_Ama058_3	2548	1/1	0	39	NA	39	2572	4	0	100	NA	0.15552099533437
1609_Gorai.007G247300.1_P2_Ama058	30	1/1	0	60	NA	60	2301	3	0	100	NA	0.130378096479791
1609_Gorai.007G247300.1_P2_Ama058	31	1/1	0	60	NA	60	2301	3	0	100	NA	0.130378096479791
1609_Gorai.007G247300.1_P2_Ama058	32	1/1	0	61	NA	61	2301	3	0	100	NA	0.130378096479791
16412_Gorai.006G110500.1_Ama058_3	702	1/1	0	22	NA	22	1813	2	0	100	NA	0.110314396028682
16412_Gorai.006G110500.1_Ama058_3	900	1/1	1	48	NA	49	1813	2	2	98	NA	0.110314396028682
16799_Gorai.001G133200.2_Ama058_3	1030	1/1	6	10	NA	16	2376	4	38	62	NA	0.168350168350168
16799_Gorai.001G133200.2_Ama058_3	1038	1/1	0	14	NA	14	2376	4	0	100	NA	0.168350168350168
16799_Gorai.001G133200.2_Ama058_3	1145	1/1	1	9	NA	10	2376	4	10	90	NA	0.168350168350168
16799_Gorai.001G133200.2_Ama058_3	1194	1/1	1	7	NA	8	2376	4	12	88	NA	0.168350168350168
17013_Gorai.009G050600.1_Ama058	1373	1/1	7	16	NA	23	2431	3	30	70	NA	0.123406005758947
17013_Gorai.009G050600.1_Ama058	2372	1/1	1	13	NA	14	2431	3	7	93	NA	0.123406005758947
17013_Gorai.009G050600.1_Ama058	2414	1/1	0	10	NA	10	2431	3	0	100	NA	0.123406005758947
17013_Gorai.009G050600.1_Ama058_3	1373	1/1	7	24	NA	31	2431	3	23	77	NA	0.123406005758947
17013_Gorai.009G050600.1_Ama058_3	2037	1/1	0	11	NA	11	2431	3	0	100	NA	0.123406005758947
17013_Gorai.009G050600.1_Ama058_3	2372	1/1	0	13	NA	13	2431	3	0	100	NA	0.123406005758947
17633_Gorai.007G129100.7_Ama058	461	1/1	0	8	NA	8	1611	1	0	100	NA	0.0620732464307883
180_Gorai.004G293400.1_Ama058_3	6788	1/1	0	47	NA	47	6842	4	0	100	NA	0.0584624378836597
180_Gorai.004G293400.1_Ama058_3	6792	1/1	1	46	NA	47	6842	4	2	98	NA	0.0584624378836597
180_Gorai.004G293400.1_Ama058_3	6795	1/1	0	47	NA	47	6842	4	0	100	NA	0.0584624378836597
180_Gorai.004G293400.1_Ama058_3	6798	1/1	0	47	NA	47	6842	4	0	100	NA	0.0584624378836597
18821_Gorai.009G001000.2_Ama058	641	1/1	2	84	NA	86	1848	1	2	98	NA	0.0541125541125541
18825_Gorai.004G127500.3_Ama058	338	1/1	88	109	NA	197	1259	2	45	55	NA	0.158856235107228
18825_Gorai.004G127500.3_Ama058	453	1/1	32	160	NA	192	1259	2	17	83	NA	0.158856235107228
18825_Gorai.004G127500.3_Ama058_3	513	0/1	90	89	NA	179	1259	8	50	50	NA	0.635424940428912
18825_Gorai.004G127500.3_Ama058_3	521	0/1	90	88	NA	178	1259	8	51	49	NA	0.635424940428912
18825_Gorai.004G127500.3_Ama058_3	531	0/1	91	87	NA	178	1259	8	51	49	NA	0.635424940428912
18825_Gorai.004G127500.3_Ama058_3	534	0/1	90	87	NA	177	1259	8	51	49	NA	0.635424940428912
18825_Gorai.004G127500.3_Ama058_3	551	0/1	88	83	NA	171	1259	8	51	49	NA	0.635424940428912
18825_Gorai.004G127500.3_Ama058_3	552	1/1	14	73	NA	87	1259	8	16	84	NA	0.635424940428912
18825_Gorai.004G127500.3_Ama058_3	573	0/1	104	63	NA	167	1259	8	62	38	NA	0.635424940428912
18825_Gorai.004G127500.3_Ama058_3	624	1/1	50	88	NA	138	1259	8	36	64	NA	0.635424940428912
18966_Gorai.006G049000.1_P1_Ama058	33	1/1	0	31	NA	31	1705	43	0	100	NA	2.52199413489736
18966_Gorai.006G049000.1_P1_Ama058	36	1/1	0	33	NA	33	1705	43	0	100	NA	2.52199413489736
18966_Gorai.006G049000.1_P1_Ama058	93	1/1	0	55	NA	55	1705	43	0	100	NA	2.52199413489736
18966_Gorai.006G049000.1_P1_Ama058	99	1/1	0	56	NA	56	1705	43	0	100	NA	2.52199413489736
18966_Gorai.006G049000.1_P1_Ama058	102	1/1	0	59	NA	59	1705	43	0	100	NA	2.52199413489736
18966_Gorai.006G049000.1_P1_Ama058	108	1/1	0	61	NA	61	1705	43	0	100	NA	2.52199413489736
18966_Gorai.006G049000.1_P1_Ama058	123	1/1	3	66	NA	69	1705	43	4	96	NA	2.52199413489736
18966_Gorai.006G049000.1_P1_Ama058	144	1/1	11	69	NA	80	1705	43	14	86	NA	2.52199413489736
18966_Gorai.006G049000.1_P1_Ama058	180	1/1	34	77	NA	111	1705	43	31	69	NA	2.52199413489736
18966_Gorai.006G049000.1_P1_Ama058	192	0/1	75	42	NA	117	1705	43	64	36	NA	2.52199413489736
18966_Gorai.006G049000.1_P1_Ama058	225	1/1	47	71	NA	118	1705	43	40	60	NA	2.52199413489736
18966_Gorai.006G049000.1_P1_Ama058	294	1/1	40	37	NA	77	1705	43	52	48	NA	2.52199413489736
18966_Gorai.006G049000.1_P1_Ama058	348	1/1	35	19	NA	54	1705	43	65	35	NA	2.52199413489736
18966_Gorai.006G049000.1_P1_Ama058	676	1/1	19	16	NA	35	1705	43	54	46	NA	2.52199413489736
18966_Gorai.006G049000.1_P1_Ama058	679	0/1	30	10	NA	40	1705	43	75	25	NA	2.52199413489736
18966_Gorai.006G049000.1_P1_Ama058	697	0/1	49	5	NA	54	1705	43	91	9	NA	2.52199413489736
18966_Gorai.006G049000.1_P1_Ama058	703	0/1	46	12	NA	58	1705	43	79	21	NA	2.52199413489736
18966_Gorai.006G049000.1_P1_Ama058	730	0/1	51	16	NA	67	1705	43	76	24	NA	2.52199413489736
18966_Gorai.006G049000.1_P1_Ama058	748	0/1	46	25	NA	71	1705	43	65	35	NA	2.52199413489736
18966_Gorai.006G049000.1_P1_Ama058	760	0/1	45	25	NA	70	1705	43	64	36	NA	2.52199413489736
18966_Gorai.006G049000.1_P1_Ama058	769	1/2	30	18	18	66	1705	43	45	27	27	2.52199413489736
18966_Gorai.006G049000.1_P1_Ama058	799	0/1	59	16	NA	75	1705	43	79	21	NA	2.52199413489736
18966_Gorai.006G049000.1_P1_Ama058	805	0/1	45	33	NA	78	1705	43	58	42	NA	2.52199413489736
18966_Gorai.006G049000.1_P1_Ama058	826	0/1	52	30	NA	82	1705	43	63	37	NA	2.52199413489736
18966_Gorai.006G049000.1_P1_Ama058	844	0/1	73	8	NA	81	1705	43	90	10	NA	2.52199413489736
18966_Gorai.006G049000.1_P1_Ama058	853	0/1	66	15	NA	81	1705	43	81	19	NA	2.52199413489736
18966_Gorai.006G049000.1_P1_Ama058	874	1/1	46	35	NA	81	1705	43	57	43	NA	2.52199413489736
18966_Gorai.006G049000.1_P1_Ama058	886	0/1	72	6	NA	78	1705	43	92	8	NA	2.52199413489736
18966_Gorai.006G049000.1_P1_Ama058	895	0/1	60	11	NA	71	1705	43	85	15	NA	2.52199413489736
18966_Gorai.006G049000.1_P1_Ama058	901	0/1	43	19	NA	62	1705	43	69	31	NA	2.52199413489736
18966_Gorai.006G049000.1_P1_Ama058	904	0/1	41	12	NA	53	1705	43	77	23	NA	2.52199413489736
18966_Gorai.006G049000.1_P1_Ama058	910	0/1	41	17	NA	58	1705	43	71	29	NA	2.52199413489736
18966_Gorai.006G049000.1_P1_Ama058	971	1/1	31	19	NA	50	1705	43	62	38	NA	2.52199413489736
18966_Gorai.006G049000.1_P1_Ama058	1369	1/1	175	87	NA	262	1705	43	67	33	NA	2.52199413489736
18966_Gorai.006G049000.1_P1_Ama058	1390	1/1	226	50	NA	276	1705	43	82	18	NA	2.52199413489736
18966_Gorai.006G049000.1_P1_Ama058	1441	1/1	172	134	NA	306	1705	43	56	44	NA	2.52199413489736
18966_Gorai.006G049000.1_P1_Ama058	1457	0/1	239	75	NA	314	1705	43	76	24	NA	2.52199413489736
18966_Gorai.006G049000.1_P1_Ama058	1573	0/1	165	50	NA	215	1705	43	77	23	NA	2.52199413489736
18966_Gorai.006G049000.1_P1_Ama058	1603	1/1	95	79	NA	174	1705	43	55	45	NA	2.52199413489736
18966_Gorai.006G049000.1_P1_Ama058	1636	0/1	31	93	NA	124	1705	43	25	75	NA	2.52199413489736
18966_Gorai.006G049000.1_P1_Ama058	1669	0/1	58	15	NA	73	1705	43	79	21	NA	2.52199413489736
18966_Gorai.006G049000.1_P1_Ama058	1678	1/1	26	26	NA	52	1705	43	50	50	NA	2.52199413489736
18966_Gorai.006G049000.1_P1_Ama058	1681	1/1	25	24	NA	49	1705	43	51	49	NA	2.52199413489736
18966_Gorai.006G049000.1_P1_Ama058_3	784	1/1	6	44	NA	50	1705	16	12	88	NA	0.93841642228739
18966_Gorai.006G049000.1_P1_Ama058_3	971	0/1	50	38	NA	88	1705	16	57	43	NA	0.93841642228739
18966_Gorai.006G049000.1_P1_Ama058_3	1099	1/1	84	75	NA	159	1705	16	53	47	NA	0.93841642228739
18966_Gorai.006G049000.1_P1_Ama058_3	1393	1/1	169	88	NA	257	1705	16	66	34	NA	0.93841642228739
18966_Gorai.006G049000.1_P1_Ama058_3	1402	1/1	167	90	NA	257	1705	16	65	35	NA	0.93841642228739
18966_Gorai.006G049000.1_P1_Ama058_3	1426	0/1	217	46	NA	263	1705	16	83	17	NA	0.93841642228739
18966_Gorai.006G049000.1_P1_Ama058_3	1474	0/1	214	61	NA	275	1705	16	78	22	NA	0.93841642228739
18966_Gorai.006G049000.1_P1_Ama058_3	1483	1/1	146	122	NA	268	1705	16	54	46	NA	0.93841642228739
18966_Gorai.006G049000.1_P1_Ama058_3	1495	1/1	40	122	NA	162	1705	16	25	75	NA	0.93841642228739
18966_Gorai.006G049000.1_P1_Ama058_3	1552	1/1	111	118	NA	229	1705	16	48	52	NA	0.93841642228739
18966_Gorai.006G049000.1_P1_Ama058_3	1612	0/1	77	86	NA	163	1705	16	47	53	NA	0.93841642228739
18966_Gorai.006G049000.1_P1_Ama058_3	1628	0/1	75	66	NA	141	1705	16	53	47	NA	0.93841642228739
18966_Gorai.006G049000.1_P1_Ama058_3	1636	0/1	73	57	NA	130	1705	16	56	44	NA	0.93841642228739
18966_Gorai.006G049000.1_P1_Ama058_3	1639	0/1	99	28	NA	127	1705	16	78	22	NA	0.93841642228739
18966_Gorai.006G049000.1_P1_Ama058_3	1651	0/1	62	48	NA	110	1705	16	56	44	NA	0.93841642228739
18966_Gorai.006G049000.1_P1_Ama058_3	1669	1/1	49	36	NA	85	1705	16	58	42	NA	0.93841642228739
19864_Gorai.001G236500.2_P3_Ama058	845	0/1	13	11	NA	24	1320	5	54	46	NA	0.378787878787879
19864_Gorai.001G236500.2_P3_Ama058	887	0/1	20	18	NA	38	1320	5	53	47	NA	0.378787878787879
19864_Gorai.001G236500.2_P3_Ama058	996	1/1	0	89	NA	89	1320	5	0	100	NA	0.378787878787879
19864_Gorai.001G236500.2_P3_Ama058	1103	1/1	11	102	NA	113	1320	5	10	90	NA	0.378787878787879
19864_Gorai.001G236500.2_P3_Ama058	1110	1/1	11	101	NA	112	1320	5	10	90	NA	0.378787878787879
19864_Gorai.001G236500.2_P3_Ama058_3	878	1/1	11	10	NA	21	1320	29	52	48	NA	2.1969696969697
19864_Gorai.001G236500.2_P3_Ama058_3	879	1/1	11	5	NA	16	1320	29	69	31	NA	2.1969696969697
19864_Gorai.001G236500.2_P3_Ama058_3	887	1/1	11	18	NA	29	1320	29	38	62	NA	2.1969696969697
19864_Gorai.001G236500.2_P3_Ama058_3	897	1/1	11	26	NA	37	1320	29	30	70	NA	2.1969696969697
19864_Gorai.001G236500.2_P3_Ama058_3	911	0/1	23	19	NA	42	1320	29	55	45	NA	2.1969696969697
19864_Gorai.001G236500.2_P3_Ama058_3	930	0/1	35	17	NA	52	1320	29	67	33	NA	2.1969696969697
19864_Gorai.001G236500.2_P3_Ama058_3	939	0/1	31	28	NA	59	1320	29	53	47	NA	2.1969696969697
19864_Gorai.001G236500.2_P3_Ama058_3	948	0/1	33	30	NA	63	1320	29	52	48	NA	2.1969696969697
19864_Gorai.001G236500.2_P3_Ama058_3	960	0/1	41	23	NA	64	1320	29	64	36	NA	2.1969696969697
19864_Gorai.001G236500.2_P3_Ama058_3	963	0/1	33	32	NA	65	1320	29	51	49	NA	2.1969696969697
19864_Gorai.001G236500.2_P3_Ama058_3	972	1/2	9	25	34	68	1320	29	13	37	50	2.1969696969697
19864_Gorai.001G236500.2_P3_Ama058_3	981	0/1	33	37	NA	70	1320	29	47	53	NA	2.1969696969697
19864_Gorai.001G236500.2_P3_Ama058_3	987	0/1	45	25	NA	70	1320	29	64	36	NA	2.1969696969697
19864_Gorai.001G236500.2_P3_Ama058_3	990	0/1	46	25	NA	71	1320	29	65	35	NA	2.1969696969697
19864_Gorai.001G236500.2_P3_Ama058_3	996	1/1	7	70	NA	77	1320	29	9	91	NA	2.1969696969697
19864_Gorai.001G236500.2_P3_Ama058_3	1011	0/1	37	48	NA	85	1320	29	44	56	NA	2.1969696969697
19864_Gorai.001G236500.2_P3_Ama058_3	1026	0/1	64	21	NA	85	1320	29	75	25	NA	2.1969696969697
19864_Gorai.001G236500.2_P3_Ama058_3	1041	0/1	31	54	NA	85	1320	29	36	64	NA	2.1969696969697
19864_Gorai.001G236500.2_P3_Ama058_3	1047	0/1	25	63	NA	88	1320	29	28	72	NA	2.1969696969697
19864_Gorai.001G236500.2_P3_Ama058_3	1068	0/1	43	55	NA	98	1320	29	44	56	NA	2.1969696969697
19864_Gorai.001G236500.2_P3_Ama058_3	1073	0/1	66	30	NA	96	1320	29	69	31	NA	2.1969696969697
19864_Gorai.001G236500.2_P3_Ama058_3	1103	1/1	18	75	NA	93	1320	29	19	81	NA	2.1969696969697
19864_Gorai.001G236500.2_P3_Ama058_3	1104	0/1	44	50	NA	94	1320	29	47	53	NA	2.1969696969697
19864_Gorai.001G236500.2_P3_Ama058_3	1110	1/1	19	73	NA	92	1320	29	21	79	NA	2.1969696969697
19864_Gorai.001G236500.2_P3_Ama058_3	1116	0/1	41	49	NA	90	1320	29	46	54	NA	2.1969696969697
19864_Gorai.001G236500.2_P3_Ama058_3	1179	0/1	29	34	NA	63	1320	29	46	54	NA	2.1969696969697
19864_Gorai.001G236500.2_P3_Ama058_3	1216	1/1	21	19	NA	40	1320	29	52	48	NA	2.1969696969697
19864_Gorai.001G236500.2_P3_Ama058_3	1219	0/1	29	8	NA	37	1320	29	78	22	NA	2.1969696969697
19864_Gorai.001G236500.2_P3_Ama058_3	1223	0/1	21	13	NA	34	1320	29	62	38	NA	2.1969696969697
19901_Gorai.012G089500.2_P2_Ama058	497	1/1	0	18	NA	18	1169	2	0	100	NA	0.171086398631309
19901_Gorai.012G089500.2_P2_Ama058	644	0/1	49	6	NA	55	1169	2	89	11	NA	0.171086398631309
19901_Gorai.012G089500.2_P6_Ama058	180	0/1	5	3	NA	8	484	5	62	38	NA	1.03305785123967
19901_Gorai.012G089500.2_P6_Ama058	184	0/1	5	3	NA	8	484	5	62	38	NA	1.03305785123967
19901_Gorai.012G089500.2_P6_Ama058	204	0/1	6	3	NA	9	484	5	67	33	NA	1.03305785123967
19901_Gorai.012G089500.2_P6_Ama058	285	0/1	3	3	NA	6	484	5	50	50	NA	1.03305785123967
19901_Gorai.012G089500.2_P6_Ama058	381	0/1	6	3	NA	9	484	5	67	33	NA	1.03305785123967
20128_Gorai.004G000900.2_P1_Ama058	1029	0/1	8	20	NA	28	1855	3	29	71	NA	0.161725067385445
20128_Gorai.004G000900.2_P1_Ama058	1055	0/1	14	9	NA	23	1855	3	61	39	NA	0.161725067385445
20128_Gorai.004G000900.2_P1_Ama058	1078	0/1	9	12	NA	21	1855	3	43	57	NA	0.161725067385445
20128_Gorai.004G000900.2_P1_Ama058_3	1029	0/1	9	9	NA	18	1855	4	50	50	NA	0.215633423180593
20128_Gorai.004G000900.2_P1_Ama058_3	1055	0/1	9	12	NA	21	1855	4	43	57	NA	0.215633423180593
20128_Gorai.004G000900.2_P1_Ama058_3	1074	0/1	17	8	NA	25	1855	4	68	32	NA	0.215633423180593
20128_Gorai.004G000900.2_P1_Ama058_3	1078	0/1	8	17	NA	25	1855	4	32	68	NA	0.215633423180593
2014_Gorai.012G150300.1_Ama058	965	1/1	0	12	NA	12	4595	1	0	100	NA	0.0217627856365615
20385_Gorai.012G081900.6_Ama058	838	0/1	17	26	NA	43	2275	5	40	60	NA	0.21978021978022
20385_Gorai.012G081900.6_Ama058	1461	1/1	0	24	NA	24	2275	5	0	100	NA	0.21978021978022
20385_Gorai.012G081900.6_Ama058	1577	0/1	8	18	NA	26	2275	5	31	69	NA	0.21978021978022
20385_Gorai.012G081900.6_Ama058	1603	0/1	15	9	NA	24	2275	5	62	38	NA	0.21978021978022
20385_Gorai.012G081900.6_Ama058	1828	1/1	4	13	NA	17	2275	5	24	76	NA	0.21978021978022
20385_Gorai.012G081900.6_Ama058_3	838	0/1	27	24	NA	51	2275	4	53	47	NA	0.175824175824176
20385_Gorai.012G081900.6_Ama058_3	1577	0/1	8	13	NA	21	2275	4	38	62	NA	0.175824175824176
20385_Gorai.012G081900.6_Ama058_3	1603	0/1	11	14	NA	25	2275	4	44	56	NA	0.175824175824176
20385_Gorai.012G081900.6_Ama058_3	1828	1/1	0	11	NA	11	2275	4	0	100	NA	0.175824175824176
204_Gorai.004G241000.1_Ama058_3	2232	1/1	3	13	NA	16	3087	1	19	81	NA	0.0323939099449304
20686_Gorai.013G120800.2_P1_Ama058	1406	1/1	103	66	NA	169	1773	7	61	39	NA	0.394811054709532
20686_Gorai.013G120800.2_P1_Ama058	1436	1/1	89	66	NA	155	1773	7	57	43	NA	0.394811054709532
20686_Gorai.013G120800.2_P1_Ama058	1550	1/1	33	103	NA	136	1773	7	24	76	NA	0.394811054709532
20686_Gorai.013G120800.2_P1_Ama058	1568	1/1	17	101	NA	118	1773	7	14	86	NA	0.394811054709532
20686_Gorai.013G120800.2_P1_Ama058	1580	1/1	9	98	NA	107	1773	7	8	92	NA	0.394811054709532
20686_Gorai.013G120800.2_P1_Ama058	1664	1/1	3	59	NA	62	1773	7	5	95	NA	0.394811054709532
20686_Gorai.013G120800.2_P1_Ama058	1694	1/1	3	45	NA	48	1773	7	6	94	NA	0.394811054709532
20686_Gorai.013G120800.2_P1_Ama058_3	1664	1/1	1	98	NA	99	1773	2	1	99	NA	0.112803158488438
20686_Gorai.013G120800.2_P1_Ama058_3	1694	1/1	1	70	NA	71	1773	2	1	99	NA	0.112803158488438
20686_Gorai.013G120800.2_P2_Ama058_3	195	1/1	3	11	NA	14	1560	6	21	79	NA	0.384615384615385
20686_Gorai.013G120800.2_P2_Ama058_3	222	1/1	3	11	NA	14	1560	6	21	79	NA	0.384615384615385
20686_Gorai.013G120800.2_P2_Ama058_3	243	1/1	3	12	NA	15	1560	6	20	80	NA	0.384615384615385
20686_Gorai.013G120800.2_P2_Ama058_3	268	1/1	3	11	NA	14	1560	6	21	79	NA	0.384615384615385
20686_Gorai.013G120800.2_P2_Ama058_3	342	1/1	4	8	NA	12	1560	6	33	67	NA	0.384615384615385
20686_Gorai.013G120800.2_P2_Ama058_3	369	1/1	3	7	NA	10	1560	6	30	70	NA	0.384615384615385
20969_Gorai.009G224800.1_P1_Ama058_3	387	1/1	0	13	NA	13	1086	9	0	100	NA	0.828729281767956
20969_Gorai.009G224800.1_P1_Ama058_3	435	1/1	0	14	NA	14	1086	9	0	100	NA	0.828729281767956
20969_Gorai.009G224800.1_P1_Ama058_3	455	1/1	0	14	NA	14	1086	9	0	100	NA	0.828729281767956
20969_Gorai.009G224800.1_P1_Ama058_3	456	1/1	0	14	NA	14	1086	9	0	100	NA	0.828729281767956
20969_Gorai.009G224800.1_P1_Ama058_3	474	1/1	0	14	NA	14	1086	9	0	100	NA	0.828729281767956
20969_Gorai.009G224800.1_P1_Ama058_3	480	1/1	0	14	NA	14	1086	9	0	100	NA	0.828729281767956
20969_Gorai.009G224800.1_P1_Ama058_3	555	1/1	0	9	NA	9	1086	9	0	100	NA	0.828729281767956
20969_Gorai.009G224800.1_P1_Ama058_3	978	0/1	2	6	NA	8	1086	9	25	75	NA	0.828729281767956
20969_Gorai.009G224800.1_P1_Ama058_3	1029	1/1	0	9	NA	9	1086	9	0	100	NA	0.828729281767956
20969_Gorai.009G224800.1_P2_Ama058	525	1/1	0	8	NA	8	998	1	0	100	NA	0.100200400801603
20969_Gorai.009G224800.1_P2_Ama058_3	798	1/1	0	5	NA	5	998	2	0	100	NA	0.200400801603206
20969_Gorai.009G224800.1_P2_Ama058_3	951	1/1	0	4	NA	4	998	2	0	100	NA	0.200400801603206
2184_Gorai.008G154400.3_Ama058	2134	0/1	4	3	NA	7	2159	1	57	43	NA	0.0463177396943029
22470_Gorai.008G061000.1_P1_Ama058_3	1344	1/1	0	25	NA	25	1452	2	0	100	NA	0.137741046831956
22470_Gorai.008G061000.1_P1_Ama058_3	1355	1/1	0	20	NA	20	1452	2	0	100	NA	0.137741046831956
22470_Gorai.008G061000.1_P2_Ama058	46	1/1	0	11	NA	11	1017	9	0	100	NA	0.884955752212389
22470_Gorai.008G061000.1_P2_Ama058	82	1/1	1	11	NA	12	1017	9	8	92	NA	0.884955752212389
22470_Gorai.008G061000.1_P2_Ama058	103	1/1	0	12	NA	12	1017	9	0	100	NA	0.884955752212389
22470_Gorai.008G061000.1_P2_Ama058	181	1/1	0	11	NA	11	1017	9	0	100	NA	0.884955752212389
22470_Gorai.008G061000.1_P2_Ama058	240	1/1	0	9	NA	9	1017	9	0	100	NA	0.884955752212389
22470_Gorai.008G061000.1_P2_Ama058	471	1/1	0	28	NA	28	1017	9	0	100	NA	0.884955752212389
22470_Gorai.008G061000.1_P2_Ama058	492	1/1	0	27	NA	27	1017	9	0	100	NA	0.884955752212389
22470_Gorai.008G061000.1_P2_Ama058	564	1/1	1	27	NA	28	1017	9	4	96	NA	0.884955752212389
22470_Gorai.008G061000.1_P2_Ama058	592	1/1	1	26	NA	27	1017	9	4	96	NA	0.884955752212389
22470_Gorai.008G061000.1_P2_Ama058_3	46	1/1	0	60	NA	60	1017	19	0	100	NA	1.86823992133727
22470_Gorai.008G061000.1_P2_Ama058_3	54	0/1	44	18	NA	62	1017	19	71	29	NA	1.86823992133727
22470_Gorai.008G061000.1_P2_Ama058_3	55	0/1	44	19	NA	63	1017	19	70	30	NA	1.86823992133727
22470_Gorai.008G061000.1_P2_Ama058_3	62	0/1	22	40	NA	62	1017	19	35	65	NA	1.86823992133727
22470_Gorai.008G061000.1_P2_Ama058_3	79	0/1	39	20	NA	59	1017	19	66	34	NA	1.86823992133727
22470_Gorai.008G061000.1_P2_Ama058_3	82	1/1	3	55	NA	58	1017	19	5	95	NA	1.86823992133727
22470_Gorai.008G061000.1_P2_Ama058_3	97	0/1	36	21	NA	57	1017	19	63	37	NA	1.86823992133727
22470_Gorai.008G061000.1_P2_Ama058_3	103	0/1	27	29	NA	56	1017	19	48	52	NA	1.86823992133727
22470_Gorai.008G061000.1_P2_Ama058_3	136	0/1	35	21	NA	56	1017	19	62	38	NA	1.86823992133727
22470_Gorai.008G061000.1_P2_Ama058_3	150	0/1	35	21	NA	56	1017	19	62	38	NA	1.86823992133727
22470_Gorai.008G061000.1_P2_Ama058_3	175	0/1	34	19	NA	53	1017	19	64	36	NA	1.86823992133727
22470_Gorai.008G061000.1_P2_Ama058_3	181	1/1	8	44	NA	52	1017	19	15	85	NA	1.86823992133727
22470_Gorai.008G061000.1_P2_Ama058_3	193	0/1	26	23	NA	49	1017	19	53	47	NA	1.86823992133727
22470_Gorai.008G061000.1_P2_Ama058_3	232	0/1	21	14	NA	35	1017	19	60	40	NA	1.86823992133727
22470_Gorai.008G061000.1_P2_Ama058_3	240	0/1	7	22	NA	29	1017	19	24	76	NA	1.86823992133727
22470_Gorai.008G061000.1_P2_Ama058_3	261	1/1	0	9	NA	9	1017	19	0	100	NA	1.86823992133727
22470_Gorai.008G061000.1_P2_Ama058_3	471	1/1	0	14	NA	14	1017	19	0	100	NA	1.86823992133727
22470_Gorai.008G061000.1_P2_Ama058_3	492	1/1	0	14	NA	14	1017	19	0	100	NA	1.86823992133727
22470_Gorai.008G061000.1_P2_Ama058_3	493	1/1	0	6	NA	6	1017	19	0	100	NA	1.86823992133727
23627_Gorai.009G068200.1_P1_Ama058	1238	1/1	9	2	NA	11	1324	5	82	18	NA	0.377643504531722
23627_Gorai.009G068200.1_P1_Ama058	1244	1/1	8	2	NA	10	1324	5	80	20	NA	0.377643504531722
23627_Gorai.009G068200.1_P1_Ama058	1269	1/1	0	8	NA	8	1324	5	0	100	NA	0.377643504531722
23627_Gorai.009G068200.1_P1_Ama058	1273	1/1	0	8	NA	8	1324	5	0	100	NA	0.377643504531722
23627_Gorai.009G068200.1_P1_Ama058	1281	1/1	0	8	NA	8	1324	5	0	100	NA	0.377643504531722
23627_Gorai.009G068200.1_P3_Ama058	308	1/1	0	33	NA	33	1383	3	0	100	NA	0.216919739696312
23627_Gorai.009G068200.1_P3_Ama058	311	1/1	0	32	NA	32	1383	3	0	100	NA	0.216919739696312
23627_Gorai.009G068200.1_P3_Ama058	332	1/1	0	29	NA	29	1383	3	0	100	NA	0.216919739696312
23627_Gorai.009G068200.1_P3_Ama058_3	167	1/1	11	20	NA	31	1383	10	35	65	NA	0.723065798987708
23627_Gorai.009G068200.1_P3_Ama058_3	179	1/1	11	23	NA	34	1383	10	32	68	NA	0.723065798987708
23627_Gorai.009G068200.1_P3_Ama058_3	188	1/1	10	25	NA	35	1383	10	29	71	NA	0.723065798987708
23627_Gorai.009G068200.1_P3_Ama058_3	198	1/1	10	25	NA	35	1383	10	29	71	NA	0.723065798987708
23627_Gorai.009G068200.1_P3_Ama058_3	203	1/1	10	25	NA	35	1383	10	29	71	NA	0.723065798987708
23627_Gorai.009G068200.1_P3_Ama058_3	212	1/1	10	26	NA	36	1383	10	28	72	NA	0.723065798987708
23627_Gorai.009G068200.1_P3_Ama058_3	218	1/1	10	26	NA	36	1383	10	28	72	NA	0.723065798987708
23627_Gorai.009G068200.1_P3_Ama058_3	308	1/1	3	25	NA	28	1383	10	11	89	NA	0.723065798987708
23627_Gorai.009G068200.1_P3_Ama058_3	311	1/1	3	24	NA	27	1383	10	11	89	NA	0.723065798987708
23627_Gorai.009G068200.1_P3_Ama058_3	332	1/1	3	23	NA	26	1383	10	12	88	NA	0.723065798987708
25187_Gorai.009G267800.3_Ama058	1143	0/1	51	22	NA	73	1474	11	70	30	NA	0.746268656716418
25187_Gorai.009G267800.3_Ama058	1155	0/1	52	22	NA	74	1474	11	70	30	NA	0.746268656716418
25187_Gorai.009G267800.3_Ama058	1156	0/1	51	22	NA	73	1474	11	70	30	NA	0.746268656716418
25187_Gorai.009G267800.3_Ama058	1161	0/1	51	22	NA	73	1474	11	70	30	NA	0.746268656716418
25187_Gorai.009G267800.3_Ama058	1190	0/1	52	22	NA	74	1474	11	70	30	NA	0.746268656716418
25187_Gorai.009G267800.3_Ama058	1311	0/1	45	11	NA	56	1474	11	80	20	NA	0.746268656716418
25187_Gorai.009G267800.3_Ama058	1318	0/1	45	11	NA	56	1474	11	80	20	NA	0.746268656716418
25187_Gorai.009G267800.3_Ama058	1323	0/1	45	11	NA	56	1474	11	80	20	NA	0.746268656716418
25187_Gorai.009G267800.3_Ama058	1324	0/1	45	11	NA	56	1474	11	80	20	NA	0.746268656716418
25187_Gorai.009G267800.3_Ama058	1337	0/1	43	11	NA	54	1474	11	80	20	NA	0.746268656716418
25187_Gorai.009G267800.3_Ama058	1339	0/1	43	11	NA	54	1474	11	80	20	NA	0.746268656716418
25296_Gorai.011G095000.1_Ama058	432	0/1	35	14	NA	49	2026	2	71	29	NA	0.0987166831194472
25296_Gorai.011G095000.1_Ama058	1354	0/1	21	7	NA	28	2026	2	75	25	NA	0.0987166831194472
26765_Gorai.008G052200.2_Ama058	523	0/1	11	3	NA	14	1715	1	79	21	NA	0.0583090379008746
28497_Gorai.012G187500.1_Ama058	290	1/1	0	5	NA	5	1142	3	0	100	NA	0.262697022767075
28497_Gorai.012G187500.1_Ama058	301	1/1	0	5	NA	5	1142	3	0	100	NA	0.262697022767075
28497_Gorai.012G187500.1_Ama058	681	0/1	11	3	NA	14	1142	3	79	21	NA	0.262697022767075
2952_Gorai.003G119600.1_Ama058	1779	1/1	0	3	NA	3	3180	2	0	100	NA	0.0628930817610063
2952_Gorai.003G119600.1_Ama058	2041	1/1	0	2	NA	2	3180	2	0	100	NA	0.0628930817610063
3180_Gorai.004G175500.1_P1_Ama058	977	1/1	4	85	NA	89	1393	4	4	96	NA	0.287150035893754
3180_Gorai.004G175500.1_P1_Ama058	1002	1/1	15	80	NA	95	1393	4	16	84	NA	0.287150035893754
3180_Gorai.004G175500.1_P1_Ama058	1020	1/1	21	73	NA	94	1393	4	22	78	NA	0.287150035893754
3180_Gorai.004G175500.1_P1_Ama058	1026	1/1	24	71	NA	95	1393	4	25	75	NA	0.287150035893754
3180_Gorai.004G175500.1_P1_Ama058_3	1306	1/1	11	66	NA	77	1393	1	14	86	NA	0.0717875089734386
3505_Gorai.009G172900.1_P1_Ama058	512	1/1	0	13	NA	13	2614	4	0	100	NA	0.153022188217291
3505_Gorai.009G172900.1_P1_Ama058	565	1/1	0	25	NA	25	2614	4	0	100	NA	0.153022188217291
3505_Gorai.009G172900.1_P1_Ama058	603	1/1	0	31	NA	31	2614	4	0	100	NA	0.153022188217291
3505_Gorai.009G172900.1_P1_Ama058	778	1/1	0	15	NA	15	2614	4	0	100	NA	0.153022188217291
3505_Gorai.009G172900.1_P2_Ama058	1669	1/1	0	46	NA	46	2851	30	0	100	NA	1.05226236408278
3505_Gorai.009G172900.1_P2_Ama058	1708	1/1	0	46	NA	46	2851	30	0	100	NA	1.05226236408278
3505_Gorai.009G172900.1_P2_Ama058	1729	1/1	0	45	NA	45	2851	30	0	100	NA	1.05226236408278
3505_Gorai.009G172900.1_P2_Ama058	1774	1/1	0	38	NA	38	2851	30	0	100	NA	1.05226236408278
3505_Gorai.009G172900.1_P2_Ama058	1777	1/1	0	36	NA	36	2851	30	0	100	NA	1.05226236408278
3505_Gorai.009G172900.1_P2_Ama058	1963	1/1	1	12	NA	13	2851	30	8	92	NA	1.05226236408278
3505_Gorai.009G172900.1_P2_Ama058	2023	1/1	0	24	NA	24	2851	30	0	100	NA	1.05226236408278
3505_Gorai.009G172900.1_P2_Ama058	2035	1/1	0	24	NA	24	2851	30	0	100	NA	1.05226236408278
3505_Gorai.009G172900.1_P2_Ama058	2038	1/1	0	24	NA	24	2851	30	0	100	NA	1.05226236408278
3505_Gorai.009G172900.1_P2_Ama058	2047	1/1	0	26	NA	26	2851	30	0	100	NA	1.05226236408278
3505_Gorai.009G172900.1_P2_Ama058	2071	1/1	0	28	NA	28	2851	30	0	100	NA	1.05226236408278
3505_Gorai.009G172900.1_P2_Ama058	2083	1/1	0	29	NA	29	2851	30	0	100	NA	1.05226236408278
3505_Gorai.009G172900.1_P2_Ama058	2104	1/1	0	34	NA	34	2851	30	0	100	NA	1.05226236408278
3505_Gorai.009G172900.1_P2_Ama058	2110	1/1	0	34	NA	34	2851	30	0	100	NA	1.05226236408278
3505_Gorai.009G172900.1_P2_Ama058	2122	1/1	0	37	NA	37	2851	30	0	100	NA	1.05226236408278
3505_Gorai.009G172900.1_P2_Ama058	2134	1/1	0	39	NA	39	2851	30	0	100	NA	1.05226236408278
3505_Gorai.009G172900.1_P2_Ama058	2148	1/1	0	43	NA	43	2851	30	0	100	NA	1.05226236408278
3505_Gorai.009G172900.1_P2_Ama058	2189	1/1	0	54	NA	54	2851	30	0	100	NA	1.05226236408278
3505_Gorai.009G172900.1_P2_Ama058	2246	1/1	0	44	NA	44	2851	30	0	100	NA	1.05226236408278
3505_Gorai.009G172900.1_P2_Ama058	2278	1/1	0	46	NA	46	2851	30	0	100	NA	1.05226236408278
3505_Gorai.009G172900.1_P2_Ama058	2323	1/1	0	49	NA	49	2851	30	0	100	NA	1.05226236408278
3505_Gorai.009G172900.1_P2_Ama058	2326	1/1	0	49	NA	49	2851	30	0	100	NA	1.05226236408278
3505_Gorai.009G172900.1_P2_Ama058	2407	1/1	0	39	NA	39	2851	30	0	100	NA	1.05226236408278
3505_Gorai.009G172900.1_P2_Ama058	2425	1/1	0	40	NA	40	2851	30	0	100	NA	1.05226236408278
3505_Gorai.009G172900.1_P2_Ama058	2443	1/1	0	43	NA	43	2851	30	0	100	NA	1.05226236408278
3505_Gorai.009G172900.1_P2_Ama058	2468	1/1	0	40	NA	40	2851	30	0	100	NA	1.05226236408278
3505_Gorai.009G172900.1_P2_Ama058	2469	1/1	0	40	NA	40	2851	30	0	100	NA	1.05226236408278
3505_Gorai.009G172900.1_P2_Ama058	2518	1/1	0	36	NA	36	2851	30	0	100	NA	1.05226236408278
3505_Gorai.009G172900.1_P2_Ama058	2697	1/1	1	15	NA	16	2851	30	6	94	NA	1.05226236408278
3505_Gorai.009G172900.1_P2_Ama058	2710	1/1	3	14	NA	17	2851	30	18	82	NA	1.05226236408278
3505_Gorai.009G172900.1_P2_Ama058_3	313	1/1	0	29	NA	29	2851	25	0	100	NA	0.876885303402315
3505_Gorai.009G172900.1_P2_Ama058_3	324	1/1	0	32	NA	32	2851	25	0	100	NA	0.876885303402315
3505_Gorai.009G172900.1_P2_Ama058_3	352	1/1	0	34	NA	34	2851	25	0	100	NA	0.876885303402315
3505_Gorai.009G172900.1_P2_Ama058_3	449	1/1	0	32	NA	32	2851	25	0	100	NA	0.876885303402315
3505_Gorai.009G172900.1_P2_Ama058_3	466	1/1	0	26	NA	26	2851	25	0	100	NA	0.876885303402315
3505_Gorai.009G172900.1_P2_Ama058_3	532	1/1	0	26	NA	26	2851	25	0	100	NA	0.876885303402315
3505_Gorai.009G172900.1_P2_Ama058_3	535	1/1	0	25	NA	25	2851	25	0	100	NA	0.876885303402315
3505_Gorai.009G172900.1_P2_Ama058_3	640	1/1	0	15	NA	15	2851	25	0	100	NA	0.876885303402315
3505_Gorai.009G172900.1_P2_Ama058_3	658	0/1	9	6	NA	15	2851	25	60	40	NA	0.876885303402315
3505_Gorai.009G172900.1_P2_Ama058_3	673	1/1	0	10	NA	10	2851	25	0	100	NA	0.876885303402315
3505_Gorai.009G172900.1_P2_Ama058_3	676	1/1	0	9	NA	9	2851	25	0	100	NA	0.876885303402315
3505_Gorai.009G172900.1_P2_Ama058_3	682	1/1	0	9	NA	9	2851	25	0	100	NA	0.876885303402315
3505_Gorai.009G172900.1_P2_Ama058_3	1759	1/1	0	19	NA	19	2851	25	0	100	NA	0.876885303402315
3505_Gorai.009G172900.1_P2_Ama058_3	1768	1/1	0	21	NA	21	2851	25	0	100	NA	0.876885303402315
3505_Gorai.009G172900.1_P2_Ama058_3	1783	1/1	0	23	NA	23	2851	25	0	100	NA	0.876885303402315
3505_Gorai.009G172900.1_P2_Ama058_3	1834	1/1	1	28	NA	29	2851	25	3	97	NA	0.876885303402315
3505_Gorai.009G172900.1_P2_Ama058_3	1857	1/1	1	31	NA	32	2851	25	3	97	NA	0.876885303402315
3505_Gorai.009G172900.1_P2_Ama058_3	1864	1/1	1	35	NA	36	2851	25	3	97	NA	0.876885303402315
3505_Gorai.009G172900.1_P2_Ama058_3	1891	1/1	1	41	NA	42	2851	25	2	98	NA	0.876885303402315
3505_Gorai.009G172900.1_P2_Ama058_3	1993	1/1	1	40	NA	41	2851	25	2	98	NA	0.876885303402315
3505_Gorai.009G172900.1_P2_Ama058_3	2023	1/1	2	27	NA	29	2851	25	7	93	NA	0.876885303402315
3505_Gorai.009G172900.1_P2_Ama058_3	2035	1/1	2	27	NA	29	2851	25	7	93	NA	0.876885303402315
3505_Gorai.009G172900.1_P2_Ama058_3	2038	1/1	2	25	NA	27	2851	25	7	93	NA	0.876885303402315
3505_Gorai.009G172900.1_P2_Ama058_3	2047	1/1	2	24	NA	26	2851	25	8	92	NA	0.876885303402315
3505_Gorai.009G172900.1_P2_Ama058_3	2788	0/1	15	12	NA	27	2851	25	56	44	NA	0.876885303402315
4341_Gorai.004G072100.1_Ama058_3	2266	1/1	2	139	NA	141	2571	1	1	99	NA	0.0388953714507974
4348_Gorai.013G260900.1_P1_Ama058	1278	1/1	3	2	NA	5	4751	13	60	40	NA	0.273626604925279
4348_Gorai.013G260900.1_P1_Ama058	1889	1/1	7	33	NA	40	4751	13	18	82	NA	0.273626604925279
4348_Gorai.013G260900.1_P1_Ama058	2138	1/1	1	6	NA	7	4751	13	14	86	NA	0.273626604925279
4348_Gorai.013G260900.1_P1_Ama058	2386	0/1	40	51	NA	91	4751	13	44	56	NA	0.273626604925279
4348_Gorai.013G260900.1_P1_Ama058	2414	0/1	62	30	NA	92	4751	13	67	33	NA	0.273626604925279
4348_Gorai.013G260900.1_P1_Ama058	2503	1/1	9	90	NA	99	4751	13	9	91	NA	0.273626604925279
4348_Gorai.013G260900.1_P1_Ama058	2586	0/1	63	29	NA	92	4751	13	68	32	NA	0.273626604925279
4348_Gorai.013G260900.1_P1_Ama058	2788	1/1	20	62	NA	82	4751	13	24	76	NA	0.273626604925279
4348_Gorai.013G260900.1_P1_Ama058	2888	1/1	27	35	NA	62	4751	13	44	56	NA	0.273626604925279
4348_Gorai.013G260900.1_P1_Ama058	2913	0/1	26	25	NA	51	4751	13	51	49	NA	0.273626604925279
4348_Gorai.013G260900.1_P1_Ama058	3106	1/1	1	4	NA	5	4751	13	20	80	NA	0.273626604925279
4348_Gorai.013G260900.1_P1_Ama058	3151	1/1	1	6	NA	7	4751	13	14	86	NA	0.273626604925279
4348_Gorai.013G260900.1_P1_Ama058	3595	1/1	13	21	NA	34	4751	13	38	62	NA	0.273626604925279
4348_Gorai.013G260900.1_P1_Ama058_3	1750	1/1	0	9	NA	9	4751	9	0	100	NA	0.189433803409808
4348_Gorai.013G260900.1_P1_Ama058_3	1889	1/1	8	31	NA	39	4751	9	21	79	NA	0.189433803409808
4348_Gorai.013G260900.1_P1_Ama058_3	2386	0/1	37	38	NA	75	4751	9	49	51	NA	0.189433803409808
4348_Gorai.013G260900.1_P1_Ama058_3	2414	0/1	49	26	NA	75	4751	9	65	35	NA	0.189433803409808
4348_Gorai.013G260900.1_P1_Ama058_3	2503	1/1	17	71	NA	88	4751	9	19	81	NA	0.189433803409808
4348_Gorai.013G260900.1_P1_Ama058_3	2586	0/1	50	41	NA	91	4751	9	55	45	NA	0.189433803409808
4348_Gorai.013G260900.1_P1_Ama058_3	2788	0/1	27	55	NA	82	4751	9	33	67	NA	0.189433803409808
4348_Gorai.013G260900.1_P1_Ama058_3	2888	0/1	41	28	NA	69	4751	9	59	41	NA	0.189433803409808
4348_Gorai.013G260900.1_P1_Ama058_3	3595	1/1	10	30	NA	40	4751	9	25	75	NA	0.189433803409808
4453_Gorai.002G114100.1_Ama058	1300	1/2	0	5	4	9	3227	1	0	56	44	0.0309885342423303
4485_Gorai.004G191700.2_Ama058	2361	1/1	3	16	NA	19	3511	1	16	84	NA	0.0284819139846198
4485_Gorai.004G191700.2_Ama058_3	2361	1/1	5	21	NA	26	3511	1	19	81	NA	0.0284819139846198
471_Gorai.006G256000.2_Ama058	1293	1/1	0	56	NA	56	1581	1	0	100	NA	0.0632511068943706
471_Gorai.006G256000.2_Ama058_3	1293	1/1	0	51	NA	51	1581	2	0	100	NA	0.126502213788741
471_Gorai.006G256000.2_Ama058_3	1571	1/1	0	9	NA	9	1581	2	0	100	NA	0.126502213788741
4950_Gorai.001G237200.2_Ama058	742	1/1	31	39	NA	70	2350	9	44	56	NA	0.382978723404255
4950_Gorai.001G237200.2_Ama058	747	1/1	29	42	NA	71	2350	9	41	59	NA	0.382978723404255
4950_Gorai.001G237200.2_Ama058	755	1/1	29	44	NA	73	2350	9	40	60	NA	0.382978723404255
4950_Gorai.001G237200.2_Ama058	975	0/1	66	32	NA	98	2350	9	67	33	NA	0.382978723404255
4950_Gorai.001G237200.2_Ama058	1323	0/1	44	72	NA	116	2350	9	38	62	NA	0.382978723404255
4950_Gorai.001G237200.2_Ama058	1360	0/1	60	58	NA	118	2350	9	51	49	NA	0.382978723404255
4950_Gorai.001G237200.2_Ama058	1561	1/1	1	97	NA	98	2350	9	1	99	NA	0.382978723404255
4950_Gorai.001G237200.2_Ama058	1817	0/1	74	93	NA	167	2350	9	44	56	NA	0.382978723404255
4950_Gorai.001G237200.2_Ama058	1849	0/1	66	94	NA	160	2350	9	41	59	NA	0.382978723404255
4950_Gorai.001G237200.2_Ama058_3	1323	0/1	43	78	NA	121	2350	3	36	64	NA	0.127659574468085
4950_Gorai.001G237200.2_Ama058_3	1360	0/1	59	57	NA	116	2350	3	51	49	NA	0.127659574468085
4950_Gorai.001G237200.2_Ama058_3	1817	1/1	43	62	NA	105	2350	3	41	59	NA	0.127659574468085
5128_Gorai.008G247200.2_Ama058	164	1/1	4	81	NA	85	2365	5	5	95	NA	0.211416490486258
5128_Gorai.008G247200.2_Ama058	1251	0/1	56	105	NA	161	2365	5	35	65	NA	0.211416490486258
5128_Gorai.008G247200.2_Ama058	1290	0/1	36	126	NA	162	2365	5	22	78	NA	0.211416490486258
5128_Gorai.008G247200.2_Ama058	1458	1/1	19	121	NA	140	2365	5	14	86	NA	0.211416490486258
5128_Gorai.008G247200.2_Ama058	1668	1/1	6	58	NA	64	2365	5	9	91	NA	0.211416490486258
5128_Gorai.008G247200.2_Ama058_3	164	1/1	2	88	NA	90	2365	5	2	98	NA	0.211416490486258
5128_Gorai.008G247200.2_Ama058_3	1251	0/1	70	80	NA	150	2365	5	47	53	NA	0.211416490486258
5128_Gorai.008G247200.2_Ama058_3	1290	0/1	47	106	NA	153	2365	5	31	69	NA	0.211416490486258
5128_Gorai.008G247200.2_Ama058_3	1458	1/1	17	118	NA	135	2365	5	13	87	NA	0.211416490486258
5128_Gorai.008G247200.2_Ama058_3	1668	1/1	10	58	NA	68	2365	5	15	85	NA	0.211416490486258
5533_Gorai.003G156900.1_P1_Ama058	298	1/1	10	28	NA	38	2249	1	26	74	NA	0.0444642063139173
5533_Gorai.003G156900.1_P1_Ama058_3	298	0/1	11	41	NA	52	2249	1	21	79	NA	0.0444642063139173
5900_Gorai.001G247800.5_Ama058	963	1/1	10	35	NA	45	3400	2	22	78	NA	0.0588235294117647
5900_Gorai.001G247800.5_Ama058	2395	0/1	4	6	NA	10	3400	2	40	60	NA	0.0588235294117647
5900_Gorai.001G247800.5_Ama058_3	963	1/1	13	25	NA	38	3400	1	34	66	NA	0.0294117647058824
608_Gorai.005G157100.1_Ama058	342	1/1	2	17	NA	19	5439	2	11	89	NA	0.0367714653428939
608_Gorai.005G157100.1_Ama058	3769	1/1	19	132	NA	151	5439	2	13	87	NA	0.0367714653428939
608_Gorai.005G157100.1_Ama058_3	3769	1/1	33	116	NA	149	5439	1	22	78	NA	0.018385732671447
6171_Gorai.008G228900.3_P3_Ama058_3	240	1/1	20	29	NA	49	2098	2	41	59	NA	0.0953288846520496
6171_Gorai.008G228900.3_P3_Ama058_3	315	1/1	17	23	NA	40	2098	2	42	57	NA	0.0953288846520496
6794_Gorai.009G193900.2_Ama058	800	0/1	37	3	NA	40	4679	35	92	8	NA	0.748023081855097
6794_Gorai.009G193900.2_Ama058	802	0/1	37	3	NA	40	4679	35	92	8	NA	0.748023081855097
6794_Gorai.009G193900.2_Ama058	819	0/1	33	5	NA	38	4679	35	87	13	NA	0.748023081855097
6794_Gorai.009G193900.2_Ama058	838	1/1	30	7	NA	37	4679	35	81	19	NA	0.748023081855097
6794_Gorai.009G193900.2_Ama058	866	0/1	22	9	NA	31	4679	35	71	29	NA	0.748023081855097
6794_Gorai.009G193900.2_Ama058	871	0/1	22	9	NA	31	4679	35	71	29	NA	0.748023081855097
6794_Gorai.009G193900.2_Ama058	875	0/1	20	9	NA	29	4679	35	69	31	NA	0.748023081855097
6794_Gorai.009G193900.2_Ama058	885	1/1	18	9	NA	27	4679	35	67	33	NA	0.748023081855097
6794_Gorai.009G193900.2_Ama058	897	0/1	17	9	NA	26	4679	35	65	35	NA	0.748023081855097
6794_Gorai.009G193900.2_Ama058	900	0/1	15	9	NA	24	4679	35	62	38	NA	0.748023081855097
6794_Gorai.009G193900.2_Ama058	906	0/1	13	9	NA	22	4679	35	59	41	NA	0.748023081855097
6794_Gorai.009G193900.2_Ama058	922	0/1	8	9	NA	17	4679	35	47	53	NA	0.748023081855097
6794_Gorai.009G193900.2_Ama058	928	0/1	8	9	NA	17	4679	35	47	53	NA	0.748023081855097
6794_Gorai.009G193900.2_Ama058	929	1/1	8	9	NA	17	4679	35	47	53	NA	0.748023081855097
6794_Gorai.009G193900.2_Ama058	980	1/1	0	4	NA	4	4679	35	0	100	NA	0.748023081855097
6794_Gorai.009G193900.2_Ama058	995	1/1	0	5	NA	5	4679	35	0	100	NA	0.748023081855097
6794_Gorai.009G193900.2_Ama058	1013	1/1	0	6	NA	6	4679	35	0	100	NA	0.748023081855097
6794_Gorai.009G193900.2_Ama058	1029	1/1	0	9	NA	9	4679	35	0	100	NA	0.748023081855097
6794_Gorai.009G193900.2_Ama058	1044	1/1	1	10	NA	11	4679	35	9	91	NA	0.748023081855097
6794_Gorai.009G193900.2_Ama058	1052	1/1	3	12	NA	15	4679	35	20	80	NA	0.748023081855097
6794_Gorai.009G193900.2_Ama058	1061	1/1	6	12	NA	18	4679	35	33	67	NA	0.748023081855097
6794_Gorai.009G193900.2_Ama058	1064	1/1	7	12	NA	19	4679	35	37	63	NA	0.748023081855097
6794_Gorai.009G193900.2_Ama058	1065	1/1	7	12	NA	19	4679	35	37	63	NA	0.748023081855097
6794_Gorai.009G193900.2_Ama058	1085	1/1	8	15	NA	23	4679	35	35	65	NA	0.748023081855097
6794_Gorai.009G193900.2_Ama058	1086	1/1	8	15	NA	23	4679	35	35	65	NA	0.748023081855097
6794_Gorai.009G193900.2_Ama058	1096	1/1	8	14	NA	22	4679	35	36	64	NA	0.748023081855097
6794_Gorai.009G193900.2_Ama058	1097	1/1	8	14	NA	22	4679	35	36	64	NA	0.748023081855097
6794_Gorai.009G193900.2_Ama058	1114	1/1	8	14	NA	22	4679	35	36	64	NA	0.748023081855097
6794_Gorai.009G193900.2_Ama058	1121	1/1	8	13	NA	21	4679	35	38	62	NA	0.748023081855097
6794_Gorai.009G193900.2_Ama058	1148	1/1	8	13	NA	21	4679	35	38	62	NA	0.748023081855097
6794_Gorai.009G193900.2_Ama058	1155	1/1	8	13	NA	21	4679	35	38	62	NA	0.748023081855097
6794_Gorai.009G193900.2_Ama058	1170	1/1	8	12	NA	20	4679	35	40	60	NA	0.748023081855097
6794_Gorai.009G193900.2_Ama058	1194	1/1	10	12	NA	22	4679	35	45	55	NA	0.748023081855097
6794_Gorai.009G193900.2_Ama058	1205	1/1	10	10	NA	20	4679	35	50	50	NA	0.748023081855097
6794_Gorai.009G193900.2_Ama058	1213	1/1	10	9	NA	19	4679	35	53	47	NA	0.748023081855097
6794_Gorai.009G193900.2_Ama058_3	980	1/1	0	6	NA	6	4679	5	0	100	NA	0.106860440265014
6794_Gorai.009G193900.2_Ama058_3	995	1/1	0	7	NA	7	4679	5	0	100	NA	0.106860440265014
6794_Gorai.009G193900.2_Ama058_3	1013	1/1	0	12	NA	12	4679	5	0	100	NA	0.106860440265014
6794_Gorai.009G193900.2_Ama058_3	1029	1/1	0	16	NA	16	4679	5	0	100	NA	0.106860440265014
6794_Gorai.009G193900.2_Ama058_3	1101	1/1	0	18	NA	18	4679	5	0	100	NA	0.106860440265014
7126_Gorai.012G081300.2_Ama058	1136	1/1	0	6	NA	6	3014	1	0	100	NA	0.033178500331785
7148_Gorai.008G046800.2_Ama058	709	1/1	30	43	NA	73	3462	1	41	59	NA	0.0288850375505488
7148_Gorai.008G046800.2_Ama058_3	243	1/1	35	19	NA	54	3462	2	65	35	NA	0.0577700751010976
7148_Gorai.008G046800.2_Ama058_3	709	1/1	35	39	NA	74	3462	2	47	53	NA	0.0577700751010976
727_Gorai.011G026100.1_Ama058	3196	1/1	0	12	NA	12	5099	8	0	100	NA	0.156893508531085
727_Gorai.011G026100.1_Ama058	3228	1/1	0	19	NA	19	5099	8	0	100	NA	0.156893508531085
727_Gorai.011G026100.1_Ama058	3278	1/1	1	23	NA	24	5099	8	4	96	NA	0.156893508531085
727_Gorai.011G026100.1_Ama058	3298	1/1	1	22	NA	23	5099	8	4	96	NA	0.156893508531085
727_Gorai.011G026100.1_Ama058	3301	1/1	1	21	NA	22	5099	8	5	95	NA	0.156893508531085
727_Gorai.011G026100.1_Ama058	3352	1/1	1	20	NA	21	5099	8	5	95	NA	0.156893508531085
727_Gorai.011G026100.1_Ama058	3386	1/1	0	16	NA	16	5099	8	0	100	NA	0.156893508531085
727_Gorai.011G026100.1_Ama058	3402	1/1	0	12	NA	12	5099	8	0	100	NA	0.156893508531085
727_Gorai.011G026100.1_Ama058_3	3196	1/1	1	11	NA	12	5099	8	8	92	NA	0.156893508531085
727_Gorai.011G026100.1_Ama058_3	3228	1/1	1	13	NA	14	5099	8	7	93	NA	0.156893508531085
727_Gorai.011G026100.1_Ama058_3	3278	1/1	2	13	NA	15	5099	8	13	87	NA	0.156893508531085
727_Gorai.011G026100.1_Ama058_3	3298	1/1	2	13	NA	15	5099	8	13	87	NA	0.156893508531085
727_Gorai.011G026100.1_Ama058_3	3301	1/1	2	13	NA	15	5099	8	13	87	NA	0.156893508531085
727_Gorai.011G026100.1_Ama058_3	3352	1/1	1	12	NA	13	5099	8	8	92	NA	0.156893508531085
727_Gorai.011G026100.1_Ama058_3	3386	1/1	0	7	NA	7	5099	8	0	100	NA	0.156893508531085
727_Gorai.011G026100.1_Ama058_3	3402	1/1	0	6	NA	6	5099	8	0	100	NA	0.156893508531085
7271_Gorai.005G267000.2_P1_Ama058	1896	1/1	0	2	NA	2	2217	14	0	100	NA	0.63148398737032
7271_Gorai.005G267000.2_P1_Ama058	1921	0/1	7	3	NA	10	2217	14	70	30	NA	0.63148398737032
7271_Gorai.005G267000.2_P1_Ama058	1934	1/1	0	21	NA	21	2217	14	0	100	NA	0.63148398737032
7271_Gorai.005G267000.2_P1_Ama058	1977	1/1	0	54	NA	54	2217	14	0	100	NA	0.63148398737032
7271_Gorai.005G267000.2_P1_Ama058	2037	1/1	0	60	NA	60	2217	14	0	100	NA	0.63148398737032
7271_Gorai.005G267000.2_P1_Ama058	2068	0/1	27	33	NA	60	2217	14	45	55	NA	0.63148398737032
7271_Gorai.005G267000.2_P1_Ama058	2079	1/1	0	59	NA	59	2217	14	0	100	NA	0.63148398737032
7271_Gorai.005G267000.2_P1_Ama058	2083	1/2	0	27	32	59	2217	14	0	46	54	0.63148398737032
7271_Gorai.005G267000.2_P1_Ama058	2100	1/1	0	58	NA	58	2217	14	0	100	NA	0.63148398737032
7271_Gorai.005G267000.2_P1_Ama058	2113	1/1	0	58	NA	58	2217	14	0	100	NA	0.63148398737032
7271_Gorai.005G267000.2_P1_Ama058	2118	0/1	27	32	NA	59	2217	14	46	54	NA	0.63148398737032
7271_Gorai.005G267000.2_P1_Ama058	2133	1/1	1	56	NA	57	2217	14	2	98	NA	0.63148398737032
7271_Gorai.005G267000.2_P1_Ama058	2194	1/1	1	22	NA	23	2217	14	4	96	NA	0.63148398737032
7271_Gorai.005G267000.2_P1_Ama058	2195	0/1	13	9	NA	22	2217	14	59	41	NA	0.63148398737032
7271_Gorai.005G267000.2_P1_Ama058_3	687	1/1	1	72	NA	73	2217	12	1	99	NA	0.54127198917456
7271_Gorai.005G267000.2_P1_Ama058_3	689	1/1	1	73	NA	74	2217	12	1	99	NA	0.54127198917456
7271_Gorai.005G267000.2_P1_Ama058_3	695	1/1	1	84	NA	85	2217	12	1	99	NA	0.54127198917456
7271_Gorai.005G267000.2_P1_Ama058_3	1934	1/1	0	32	NA	32	2217	12	0	100	NA	0.54127198917456
7271_Gorai.005G267000.2_P1_Ama058_3	1977	1/1	0	60	NA	60	2217	12	0	100	NA	0.54127198917456
7271_Gorai.005G267000.2_P1_Ama058_3	2037	1/1	0	71	NA	71	2217	12	0	100	NA	0.54127198917456
7271_Gorai.005G267000.2_P1_Ama058_3	2079	1/1	0	66	NA	66	2217	12	0	100	NA	0.54127198917456
7271_Gorai.005G267000.2_P1_Ama058_3	2093	0/1	34	31	NA	65	2217	12	52	48	NA	0.54127198917456
7271_Gorai.005G267000.2_P1_Ama058_3	2100	1/1	1	62	NA	63	2217	12	2	98	NA	0.54127198917456
7271_Gorai.005G267000.2_P1_Ama058_3	2113	1/1	1	58	NA	59	2217	12	2	98	NA	0.54127198917456
7271_Gorai.005G267000.2_P1_Ama058_3	2133	1/1	1	46	NA	47	2217	12	2	98	NA	0.54127198917456
7271_Gorai.005G267000.2_P1_Ama058_3	2194	1/1	1	17	NA	18	2217	12	6	94	NA	0.54127198917456
7369_Gorai.009G002100.4_Ama058	1009	1/1	20	90	NA	110	1648	2	18	82	NA	0.121359223300971
7369_Gorai.009G002100.4_Ama058	1226	1/1	23	22	NA	45	1648	2	51	49	NA	0.121359223300971
7369_Gorai.009G002100.4_Ama058_3	1009	1/1	36	86	NA	122	1648	1	30	70	NA	0.0606796116504854
740_Gorai.007G132500.3_Ama058	341	1/1	1	19	NA	20	4523	2	5	95	NA	0.0442184390891002
740_Gorai.007G132500.3_Ama058	825	1/1	2	25	NA	27	4523	2	7	93	NA	0.0442184390891002
740_Gorai.007G132500.3_Ama058_3	17	1/1	0	3	NA	3	4523	1	0	100	NA	0.0221092195445501
7442_Gorai.012G040400.1_P1_Ama058	212	1/1	1	19	NA	20	2057	1	5	95	NA	0.0486144871171609
7442_Gorai.012G040400.1_P1_Ama058_3	212	1/1	1	25	NA	26	2057	1	4	96	NA	0.0486144871171609
7782_Gorai.008G118200.1_Ama058	1530	1/1	0	2	NA	2	2097	1	0	100	NA	0.0476871721506915
7798_Gorai.009G344900.1_Ama058	2744	0/1	21	42	NA	63	3085	2	33	67	NA	0.0648298217179903
7798_Gorai.009G344900.1_Ama058	2834	0/1	28	40	NA	68	3085	2	41	59	NA	0.0648298217179903
7798_Gorai.009G344900.1_Ama058_3	769	0/1	16	10	NA	26	3085	2	62	38	NA	0.0648298217179903
7798_Gorai.009G344900.1_Ama058_3	2744	0/1	21	39	NA	60	3085	2	35	65	NA	0.0648298217179903
7856_Gorai.003G086000.1_P1_Ama058_3	26	1/1	0	14	NA	14	1798	1	0	100	NA	0.0556173526140156
7856_Gorai.003G086000.1_P3_Ama058	7	0/1	16	30	NA	46	1792	6	35	65	NA	0.334821428571429
7856_Gorai.003G086000.1_P3_Ama058	20	0/1	29	31	NA	60	1792	6	48	52	NA	0.334821428571429
7856_Gorai.003G086000.1_P3_Ama058	48	0/1	55	27	NA	82	1792	6	67	33	NA	0.334821428571429
7856_Gorai.003G086000.1_P3_Ama058	51	0/1	58	27	NA	85	1792	6	68	32	NA	0.334821428571429
7856_Gorai.003G086000.1_P3_Ama058	54	0/1	60	26	NA	86	1792	6	70	30	NA	0.334821428571429
7856_Gorai.003G086000.1_P3_Ama058	67	0/1	74	23	NA	97	1792	6	76	24	NA	0.334821428571429
8031_Gorai.003G035200.6_P1_Ama058_3	534	1/1	0	9	NA	9	1243	4	0	100	NA	0.321802091713596
8031_Gorai.003G035200.6_P1_Ama058_3	536	1/1	0	9	NA	9	1243	4	0	100	NA	0.321802091713596
8031_Gorai.003G035200.6_P1_Ama058_3	537	1/1	0	7	NA	7	1243	4	0	100	NA	0.321802091713596
8031_Gorai.003G035200.6_P1_Ama058_3	539	1/1	0	11	NA	11	1243	4	0	100	NA	0.321802091713596
8061_Gorai.002G118200.4_P1_Ama058	435	0/1	84	19	NA	103	1634	6	82	18	NA	0.367197062423501
8061_Gorai.002G118200.4_P1_Ama058	441	0/1	83	20	NA	103	1634	6	81	19	NA	0.367197062423501
8061_Gorai.002G118200.4_P1_Ama058	475	0/1	80	20	NA	100	1634	6	80	20	NA	0.367197062423501
8061_Gorai.002G118200.4_P1_Ama058	482	0/1	79	19	NA	98	1634	6	81	19	NA	0.367197062423501
8061_Gorai.002G118200.4_P1_Ama058	483	0/1	78	21	NA	99	1634	6	79	21	NA	0.367197062423501
8061_Gorai.002G118200.4_P1_Ama058	692	1/1	8	21	NA	29	1634	6	28	72	NA	0.367197062423501
8061_Gorai.002G118200.4_P1_Ama058_3	456	1/1	49	52	NA	101	1634	2	49	51	NA	0.122399020807834
8061_Gorai.002G118200.4_P1_Ama058_3	692	1/1	3	26	NA	29	1634	2	10	90	NA	0.122399020807834
8071_Gorai.002G129300.6_P1_Ama058	13	1/1	0	11	NA	11	1703	3	0	100	NA	0.176159718144451
8071_Gorai.002G129300.6_P1_Ama058	1590	1/1	0	10	NA	10	1703	3	0	100	NA	0.176159718144451
8071_Gorai.002G129300.6_P1_Ama058	1591	1/1	0	10	NA	10	1703	3	0	100	NA	0.176159718144451
8108_Gorai.004G178200.4_Ama058	663	0/1	168	15	NA	183	2941	17	92	8	NA	0.578034682080925
8108_Gorai.004G178200.4_Ama058	685	0/1	171	17	NA	188	2941	17	91	9	NA	0.578034682080925
8108_Gorai.004G178200.4_Ama058	687	0/1	170	17	NA	187	2941	17	91	9	NA	0.578034682080925
8108_Gorai.004G178200.4_Ama058	735	0/1	195	22	NA	217	2941	17	90	10	NA	0.578034682080925
8108_Gorai.004G178200.4_Ama058	738	0/1	195	23	NA	218	2941	17	89	11	NA	0.578034682080925
8108_Gorai.004G178200.4_Ama058	748	0/1	200	23	NA	223	2941	17	90	10	NA	0.578034682080925
8108_Gorai.004G178200.4_Ama058	778	0/1	205	23	NA	228	2941	17	90	10	NA	0.578034682080925
8108_Gorai.004G178200.4_Ama058	782	0/1	209	25	NA	234	2941	17	89	11	NA	0.578034682080925
8108_Gorai.004G178200.4_Ama058	803	0/1	221	26	NA	247	2941	17	89	11	NA	0.578034682080925
8108_Gorai.004G178200.4_Ama058	815	0/1	219	28	NA	247	2941	17	89	11	NA	0.578034682080925
8108_Gorai.004G178200.4_Ama058	839	0/1	222	29	NA	251	2941	17	88	12	NA	0.578034682080925
8108_Gorai.004G178200.4_Ama058	875	0/1	228	25	NA	253	2941	17	90	10	NA	0.578034682080925
8108_Gorai.004G178200.4_Ama058	883	0/1	226	22	NA	248	2941	17	91	9	NA	0.578034682080925
8108_Gorai.004G178200.4_Ama058	884	0/1	226	21	NA	247	2941	17	91	9	NA	0.578034682080925
8108_Gorai.004G178200.4_Ama058	896	0/1	226	22	NA	248	2941	17	91	9	NA	0.578034682080925
8108_Gorai.004G178200.4_Ama058	912	0/1	224	19	NA	243	2941	17	92	8	NA	0.578034682080925
8108_Gorai.004G178200.4_Ama058	1352	0/1	28	4	NA	32	2941	17	88	12	NA	0.578034682080925
8460_Gorai.005G073300.3_Ama058	813	0/1	11	13	NA	24	4287	1	46	54	NA	0.0233263354327035
8566_Gorai.005G158000.5_Ama058	1151	1/1	0	4	NA	4	1918	1	0	100	NA	0.0521376433785193
8902_Gorai.009G043400.2_P1_Ama058	284	1/1	0	107	NA	107	1367	2	0	100	NA	0.146305779078274
8902_Gorai.009G043400.2_P1_Ama058	345	1/1	0	120	NA	120	1367	2	0	100	NA	0.146305779078274
8902_Gorai.009G043400.2_P1_Ama058_3	75	1/1	9	13	NA	22	1367	21	41	59	NA	1.53621068032187
8902_Gorai.009G043400.2_P1_Ama058_3	132	1/1	8	31	NA	39	1367	21	21	79	NA	1.53621068032187
8902_Gorai.009G043400.2_P1_Ama058_3	189	1/1	8	46	NA	54	1367	21	15	85	NA	1.53621068032187
8902_Gorai.009G043400.2_P1_Ama058_3	203	1/1	8	50	NA	58	1367	21	14	86	NA	1.53621068032187
8902_Gorai.009G043400.2_P1_Ama058_3	211	0/1	36	21	NA	57	1367	21	63	37	NA	1.53621068032187
8902_Gorai.009G043400.2_P1_Ama058_3	213	1/1	7	50	NA	57	1367	21	12	88	NA	1.53621068032187
8902_Gorai.009G043400.2_P1_Ama058_3	216	1/1	7	50	NA	57	1367	21	12	88	NA	1.53621068032187
8902_Gorai.009G043400.2_P1_Ama058_3	217	1/1	6	50	NA	56	1367	21	11	89	NA	1.53621068032187
8902_Gorai.009G043400.2_P1_Ama058_3	232	1/1	4	62	NA	66	1367	21	6	94	NA	1.53621068032187
8902_Gorai.009G043400.2_P1_Ama058_3	284	1/1	0	82	NA	82	1367	21	0	100	NA	1.53621068032187
8902_Gorai.009G043400.2_P1_Ama058_3	345	1/1	2	85	NA	87	1367	21	2	98	NA	1.53621068032187
8902_Gorai.009G043400.2_P1_Ama058_3	375	1/1	4	79	NA	83	1367	21	5	95	NA	1.53621068032187
8902_Gorai.009G043400.2_P1_Ama058_3	401	1/1	13	71	NA	84	1367	21	15	85	NA	1.53621068032187
8902_Gorai.009G043400.2_P1_Ama058_3	440	1/1	16	57	NA	73	1367	21	22	78	NA	1.53621068032187
8902_Gorai.009G043400.2_P1_Ama058_3	448	1/1	17	53	NA	70	1367	21	24	76	NA	1.53621068032187
8902_Gorai.009G043400.2_P1_Ama058_3	451	1/1	16	52	NA	68	1367	21	24	76	NA	1.53621068032187
8902_Gorai.009G043400.2_P1_Ama058_3	474	1/1	16	43	NA	59	1367	21	27	73	NA	1.53621068032187
8902_Gorai.009G043400.2_P1_Ama058_3	493	1/1	15	36	NA	51	1367	21	29	71	NA	1.53621068032187
8902_Gorai.009G043400.2_P1_Ama058_3	506	1/1	15	31	NA	46	1367	21	33	67	NA	1.53621068032187
8902_Gorai.009G043400.2_P1_Ama058_3	519	1/1	15	23	NA	38	1367	21	39	61	NA	1.53621068032187
8902_Gorai.009G043400.2_P1_Ama058_3	534	1/1	15	12	NA	27	1367	21	56	44	NA	1.53621068032187
8902_Gorai.009G043400.2_P3_Ama058	10	1/1	0	9	NA	9	1204	21	0	100	NA	1.74418604651163
8902_Gorai.009G043400.2_P3_Ama058	28	1/1	0	17	NA	17	1204	21	0	100	NA	1.74418604651163
8902_Gorai.009G043400.2_P3_Ama058	33	1/1	0	20	NA	20	1204	21	0	100	NA	1.74418604651163
8902_Gorai.009G043400.2_P3_Ama058	80	1/1	0	42	NA	42	1204	21	0	100	NA	1.74418604651163
8902_Gorai.009G043400.2_P3_Ama058	82	1/1	0	43	NA	43	1204	21	0	100	NA	1.74418604651163
8902_Gorai.009G043400.2_P3_Ama058	94	1/1	1	50	NA	51	1204	21	2	98	NA	1.74418604651163
8902_Gorai.009G043400.2_P3_Ama058	184	1/1	2	73	NA	75	1204	21	3	97	NA	1.74418604651163
8902_Gorai.009G043400.2_P3_Ama058	217	1/1	0	81	NA	81	1204	21	0	100	NA	1.74418604651163
8902_Gorai.009G043400.2_P3_Ama058	319	1/1	6	58	NA	64	1204	21	9	91	NA	1.74418604651163
8902_Gorai.009G043400.2_P3_Ama058	343	1/1	3	57	NA	60	1204	21	5	95	NA	1.74418604651163
8902_Gorai.009G043400.2_P3_Ama058	405	1/1	10	47	NA	57	1204	21	18	82	NA	1.74418604651163
8902_Gorai.009G043400.2_P3_Ama058	424	0/1	18	43	NA	61	1204	21	30	70	NA	1.74418604651163
8902_Gorai.009G043400.2_P3_Ama058	737	1/1	7	10	NA	17	1204	21	41	59	NA	1.74418604651163
8902_Gorai.009G043400.2_P3_Ama058	770	1/1	7	10	NA	17	1204	21	41	59	NA	1.74418604651163
8902_Gorai.009G043400.2_P3_Ama058	777	1/1	7	11	NA	18	1204	21	39	61	NA	1.74418604651163
8902_Gorai.009G043400.2_P3_Ama058	791	1/1	7	13	NA	20	1204	21	35	65	NA	1.74418604651163
8902_Gorai.009G043400.2_P3_Ama058	806	1/1	9	16	NA	25	1204	21	36	64	NA	1.74418604651163
8902_Gorai.009G043400.2_P3_Ama058	860	1/1	12	20	NA	32	1204	21	38	62	NA	1.74418604651163
8902_Gorai.009G043400.2_P3_Ama058	911	1/1	13	26	NA	39	1204	21	33	67	NA	1.74418604651163
8902_Gorai.009G043400.2_P3_Ama058	1070	1/1	10	27	NA	37	1204	21	27	73	NA	1.74418604651163
8902_Gorai.009G043400.2_P3_Ama058	1115	1/1	5	28	NA	33	1204	21	15	85	NA	1.74418604651163
8902_Gorai.009G043400.2_P3_Ama058_3	10	1/1	0	9	NA	9	1204	20	0	100	NA	1.66112956810631
8902_Gorai.009G043400.2_P3_Ama058_3	28	1/1	0	12	NA	12	1204	20	0	100	NA	1.66112956810631
8902_Gorai.009G043400.2_P3_Ama058_3	33	1/1	0	14	NA	14	1204	20	0	100	NA	1.66112956810631
8902_Gorai.009G043400.2_P3_Ama058_3	80	1/1	1	32	NA	33	1204	20	3	97	NA	1.66112956810631
8902_Gorai.009G043400.2_P3_Ama058_3	82	1/1	1	33	NA	34	1204	20	3	97	NA	1.66112956810631
8902_Gorai.009G043400.2_P3_Ama058_3	94	1/1	1	39	NA	40	1204	20	2	98	NA	1.66112956810631
8902_Gorai.009G043400.2_P3_Ama058_3	184	1/1	0	63	NA	63	1204	20	0	100	NA	1.66112956810631
8902_Gorai.009G043400.2_P3_Ama058_3	217	1/1	17	60	NA	77	1204	20	22	78	NA	1.66112956810631
8902_Gorai.009G043400.2_P3_Ama058_3	244	1/1	17	64	NA	81	1204	20	21	79	NA	1.66112956810631
8902_Gorai.009G043400.2_P3_Ama058_3	253	0/1	51	30	NA	81	1204	20	63	37	NA	1.66112956810631
8902_Gorai.009G043400.2_P3_Ama058_3	319	1/1	2	71	NA	73	1204	20	3	97	NA	1.66112956810631
8902_Gorai.009G043400.2_P3_Ama058_3	343	1/1	26	49	NA	75	1204	20	35	65	NA	1.66112956810631
8902_Gorai.009G043400.2_P3_Ama058_3	346	0/1	51	23	NA	74	1204	20	69	31	NA	1.66112956810631
8902_Gorai.009G043400.2_P3_Ama058_3	405	1/1	29	45	NA	74	1204	20	39	61	NA	1.66112956810631
8902_Gorai.009G043400.2_P3_Ama058_3	424	0/1	30	44	NA	74	1204	20	41	59	NA	1.66112956810631
8902_Gorai.009G043400.2_P3_Ama058_3	445	0/1	11	49	NA	60	1204	20	18	82	NA	1.66112956810631
8902_Gorai.009G043400.2_P3_Ama058_3	517	0/1	31	16	NA	47	1204	20	66	34	NA	1.66112956810631
8902_Gorai.009G043400.2_P3_Ama058_3	580	1/1	9	20	NA	29	1204	20	31	69	NA	1.66112956810631
8902_Gorai.009G043400.2_P3_Ama058_3	911	1/1	8	33	NA	41	1204	20	20	80	NA	1.66112956810631
8902_Gorai.009G043400.2_P3_Ama058_3	983	1/1	11	26	NA	37	1204	20	30	70	NA	1.66112956810631
8995_Gorai.009G414300.4_P1_Ama058	619	1/1	0	7	NA	7	2112	7	0	100	NA	0.331439393939394
8995_Gorai.009G414300.4_P1_Ama058	643	1/1	0	9	NA	9	2112	7	0	100	NA	0.331439393939394
8995_Gorai.009G414300.4_P1_Ama058	649	1/1	0	11	NA	11	2112	7	0	100	NA	0.331439393939394
8995_Gorai.009G414300.4_P1_Ama058	655	1/1	0	12	NA	12	2112	7	0	100	NA	0.331439393939394
8995_Gorai.009G414300.4_P1_Ama058	776	1/1	0	16	NA	16	2112	7	0	100	NA	0.331439393939394
8995_Gorai.009G414300.4_P1_Ama058	788	1/1	0	15	NA	15	2112	7	0	100	NA	0.331439393939394
8995_Gorai.009G414300.4_P1_Ama058	2086	1/1	0	7	NA	7	2112	7	0	100	NA	0.331439393939394
8995_Gorai.009G414300.4_P1_Ama058_3	636	1/1	0	12	NA	12	2112	12	0	100	NA	0.568181818181818
8995_Gorai.009G414300.4_P1_Ama058_3	643	1/1	0	12	NA	12	2112	12	0	100	NA	0.568181818181818
8995_Gorai.009G414300.4_P1_Ama058_3	646	0/1	6	6	NA	12	2112	12	50	50	NA	0.568181818181818
8995_Gorai.009G414300.4_P1_Ama058_3	649	1/1	0	12	NA	12	2112	12	0	100	NA	0.568181818181818
8995_Gorai.009G414300.4_P1_Ama058_3	655	1/1	0	12	NA	12	2112	12	0	100	NA	0.568181818181818
8995_Gorai.009G414300.4_P1_Ama058_3	668	0/1	7	8	NA	15	2112	12	47	53	NA	0.568181818181818
8995_Gorai.009G414300.4_P1_Ama058_3	707	0/1	9	7	NA	16	2112	12	56	44	NA	0.568181818181818
8995_Gorai.009G414300.4_P1_Ama058_3	725	0/1	9	7	NA	16	2112	12	56	44	NA	0.568181818181818
8995_Gorai.009G414300.4_P1_Ama058_3	776	1/1	1	12	NA	13	2112	12	8	92	NA	0.568181818181818
8995_Gorai.009G414300.4_P1_Ama058_3	788	1/1	2	10	NA	12	2112	12	17	83	NA	0.568181818181818
8995_Gorai.009G414300.4_P1_Ama058_3	800	1/1	2	9	NA	11	2112	12	18	82	NA	0.568181818181818
8995_Gorai.009G414300.4_P1_Ama058_3	807	0/1	2	7	NA	9	2112	12	22	78	NA	0.568181818181818
9057_Gorai.009G271600.2_P1_Ama058	537	1/1	0	48	NA	48	1659	10	0	100	NA	0.602772754671489
9057_Gorai.009G271600.2_P1_Ama058	539	1/1	0	28	NA	28	1659	10	0	100	NA	0.602772754671489
9057_Gorai.009G271600.2_P1_Ama058	542	1/1	0	48	NA	48	1659	10	0	100	NA	0.602772754671489
9057_Gorai.009G271600.2_P1_Ama058	546	1/1	0	48	NA	48	1659	10	0	100	NA	0.602772754671489
9057_Gorai.009G271600.2_P1_Ama058	549	1/1	0	48	NA	48	1659	10	0	100	NA	0.602772754671489
9057_Gorai.009G271600.2_P1_Ama058	562	0/1	29	27	NA	56	1659	10	52	48	NA	0.602772754671489
9057_Gorai.009G271600.2_P1_Ama058	1516	1/1	0	34	NA	34	1659	10	0	100	NA	0.602772754671489
9057_Gorai.009G271600.2_P1_Ama058	1517	1/1	0	34	NA	34	1659	10	0	100	NA	0.602772754671489
9057_Gorai.009G271600.2_P1_Ama058	1524	1/1	0	33	NA	33	1659	10	0	100	NA	0.602772754671489
9057_Gorai.009G271600.2_P1_Ama058	1530	1/1	0	33	NA	33	1659	10	0	100	NA	0.602772754671489
9057_Gorai.009G271600.2_P1_Ama058_3	536	1/1	0	37	NA	37	1659	10	0	100	NA	0.602772754671489
9057_Gorai.009G271600.2_P1_Ama058_3	539	1/1	0	24	NA	24	1659	10	0	100	NA	0.602772754671489
9057_Gorai.009G271600.2_P1_Ama058_3	545	1/1	0	36	NA	36	1659	10	0	100	NA	0.602772754671489
9057_Gorai.009G271600.2_P1_Ama058_3	547	1/1	0	36	NA	36	1659	10	0	100	NA	0.602772754671489
9057_Gorai.009G271600.2_P1_Ama058_3	553	1/1	0	36	NA	36	1659	10	0	100	NA	0.602772754671489
9057_Gorai.009G271600.2_P1_Ama058_3	562	1/1	19	23	NA	42	1659	10	45	55	NA	0.602772754671489
9057_Gorai.009G271600.2_P1_Ama058_3	1516	1/1	0	40	NA	40	1659	10	0	100	NA	0.602772754671489
9057_Gorai.009G271600.2_P1_Ama058_3	1517	1/1	0	40	NA	40	1659	10	0	100	NA	0.602772754671489
9057_Gorai.009G271600.2_P1_Ama058_3	1524	1/1	0	41	NA	41	1659	10	0	100	NA	0.602772754671489
9057_Gorai.009G271600.2_P1_Ama058_3	1530	1/1	0	41	NA	41	1659	10	0	100	NA	0.602772754671489
9076_Gorai.001G120700.4_Ama058	890	0/1	11	4	NA	15	3031	1	73	27	NA	0.0329924117452986
9156_Gorai.009G268200.2_P2_Ama058	1416	0/1	65	56	NA	121	2374	12	54	46	NA	0.50547598989048
9156_Gorai.009G268200.2_P2_Ama058	1464	1/1	1	142	NA	143	2374	12	1	99	NA	0.50547598989048
9156_Gorai.009G268200.2_P2_Ama058	1527	1/1	12	148	NA	160	2374	12	8	92	NA	0.50547598989048
9156_Gorai.009G268200.2_P2_Ama058	1650	1/1	94	77	NA	171	2374	12	55	45	NA	0.50547598989048
9156_Gorai.009G268200.2_P2_Ama058	1695	0/1	100	84	NA	184	2374	12	54	46	NA	0.50547598989048
9156_Gorai.009G268200.2_P2_Ama058	1707	0/1	89	102	NA	191	2374	12	47	53	NA	0.50547598989048
9156_Gorai.009G268200.2_P2_Ama058	1710	0/1	103	87	NA	190	2374	12	54	46	NA	0.50547598989048
9156_Gorai.009G268200.2_P2_Ama058	1755	0/1	134	46	NA	180	2374	12	74	26	NA	0.50547598989048
9156_Gorai.009G268200.2_P2_Ama058	1776	0/1	124	46	NA	170	2374	12	73	27	NA	0.50547598989048
9156_Gorai.009G268200.2_P2_Ama058	1996	1/1	2	43	NA	45	2374	12	4	96	NA	0.50547598989048
9156_Gorai.009G268200.2_P2_Ama058	2280	1/1	1	43	NA	44	2374	12	2	98	NA	0.50547598989048
9156_Gorai.009G268200.2_P2_Ama058	2315	1/1	1	30	NA	31	2374	12	3	97	NA	0.50547598989048
9156_Gorai.009G268200.2_P2_Ama058_3	1389	0/1	32	3	NA	35	2374	48	91	9	NA	2.02190395956192
9156_Gorai.009G268200.2_P2_Ama058_3	1406	0/1	30	11	NA	41	2374	48	73	27	NA	2.02190395956192
9156_Gorai.009G268200.2_P2_Ama058_3	1418	0/1	30	18	NA	48	2374	48	62	38	NA	2.02190395956192
9156_Gorai.009G268200.2_P2_Ama058_3	1455	0/1	53	35	NA	88	2374	48	60	40	NA	2.02190395956192
9156_Gorai.009G268200.2_P2_Ama058_3	1458	1/1	15	76	NA	91	2374	48	16	84	NA	2.02190395956192
9156_Gorai.009G268200.2_P2_Ama058_3	1464	1/1	13	83	NA	96	2374	48	14	86	NA	2.02190395956192
9156_Gorai.009G268200.2_P2_Ama058_3	1491	0/1	54	50	NA	104	2374	48	52	48	NA	2.02190395956192
9156_Gorai.009G268200.2_P2_Ama058_3	1527	1/1	13	122	NA	135	2374	48	10	90	NA	2.02190395956192
9156_Gorai.009G268200.2_P2_Ama058_3	1587	0/1	118	62	NA	180	2374	48	66	34	NA	2.02190395956192
9156_Gorai.009G268200.2_P2_Ama058_3	1608	0/1	133	62	NA	195	2374	48	68	32	NA	2.02190395956192
9156_Gorai.009G268200.2_P2_Ama058_3	1629	0/1	145	61	NA	206	2374	48	70	30	NA	2.02190395956192
9156_Gorai.009G268200.2_P2_Ama058_3	1641	0/1	146	64	NA	210	2374	48	70	30	NA	2.02190395956192
9156_Gorai.009G268200.2_P2_Ama058_3	1647	0/1	157	55	NA	212	2374	48	74	26	NA	2.02190395956192
9156_Gorai.009G268200.2_P2_Ama058_3	1650	0/1	92	119	NA	211	2374	48	44	56	NA	2.02190395956192
9156_Gorai.009G268200.2_P2_Ama058_3	1662	0/1	145	66	NA	211	2374	48	69	31	NA	2.02190395956192
9156_Gorai.009G268200.2_P2_Ama058_3	1686	0/1	154	52	NA	206	2374	48	75	25	NA	2.02190395956192
9156_Gorai.009G268200.2_P2_Ama058_3	1692	0/1	112	90	NA	202	2374	48	55	45	NA	2.02190395956192
9156_Gorai.009G268200.2_P2_Ama058_3	1695	0/1	90	115	NA	205	2374	48	44	56	NA	2.02190395956192
9156_Gorai.009G268200.2_P2_Ama058_3	1707	0/1	110	90	NA	200	2374	48	55	45	NA	2.02190395956192
9156_Gorai.009G268200.2_P2_Ama058_3	1710	0/1	91	107	NA	198	2374	48	46	54	NA	2.02190395956192
9156_Gorai.009G268200.2_P2_Ama058_3	1890	0/1	29	36	NA	65	2374	48	45	55	NA	2.02190395956192
9156_Gorai.009G268200.2_P2_Ama058_3	1971	1/1	0	8	NA	8	2374	48	0	100	NA	2.02190395956192
9156_Gorai.009G268200.2_P2_Ama058_3	1976	0/1	8	10	NA	18	2374	48	44	56	NA	2.02190395956192
9156_Gorai.009G268200.2_P2_Ama058_3	1991	0/1	20	14	NA	34	2374	48	59	41	NA	2.02190395956192
9156_Gorai.009G268200.2_P2_Ama058_3	1996	1/1	0	35	NA	35	2374	48	0	100	NA	2.02190395956192
9156_Gorai.009G268200.2_P2_Ama058_3	1998	0/1	22	16	NA	38	2374	48	58	42	NA	2.02190395956192
9156_Gorai.009G268200.2_P2_Ama058_3	2016	0/1	25	25	NA	50	2374	48	50	50	NA	2.02190395956192
9156_Gorai.009G268200.2_P2_Ama058_3	2020	0/1	26	26	NA	52	2374	48	50	50	NA	2.02190395956192
9156_Gorai.009G268200.2_P2_Ama058_3	2022	1/2	1	26	25	52	2374	48	2	50	48	2.02190395956192
9156_Gorai.009G268200.2_P2_Ama058_3	2031	0/1	11	30	NA	41	2374	48	27	73	NA	2.02190395956192
9156_Gorai.009G268200.2_P2_Ama058_3	2049	0/1	38	36	NA	74	2374	48	51	49	NA	2.02190395956192
9156_Gorai.009G268200.2_P2_Ama058_3	2059	0/1	64	20	NA	84	2374	48	76	24	NA	2.02190395956192
9156_Gorai.009G268200.2_P2_Ama058_3	2064	0/1	43	46	NA	89	2374	48	48	52	NA	2.02190395956192
9156_Gorai.009G268200.2_P2_Ama058_3	2098	0/1	54	56	NA	110	2374	48	49	51	NA	2.02190395956192
9156_Gorai.009G268200.2_P2_Ama058_3	2130	0/1	55	59	NA	114	2374	48	48	52	NA	2.02190395956192
9156_Gorai.009G268200.2_P2_Ama058_3	2131	0/1	55	59	NA	114	2374	48	48	52	NA	2.02190395956192
9156_Gorai.009G268200.2_P2_Ama058_3	2172	0/1	54	61	NA	115	2374	48	47	53	NA	2.02190395956192
9156_Gorai.009G268200.2_P2_Ama058_3	2178	1/2	1	61	53	115	2374	48	1	53	46	2.02190395956192
9156_Gorai.009G268200.2_P2_Ama058_3	2193	0/1	59	51	NA	110	2374	48	54	46	NA	2.02190395956192
9156_Gorai.009G268200.2_P2_Ama058_3	2196	0/1	58	49	NA	107	2374	48	54	46	NA	2.02190395956192
9156_Gorai.009G268200.2_P2_Ama058_3	2253	1/2	2	39	31	72	2374	48	3	54	43	2.02190395956192
9156_Gorai.009G268200.2_P2_Ama058_3	2271	0/1	34	27	NA	61	2374	48	56	44	NA	2.02190395956192
9156_Gorai.009G268200.2_P2_Ama058_3	2280	1/1	2	54	NA	56	2374	48	4	96	NA	2.02190395956192
9156_Gorai.009G268200.2_P2_Ama058_3	2311	0/1	19	10	NA	29	2374	48	66	34	NA	2.02190395956192
9156_Gorai.009G268200.2_P2_Ama058_3	2313	0/1	12	13	NA	25	2374	48	48	52	NA	2.02190395956192
9156_Gorai.009G268200.2_P2_Ama058_3	2315	1/1	2	21	NA	23	2374	48	9	91	NA	2.02190395956192
9156_Gorai.009G268200.2_P2_Ama058_3	2319	0/1	12	11	NA	23	2374	48	52	48	NA	2.02190395956192
9156_Gorai.009G268200.2_P2_Ama058_3	2328	0/1	13	7	NA	20	2374	48	65	35	NA	2.02190395956192
923_Gorai.005G170300.2_P1_Ama058	421	0/1	5	18	NA	23	2892	12	22	78	NA	0.4149377593361
923_Gorai.005G170300.2_P1_Ama058	2250	0/1	89	9	NA	98	2892	12	91	9	NA	0.4149377593361
923_Gorai.005G170300.2_P1_Ama058	2278	0/1	90	9	NA	99	2892	12	91	9	NA	0.4149377593361
923_Gorai.005G170300.2_P1_Ama058	2291	0/1	90	9	NA	99	2892	12	91	9	NA	0.4149377593361
923_Gorai.005G170300.2_P1_Ama058	2302	0/1	91	9	NA	100	2892	12	91	9	NA	0.4149377593361
923_Gorai.005G170300.2_P1_Ama058	2310	0/1	87	9	NA	96	2892	12	91	9	NA	0.4149377593361
923_Gorai.005G170300.2_P1_Ama058	2315	0/1	85	9	NA	94	2892	12	90	10	NA	0.4149377593361
923_Gorai.005G170300.2_P1_Ama058	2316	0/1	84	9	NA	93	2892	12	90	10	NA	0.4149377593361
923_Gorai.005G170300.2_P1_Ama058	2326	0/1	78	9	NA	87	2892	12	90	10	NA	0.4149377593361
923_Gorai.005G170300.2_P1_Ama058	2332	0/1	79	9	NA	88	2892	12	90	10	NA	0.4149377593361
923_Gorai.005G170300.2_P1_Ama058	2355	0/1	76	9	NA	85	2892	12	89	11	NA	0.4149377593361
923_Gorai.005G170300.2_P1_Ama058	2356	0/1	76	9	NA	85	2892	12	89	11	NA	0.4149377593361
9263_Gorai.004G098000.1_P1_Ama058	339	0/1	153	47	NA	200	1251	18	76	24	NA	1.43884892086331
9263_Gorai.004G098000.1_P1_Ama058	360	0/1	137	61	NA	198	1251	18	69	31	NA	1.43884892086331
9263_Gorai.004G098000.1_P1_Ama058	372	0/1	124	72	NA	196	1251	18	63	37	NA	1.43884892086331
9263_Gorai.004G098000.1_P1_Ama058	384	0/1	78	115	NA	193	1251	18	40	60	NA	1.43884892086331
9263_Gorai.004G098000.1_P1_Ama058	420	0/1	84	97	NA	181	1251	18	46	54	NA	1.43884892086331
9263_Gorai.004G098000.1_P1_Ama058	423	0/1	98	83	NA	181	1251	18	54	46	NA	1.43884892086331
9263_Gorai.004G098000.1_P1_Ama058	435	0/1	103	72	NA	175	1251	18	59	41	NA	1.43884892086331
9263_Gorai.004G098000.1_P1_Ama058	437	0/1	71	104	NA	175	1251	18	41	59	NA	1.43884892086331
9263_Gorai.004G098000.1_P1_Ama058	606	0/1	79	56	NA	135	1251	18	59	41	NA	1.43884892086331
9263_Gorai.004G098000.1_P1_Ama058	654	0/1	90	53	NA	143	1251	18	63	37	NA	1.43884892086331
9263_Gorai.004G098000.1_P1_Ama058	660	0/1	124	21	NA	145	1251	18	86	14	NA	1.43884892086331
9263_Gorai.004G098000.1_P1_Ama058	702	0/1	110	26	NA	136	1251	18	81	19	NA	1.43884892086331
9263_Gorai.004G098000.1_P1_Ama058	774	0/1	52	45	NA	97	1251	18	54	46	NA	1.43884892086331
9263_Gorai.004G098000.1_P1_Ama058	776	0/1	45	49	NA	94	1251	18	48	52	NA	1.43884892086331
9263_Gorai.004G098000.1_P1_Ama058	777	1/1	0	94	NA	94	1251	18	0	100	NA	1.43884892086331
9263_Gorai.004G098000.1_P1_Ama058	783	0/1	49	42	NA	91	1251	18	54	46	NA	1.43884892086331
9263_Gorai.004G098000.1_P1_Ama058	886	0/1	22	6	NA	28	1251	18	79	21	NA	1.43884892086331
9263_Gorai.004G098000.1_P1_Ama058	898	1/1	10	2	NA	12	1251	18	83	17	NA	1.43884892086331
9263_Gorai.004G098000.1_P1_Ama058_3	120	1/1	29	17	NA	46	1251	25	63	37	NA	1.99840127897682
9263_Gorai.004G098000.1_P1_Ama058_3	138	1/1	28	38	NA	66	1251	25	42	58	NA	1.99840127897682
9263_Gorai.004G098000.1_P1_Ama058_3	177	1/1	27	51	NA	78	1251	25	35	65	NA	1.99840127897682
9263_Gorai.004G098000.1_P1_Ama058_3	195	1/1	27	66	NA	93	1251	25	29	71	NA	1.99840127897682
9263_Gorai.004G098000.1_P1_Ama058_3	217	1/1	23	76	NA	99	1251	25	23	77	NA	1.99840127897682
9263_Gorai.004G098000.1_P1_Ama058_3	243	1/1	15	95	NA	110	1251	25	14	86	NA	1.99840127897682
9263_Gorai.004G098000.1_P1_Ama058_3	249	1/1	11	99	NA	110	1251	25	10	90	NA	1.99840127897682
9263_Gorai.004G098000.1_P1_Ama058_3	261	1/1	6	104	NA	110	1251	25	5	95	NA	1.99840127897682
9263_Gorai.004G098000.1_P1_Ama058_3	264	1/1	5	106	NA	111	1251	25	5	95	NA	1.99840127897682
9263_Gorai.004G098000.1_P1_Ama058_3	309	0/1	83	56	NA	139	1251	25	60	40	NA	1.99840127897682
9263_Gorai.004G098000.1_P1_Ama058_3	339	0/1	104	56	NA	160	1251	25	65	35	NA	1.99840127897682
9263_Gorai.004G098000.1_P1_Ama058_3	360	0/1	133	35	NA	168	1251	25	79	21	NA	1.99840127897682
9263_Gorai.004G098000.1_P1_Ama058_3	372	0/1	81	87	NA	168	1251	25	48	52	NA	1.99840127897682
9263_Gorai.004G098000.1_P1_Ama058_3	384	0/1	95	72	NA	167	1251	25	57	43	NA	1.99840127897682
9263_Gorai.004G098000.1_P1_Ama058_3	420	0/1	57	137	NA	194	1251	25	29	71	NA	1.99840127897682
9263_Gorai.004G098000.1_P1_Ama058_3	423	0/1	138	56	NA	194	1251	25	71	29	NA	1.99840127897682
9263_Gorai.004G098000.1_P1_Ama058_3	435	0/1	149	47	NA	196	1251	25	76	24	NA	1.99840127897682
9263_Gorai.004G098000.1_P1_Ama058_3	437	0/1	45	152	NA	197	1251	25	23	77	NA	1.99840127897682
9263_Gorai.004G098000.1_P1_Ama058_3	654	0/1	65	78	NA	143	1251	25	45	55	NA	1.99840127897682
9263_Gorai.004G098000.1_P1_Ama058_3	702	0/1	67	35	NA	102	1251	25	66	34	NA	1.99840127897682
9263_Gorai.004G098000.1_P1_Ama058_3	777	1/1	3	48	NA	51	1251	25	6	94	NA	1.99840127897682
9263_Gorai.004G098000.1_P1_Ama058_3	780	1/1	3	47	NA	50	1251	25	6	94	NA	1.99840127897682
9263_Gorai.004G098000.1_P1_Ama058_3	825	1/1	4	15	NA	19	1251	25	21	79	NA	1.99840127897682
9263_Gorai.004G098000.1_P1_Ama058_3	827	1/1	4	14	NA	18	1251	25	22	78	NA	1.99840127897682
9263_Gorai.004G098000.1_P1_Ama058_3	834	1/1	4	12	NA	16	1251	25	25	75	NA	1.99840127897682
959_Gorai.001G017000.1_P2_Ama058	10	1/1	0	14	NA	14	1319	21	0	100	NA	1.59211523881729
959_Gorai.001G017000.1_P2_Ama058	33	0/1	8	20	NA	28	1319	21	29	71	NA	1.59211523881729
959_Gorai.001G017000.1_P2_Ama058	46	0/1	11	21	NA	32	1319	21	34	66	NA	1.59211523881729
959_Gorai.001G017000.1_P2_Ama058	76	0/1	28	7	NA	35	1319	21	80	20	NA	1.59211523881729
959_Gorai.001G017000.1_P2_Ama058	89	0/1	14	20	NA	34	1319	21	41	59	NA	1.59211523881729
959_Gorai.001G017000.1_P2_Ama058	106	0/1	24	8	NA	32	1319	21	75	25	NA	1.59211523881729
959_Gorai.001G017000.1_P2_Ama058	118	0/1	14	18	NA	32	1319	21	44	56	NA	1.59211523881729
959_Gorai.001G017000.1_P2_Ama058	144	1/1	4	18	NA	22	1319	21	18	82	NA	1.59211523881729
959_Gorai.001G017000.1_P2_Ama058	155	0/1	8	14	NA	22	1319	21	36	64	NA	1.59211523881729
959_Gorai.001G017000.1_P2_Ama058	847	1/1	53	60	NA	113	1319	21	47	53	NA	1.59211523881729
959_Gorai.001G017000.1_P2_Ama058	867	1/1	42	70	NA	112	1319	21	38	62	NA	1.59211523881729
959_Gorai.001G017000.1_P2_Ama058	1042	1/1	0	82	NA	82	1319	21	0	100	NA	1.59211523881729
959_Gorai.001G017000.1_P2_Ama058	1057	1/1	0	68	NA	68	1319	21	0	100	NA	1.59211523881729
959_Gorai.001G017000.1_P2_Ama058	1086	1/1	0	48	NA	48	1319	21	0	100	NA	1.59211523881729
959_Gorai.001G017000.1_P2_Ama058	1117	1/1	1	34	NA	35	1319	21	3	97	NA	1.59211523881729
959_Gorai.001G017000.1_P2_Ama058	1132	1/1	1	32	NA	33	1319	21	3	97	NA	1.59211523881729
959_Gorai.001G017000.1_P2_Ama058	1141	1/1	1	31	NA	32	1319	21	3	97	NA	1.59211523881729
959_Gorai.001G017000.1_P2_Ama058	1148	1/1	1	27	NA	28	1319	21	4	96	NA	1.59211523881729
959_Gorai.001G017000.1_P2_Ama058	1204	1/1	0	7	NA	7	1319	21	0	100	NA	1.59211523881729
959_Gorai.001G017000.1_P2_Ama058	1209	1/1	0	6	NA	6	1319	21	0	100	NA	1.59211523881729
959_Gorai.001G017000.1_P2_Ama058	1216	1/1	0	3	NA	3	1319	21	0	100	NA	1.59211523881729
959_Gorai.001G017000.1_P2_Ama058_3	879	0/1	57	21	NA	78	1319	28	73	27	NA	2.12282031842305
959_Gorai.001G017000.1_P2_Ama058_3	883	0/1	55	22	NA	77	1319	28	71	29	NA	2.12282031842305
959_Gorai.001G017000.1_P2_Ama058_3	900	0/1	48	24	NA	72	1319	28	67	33	NA	2.12282031842305
959_Gorai.001G017000.1_P2_Ama058_3	911	0/1	40	26	NA	66	1319	28	61	39	NA	2.12282031842305
959_Gorai.001G017000.1_P2_Ama058_3	912	0/1	39	28	NA	67	1319	28	58	42	NA	2.12282031842305
959_Gorai.001G017000.1_P2_Ama058_3	919	0/1	38	32	NA	70	1319	28	54	46	NA	2.12282031842305
959_Gorai.001G017000.1_P2_Ama058_3	924	0/1	36	37	NA	73	1319	28	49	51	NA	2.12282031842305
959_Gorai.001G017000.1_P2_Ama058_3	931	0/1	31	40	NA	71	1319	28	44	56	NA	2.12282031842305
959_Gorai.001G017000.1_P2_Ama058_3	934	0/1	30	39	NA	69	1319	28	43	57	NA	2.12282031842305
959_Gorai.001G017000.1_P2_Ama058_3	955	1/1	18	53	NA	71	1319	28	25	75	NA	2.12282031842305
959_Gorai.001G017000.1_P2_Ama058_3	983	1/1	7	56	NA	63	1319	28	11	89	NA	2.12282031842305
959_Gorai.001G017000.1_P2_Ama058_3	991	1/1	9	56	NA	65	1319	28	14	86	NA	2.12282031842305
959_Gorai.001G017000.1_P2_Ama058_3	1042	1/1	1	66	NA	67	1319	28	1	99	NA	2.12282031842305
959_Gorai.001G017000.1_P2_Ama058_3	1057	1/1	11	58	NA	69	1319	28	16	84	NA	2.12282031842305
959_Gorai.001G017000.1_P2_Ama058_3	1086	1/1	14	48	NA	62	1319	28	23	77	NA	2.12282031842305
959_Gorai.001G017000.1_P2_Ama058_3	1117	1/1	10	40	NA	50	1319	28	20	80	NA	2.12282031842305
959_Gorai.001G017000.1_P2_Ama058_3	1129	0/1	30	17	NA	47	1319	28	64	36	NA	2.12282031842305
959_Gorai.001G017000.1_P2_Ama058_3	1132	0/1	17	28	NA	45	1319	28	38	62	NA	2.12282031842305
959_Gorai.001G017000.1_P2_Ama058_3	1137	0/1	10	35	NA	45	1319	28	22	78	NA	2.12282031842305
959_Gorai.001G017000.1_P2_Ama058_3	1141	0/1	17	28	NA	45	1319	28	38	62	NA	2.12282031842305
959_Gorai.001G017000.1_P2_Ama058_3	1148	0/1	10	33	NA	43	1319	28	23	77	NA	2.12282031842305
959_Gorai.001G017000.1_P2_Ama058_3	1152	0/1	10	30	NA	40	1319	28	25	75	NA	2.12282031842305
959_Gorai.001G017000.1_P2_Ama058_3	1178	0/1	15	3	NA	18	1319	28	83	17	NA	2.12282031842305
959_Gorai.001G017000.1_P2_Ama058_3	1180	0/1	10	8	NA	18	1319	28	56	44	NA	2.12282031842305
959_Gorai.001G017000.1_P2_Ama058_3	1186	0/1	10	7	NA	17	1319	28	59	41	NA	2.12282031842305
959_Gorai.001G017000.1_P2_Ama058_3	1187	0/1	15	2	NA	17	1319	28	88	12	NA	2.12282031842305
959_Gorai.001G017000.1_P2_Ama058_3	1196	0/1	12	5	NA	17	1319	28	71	29	NA	2.12282031842305
959_Gorai.001G017000.1_P2_Ama058_3	1206	1/1	0	10	NA	10	1319	28	0	100	NA	2.12282031842305
959_Gorai.001G017000.1_P3_Ama058	31	1/1	0	10	NA	10	1239	8	0	100	NA	0.645682001614205
959_Gorai.001G017000.1_P3_Ama058	44	1/1	0	10	NA	10	1239	8	0	100	NA	0.645682001614205
959_Gorai.001G017000.1_P3_Ama058	49	1/1	0	10	NA	10	1239	8	0	100	NA	0.645682001614205
959_Gorai.001G017000.1_P3_Ama058	51	1/1	0	10	NA	10	1239	8	0	100	NA	0.645682001614205
959_Gorai.001G017000.1_P3_Ama058	59	1/1	0	10	NA	10	1239	8	0	100	NA	0.645682001614205
959_Gorai.001G017000.1_P3_Ama058	65	1/1	0	10	NA	10	1239	8	0	100	NA	0.645682001614205
959_Gorai.001G017000.1_P3_Ama058	78	1/1	0	10	NA	10	1239	8	0	100	NA	0.645682001614205
959_Gorai.001G017000.1_P3_Ama058	93	1/1	0	10	NA	10	1239	8	0	100	NA	0.645682001614205
959_Gorai.001G017000.1_P3_Ama058_3	91	1/1	0	13	NA	13	1239	4	0	100	NA	0.322841000807102
959_Gorai.001G017000.1_P3_Ama058_3	99	1/1	0	13	NA	13	1239	4	0	100	NA	0.322841000807102
959_Gorai.001G017000.1_P3_Ama058_3	112	1/1	0	11	NA	11	1239	4	0	100	NA	0.322841000807102
959_Gorai.001G017000.1_P3_Ama058_3	122	1/1	0	10	NA	10	1239	4	0	100	NA	0.322841000807102
9791_Gorai.002G036300.1_Ama058_3	1728	1/1	0	27	NA	27	2054	1	0	100	NA	0.0486854917234664
