allele	position	GT	ref.reads	alt1.reads	alt2.reads	total.reads	length	var_sites	perc_ref	perc_alt1	perc_alt2	perc_variant
10100_Gorai.010G161400.1_Ama201	600	1/1	0	21	NA	21	2477	12	0	100	NA	0.484457004440856
10100_Gorai.010G161400.1_Ama201	683	1/1	0	34	NA	34	2477	12	0	100	NA	0.484457004440856
10100_Gorai.010G161400.1_Ama201	686	1/1	0	35	NA	35	2477	12	0	100	NA	0.484457004440856
10100_Gorai.010G161400.1_Ama201	775	1/1	0	31	NA	31	2477	12	0	100	NA	0.484457004440856
10100_Gorai.010G161400.1_Ama201	891	1/1	0	23	NA	23	2477	12	0	100	NA	0.484457004440856
10100_Gorai.010G161400.1_Ama201	897	1/1	0	22	NA	22	2477	12	0	100	NA	0.484457004440856
10100_Gorai.010G161400.1_Ama201	1669	1/1	7	23	NA	30	2477	12	23	77	NA	0.484457004440856
10100_Gorai.010G161400.1_Ama201	1718	1/1	2	23	NA	25	2477	12	8	92	NA	0.484457004440856
10100_Gorai.010G161400.1_Ama201	1746	1/1	2	18	NA	20	2477	12	10	90	NA	0.484457004440856
10100_Gorai.010G161400.1_Ama201	1775	1/1	2	11	NA	13	2477	12	15	85	NA	0.484457004440856
10100_Gorai.010G161400.1_Ama201	2063	1/1	7	31	NA	38	2477	12	18	82	NA	0.484457004440856
10100_Gorai.010G161400.1_Ama201	2294	1/1	26	29	NA	55	2477	12	47	53	NA	0.484457004440856
10100_Gorai.010G161400.1_Ama201_3	683	1/1	0	20	NA	20	2477	11	0	100	NA	0.444085587404118
10100_Gorai.010G161400.1_Ama201_3	686	1/1	0	20	NA	20	2477	11	0	100	NA	0.444085587404118
10100_Gorai.010G161400.1_Ama201_3	714	1/1	0	20	NA	20	2477	11	0	100	NA	0.444085587404118
10100_Gorai.010G161400.1_Ama201_3	775	1/1	0	27	NA	27	2477	11	0	100	NA	0.444085587404118
10100_Gorai.010G161400.1_Ama201_3	891	1/1	0	11	NA	11	2477	11	0	100	NA	0.444085587404118
10100_Gorai.010G161400.1_Ama201_3	897	1/1	0	11	NA	11	2477	11	0	100	NA	0.444085587404118
10100_Gorai.010G161400.1_Ama201_3	1028	1/1	0	7	NA	7	2477	11	0	100	NA	0.444085587404118
10100_Gorai.010G161400.1_Ama201_3	1032	1/1	0	7	NA	7	2477	11	0	100	NA	0.444085587404118
10100_Gorai.010G161400.1_Ama201_3	1039	1/1	0	7	NA	7	2477	11	0	100	NA	0.444085587404118
10100_Gorai.010G161400.1_Ama201_3	2063	1/1	6	33	NA	39	2477	11	15	85	NA	0.444085587404118
10100_Gorai.010G161400.1_Ama201_3	2294	1/1	23	26	NA	49	2477	11	47	53	NA	0.444085587404118
1014_Gorai.013G160900.2_Ama201	334	1/1	0	15	NA	15	5981	14	0	100	NA	0.234074569469988
1014_Gorai.013G160900.2_Ama201	336	1/1	0	15	NA	15	5981	14	0	100	NA	0.234074569469988
1014_Gorai.013G160900.2_Ama201	337	1/1	0	11	NA	11	5981	14	0	100	NA	0.234074569469988
1014_Gorai.013G160900.2_Ama201	339	1/1	0	15	NA	15	5981	14	0	100	NA	0.234074569469988
1014_Gorai.013G160900.2_Ama201	544	1/1	1	15	NA	16	5981	14	6	94	NA	0.234074569469988
1014_Gorai.013G160900.2_Ama201	790	1/1	14	34	NA	48	5981	14	29	71	NA	0.234074569469988
1014_Gorai.013G160900.2_Ama201	1709	1/1	0	21	NA	21	5981	14	0	100	NA	0.234074569469988
1014_Gorai.013G160900.2_Ama201	2679	1/1	1	47	NA	48	5981	14	2	98	NA	0.234074569469988
1014_Gorai.013G160900.2_Ama201	4959	1/1	0	6	NA	6	5981	14	0	100	NA	0.234074569469988
1014_Gorai.013G160900.2_Ama201	5023	1/1	0	19	NA	19	5981	14	0	100	NA	0.234074569469988
1014_Gorai.013G160900.2_Ama201	5026	1/1	0	19	NA	19	5981	14	0	100	NA	0.234074569469988
1014_Gorai.013G160900.2_Ama201	5032	1/1	0	19	NA	19	5981	14	0	100	NA	0.234074569469988
1014_Gorai.013G160900.2_Ama201	5034	1/1	0	19	NA	19	5981	14	0	100	NA	0.234074569469988
1014_Gorai.013G160900.2_Ama201	5036	1/1	0	21	NA	21	5981	14	0	100	NA	0.234074569469988
1014_Gorai.013G160900.2_Ama201_3	544	1/1	0	14	NA	14	5981	4	0	100	NA	0.0668784484199967
1014_Gorai.013G160900.2_Ama201_3	1397	0/1	11	8	NA	19	5981	4	58	42	NA	0.0668784484199967
1014_Gorai.013G160900.2_Ama201_3	2679	1/1	0	73	NA	73	5981	4	0	100	NA	0.0668784484199967
1014_Gorai.013G160900.2_Ama201_3	4959	1/1	0	9	NA	9	5981	4	0	100	NA	0.0668784484199967
10149_Gorai.006G244400.2_P2_Ama201	1063	1/1	1	11	NA	12	1602	2	8	92	NA	0.124843945068664
10149_Gorai.006G244400.2_P2_Ama201	1264	1/1	31	27	NA	58	1602	2	53	47	NA	0.124843945068664
10375_Gorai.003G120400.2_P2_Ama201	951	1/1	15	14	NA	29	1648	2	52	48	NA	0.121359223300971
10375_Gorai.003G120400.2_P2_Ama201	1177	1/1	0	18	NA	18	1648	2	0	100	NA	0.121359223300971
10375_Gorai.003G120400.2_P2_Ama201_3	702	1/1	11	3	NA	14	1648	7	79	21	NA	0.424757281553398
10375_Gorai.003G120400.2_P2_Ama201_3	708	1/1	11	3	NA	14	1648	7	79	21	NA	0.424757281553398
10375_Gorai.003G120400.2_P2_Ama201_3	717	1/1	11	3	NA	14	1648	7	79	21	NA	0.424757281553398
10375_Gorai.003G120400.2_P2_Ama201_3	739	1/1	12	3	NA	15	1648	7	80	20	NA	0.424757281553398
10375_Gorai.003G120400.2_P2_Ama201_3	758	1/1	12	3	NA	15	1648	7	80	20	NA	0.424757281553398
10375_Gorai.003G120400.2_P2_Ama201_3	951	1/1	15	13	NA	28	1648	7	54	46	NA	0.424757281553398
10375_Gorai.003G120400.2_P2_Ama201_3	1177	1/1	2	14	NA	16	1648	7	12	88	NA	0.424757281553398
10447_Gorai.007G227000.1_Ama201	2017	0/1	5	2	NA	7	2069	1	71	29	NA	0.0483325277912035
11201_Gorai.009G235000.3_Ama201	38	1/1	1	18	NA	19	1088	7	5	95	NA	0.643382352941177
11201_Gorai.009G235000.3_Ama201	65	1/1	2	27	NA	29	1088	7	7	93	NA	0.643382352941177
11201_Gorai.009G235000.3_Ama201	78	1/1	2	35	NA	37	1088	7	5	95	NA	0.643382352941177
11201_Gorai.009G235000.3_Ama201	140	1/1	2	49	NA	51	1088	7	4	96	NA	0.643382352941177
11201_Gorai.009G235000.3_Ama201	152	1/1	2	49	NA	51	1088	7	4	96	NA	0.643382352941177
11201_Gorai.009G235000.3_Ama201	239	1/1	0	41	NA	41	1088	7	0	100	NA	0.643382352941177
11201_Gorai.009G235000.3_Ama201	285	1/1	0	27	NA	27	1088	7	0	100	NA	0.643382352941177
11201_Gorai.009G235000.3_Ama201_3	38	1/1	1	18	NA	19	1088	12	5	95	NA	1.10294117647059
11201_Gorai.009G235000.3_Ama201_3	65	1/1	1	26	NA	27	1088	12	4	96	NA	1.10294117647059
11201_Gorai.009G235000.3_Ama201_3	78	1/1	1	33	NA	34	1088	12	3	97	NA	1.10294117647059
11201_Gorai.009G235000.3_Ama201_3	140	1/1	1	42	NA	43	1088	12	2	98	NA	1.10294117647059
11201_Gorai.009G235000.3_Ama201_3	152	1/1	2	41	NA	43	1088	12	5	95	NA	1.10294117647059
11201_Gorai.009G235000.3_Ama201_3	239	1/1	0	33	NA	33	1088	12	0	100	NA	1.10294117647059
11201_Gorai.009G235000.3_Ama201_3	254	1/1	0	30	NA	30	1088	12	0	100	NA	1.10294117647059
11201_Gorai.009G235000.3_Ama201_3	285	1/1	0	21	NA	21	1088	12	0	100	NA	1.10294117647059
11201_Gorai.009G235000.3_Ama201_3	291	1/1	0	5	NA	5	1088	12	0	100	NA	1.10294117647059
11201_Gorai.009G235000.3_Ama201_3	301	1/1	0	3	NA	3	1088	12	0	100	NA	1.10294117647059
11201_Gorai.009G235000.3_Ama201_3	317	1/1	0	3	NA	3	1088	12	0	100	NA	1.10294117647059
11201_Gorai.009G235000.3_Ama201_3	373	1/1	0	12	NA	12	1088	12	0	100	NA	1.10294117647059
11217_Gorai.002G050300.2_P1_Ama201	77	1/1	1	25	NA	26	1365	14	4	96	NA	1.02564102564103
11217_Gorai.002G050300.2_P1_Ama201	112	1/1	12	34	NA	46	1365	14	26	74	NA	1.02564102564103
11217_Gorai.002G050300.2_P1_Ama201	864	1/1	42	25	NA	67	1365	14	63	37	NA	1.02564102564103
11217_Gorai.002G050300.2_P1_Ama201	934	1/1	24	36	NA	60	1365	14	40	60	NA	1.02564102564103
11217_Gorai.002G050300.2_P1_Ama201	1007	0/1	54	30	NA	84	1365	14	64	36	NA	1.02564102564103
11217_Gorai.002G050300.2_P1_Ama201	1027	0/1	50	41	NA	91	1365	14	55	45	NA	1.02564102564103
11217_Gorai.002G050300.2_P1_Ama201	1054	0/1	46	52	NA	98	1365	14	47	53	NA	1.02564102564103
11217_Gorai.002G050300.2_P1_Ama201	1060	0/1	46	53	NA	99	1365	14	46	54	NA	1.02564102564103
11217_Gorai.002G050300.2_P1_Ama201	1099	0/1	44	75	NA	119	1365	14	37	63	NA	1.02564102564103
11217_Gorai.002G050300.2_P1_Ama201	1135	1/1	23	90	NA	113	1365	14	20	80	NA	1.02564102564103
11217_Gorai.002G050300.2_P1_Ama201	1144	0/1	72	40	NA	112	1365	14	64	36	NA	1.02564102564103
11217_Gorai.002G050300.2_P1_Ama201	1198	1/1	14	88	NA	102	1365	14	14	86	NA	1.02564102564103
11217_Gorai.002G050300.2_P1_Ama201	1267	0/1	24	29	NA	53	1365	14	45	55	NA	1.02564102564103
11217_Gorai.002G050300.2_P1_Ama201	1345	0/1	8	7	NA	15	1365	14	53	47	NA	1.02564102564103
11217_Gorai.002G050300.2_P1_Ama201_3	52	1/1	0	30	NA	30	1365	8	0	100	NA	0.586080586080586
11217_Gorai.002G050300.2_P1_Ama201_3	77	1/1	2	42	NA	44	1365	8	5	95	NA	0.586080586080586
11217_Gorai.002G050300.2_P1_Ama201_3	112	1/1	7	59	NA	66	1365	8	11	89	NA	0.586080586080586
11217_Gorai.002G050300.2_P1_Ama201_3	1051	0/1	87	24	NA	111	1365	8	78	22	NA	0.586080586080586
11217_Gorai.002G050300.2_P1_Ama201_3	1135	1/1	1	138	NA	139	1365	8	1	99	NA	0.586080586080586
11217_Gorai.002G050300.2_P1_Ama201_3	1198	1/1	2	122	NA	124	1365	8	2	98	NA	0.586080586080586
11217_Gorai.002G050300.2_P1_Ama201_3	1252	0/1	39	54	NA	93	1365	8	42	58	NA	0.586080586080586
11217_Gorai.002G050300.2_P1_Ama201_3	1261	0/1	50	36	NA	86	1365	8	58	42	NA	0.586080586080586
11426_Gorai.011G126700.1_Ama201	521	1/1	1	6	NA	7	1706	21	14	86	NA	1.23094958968347
11426_Gorai.011G126700.1_Ama201	540	1/1	2	8	NA	10	1706	21	20	80	NA	1.23094958968347
11426_Gorai.011G126700.1_Ama201	581	1/1	6	9	NA	15	1706	21	40	60	NA	1.23094958968347
11426_Gorai.011G126700.1_Ama201	584	1/1	6	9	NA	15	1706	21	40	60	NA	1.23094958968347
11426_Gorai.011G126700.1_Ama201	1174	1/1	87	46	NA	133	1706	21	65	35	NA	1.23094958968347
11426_Gorai.011G126700.1_Ama201	1185	1/1	87	51	NA	138	1706	21	63	37	NA	1.23094958968347
11426_Gorai.011G126700.1_Ama201	1200	1/1	79	59	NA	138	1706	21	57	43	NA	1.23094958968347
11426_Gorai.011G126700.1_Ama201	1207	1/1	79	62	NA	141	1706	21	56	44	NA	1.23094958968347
11426_Gorai.011G126700.1_Ama201	1237	1/1	71	69	NA	140	1706	21	51	49	NA	1.23094958968347
11426_Gorai.011G126700.1_Ama201	1245	1/1	71	70	NA	141	1706	21	50	50	NA	1.23094958968347
11426_Gorai.011G126700.1_Ama201	1273	1/1	51	77	NA	128	1706	21	40	60	NA	1.23094958968347
11426_Gorai.011G126700.1_Ama201	1289	1/1	46	83	NA	129	1706	21	36	64	NA	1.23094958968347
11426_Gorai.011G126700.1_Ama201	1297	1/1	43	87	NA	130	1706	21	33	67	NA	1.23094958968347
11426_Gorai.011G126700.1_Ama201	1482	1/1	31	76	NA	107	1706	21	29	71	NA	1.23094958968347
11426_Gorai.011G126700.1_Ama201	1513	0/1	37	70	NA	107	1706	21	35	65	NA	1.23094958968347
11426_Gorai.011G126700.1_Ama201	1519	0/1	39	67	NA	106	1706	21	37	63	NA	1.23094958968347
11426_Gorai.011G126700.1_Ama201	1531	0/1	41	59	NA	100	1706	21	41	59	NA	1.23094958968347
11426_Gorai.011G126700.1_Ama201	1581	0/1	42	37	NA	79	1706	21	53	47	NA	1.23094958968347
11426_Gorai.011G126700.1_Ama201	1588	0/1	41	32	NA	73	1706	21	56	44	NA	1.23094958968347
11426_Gorai.011G126700.1_Ama201	1591	0/1	41	29	NA	70	1706	21	59	41	NA	1.23094958968347
11426_Gorai.011G126700.1_Ama201	1609	0/1	39	20	NA	59	1706	21	66	34	NA	1.23094958968347
11426_Gorai.011G126700.1_Ama201_3	521	1/1	0	18	NA	18	1706	14	0	100	NA	0.82063305978898
11426_Gorai.011G126700.1_Ama201_3	540	1/1	9	18	NA	27	1706	14	33	67	NA	0.82063305978898
11426_Gorai.011G126700.1_Ama201_3	581	0/1	16	15	NA	31	1706	14	52	48	NA	0.82063305978898
11426_Gorai.011G126700.1_Ama201_3	584	0/1	16	14	NA	30	1706	14	53	47	NA	0.82063305978898
11426_Gorai.011G126700.1_Ama201_3	608	0/1	13	16	NA	29	1706	14	45	55	NA	0.82063305978898
11426_Gorai.011G126700.1_Ama201_3	613	0/1	16	12	NA	28	1706	14	57	43	NA	0.82063305978898
11426_Gorai.011G126700.1_Ama201_3	632	0/1	16	8	NA	24	1706	14	67	33	NA	0.82063305978898
11426_Gorai.011G126700.1_Ama201_3	635	0/1	16	8	NA	24	1706	14	67	33	NA	0.82063305978898
11426_Gorai.011G126700.1_Ama201_3	1237	1/1	34	100	NA	134	1706	14	25	75	NA	0.82063305978898
11426_Gorai.011G126700.1_Ama201_3	1245	1/1	33	101	NA	134	1706	14	25	75	NA	0.82063305978898
11426_Gorai.011G126700.1_Ama201_3	1273	1/1	26	119	NA	145	1706	14	18	82	NA	0.82063305978898
11426_Gorai.011G126700.1_Ama201_3	1297	1/1	17	135	NA	152	1706	14	11	89	NA	0.82063305978898
11426_Gorai.011G126700.1_Ama201_3	1513	1/1	7	117	NA	124	1706	14	6	94	NA	0.82063305978898
11426_Gorai.011G126700.1_Ama201_3	1519	1/1	8	114	NA	122	1706	14	7	93	NA	0.82063305978898
1189_Gorai.008G016300.1_P1_Ama201	282	1/1	0	110	NA	110	3823	1	0	100	NA	0.0261574679571018
1189_Gorai.008G016300.1_P1_Ama201_3	278	1/1	0	91	NA	91	3823	7	0	100	NA	0.183102275699712
1189_Gorai.008G016300.1_P1_Ama201_3	290	0/1	44	55	NA	99	3823	7	44	56	NA	0.183102275699712
1189_Gorai.008G016300.1_P1_Ama201_3	302	1/1	0	94	NA	94	3823	7	0	100	NA	0.183102275699712
1189_Gorai.008G016300.1_P1_Ama201_3	317	1/1	0	96	NA	96	3823	7	0	100	NA	0.183102275699712
1189_Gorai.008G016300.1_P1_Ama201_3	356	1/1	0	135	NA	135	3823	7	0	100	NA	0.183102275699712
1189_Gorai.008G016300.1_P1_Ama201_3	400	1/1	0	160	NA	160	3823	7	0	100	NA	0.183102275699712
1189_Gorai.008G016300.1_P1_Ama201_3	440	1/1	0	180	NA	180	3823	7	0	100	NA	0.183102275699712
11985_Gorai.012G039700.1_Ama201	30	1/1	0	8	NA	8	2109	2	0	100	NA	0.0948316737790422
11985_Gorai.012G039700.1_Ama201	196	1/1	11	21	NA	32	2109	2	34	66	NA	0.0948316737790422
11985_Gorai.012G039700.1_Ama201_3	196	1/1	6	28	NA	34	2109	1	18	82	NA	0.0474158368895211
123_Gorai.011G217300.1_Ama201	2776	1/1	2	102	NA	104	6696	2	2	98	NA	0.029868578255675
123_Gorai.011G217300.1_Ama201	2856	1/1	3	78	NA	81	6696	2	4	96	NA	0.029868578255675
123_Gorai.011G217300.1_Ama201_3	2776	1/1	1	88	NA	89	6696	3	1	99	NA	0.0448028673835125
123_Gorai.011G217300.1_Ama201_3	2856	1/1	4	73	NA	77	6696	3	5	95	NA	0.0448028673835125
123_Gorai.011G217300.1_Ama201_3	3143	1/1	0	3	NA	3	6696	3	0	100	NA	0.0448028673835125
12588_Gorai.006G082300.1_Ama201	689	1/1	11	20	NA	31	3009	1	35	65	NA	0.0332336324360253
12798_Gorai.008G004800.1_Ama201	1739	0/1	10	6	NA	16	2041	1	62	38	NA	0.0489955903968643
12798_Gorai.008G004800.1_Ama201_3	1739	1/1	11	14	NA	25	2041	1	44	56	NA	0.0489955903968643
1316_Gorai.010G255400.1_Ama201	2702	1/1	1	9	NA	10	6082	5	10	90	NA	0.0822097994080895
1316_Gorai.010G255400.1_Ama201	4104	1/1	1	28	NA	29	6082	5	3	97	NA	0.0822097994080895
1316_Gorai.010G255400.1_Ama201	5430	1/1	10	36	NA	46	6082	5	22	78	NA	0.0822097994080895
1316_Gorai.010G255400.1_Ama201	5537	1/1	5	11	NA	16	6082	5	31	69	NA	0.0822097994080895
1316_Gorai.010G255400.1_Ama201	5554	1/1	6	8	NA	14	6082	5	43	57	NA	0.0822097994080895
1316_Gorai.010G255400.1_Ama201_3	1043	1/1	13	31	NA	44	6082	8	30	70	NA	0.131535679052943
1316_Gorai.010G255400.1_Ama201_3	1056	1/1	16	28	NA	44	6082	8	36	64	NA	0.131535679052943
1316_Gorai.010G255400.1_Ama201_3	1586	1/1	2	21	NA	23	6082	8	9	91	NA	0.131535679052943
1316_Gorai.010G255400.1_Ama201_3	3142	1/1	25	38	NA	63	6082	8	40	60	NA	0.131535679052943
1316_Gorai.010G255400.1_Ama201_3	3155	1/1	30	34	NA	64	6082	8	47	53	NA	0.131535679052943
1316_Gorai.010G255400.1_Ama201_3	3196	1/1	44	20	NA	64	6082	8	69	31	NA	0.131535679052943
1316_Gorai.010G255400.1_Ama201_3	3218	1/1	53	11	NA	64	6082	8	83	17	NA	0.131535679052943
1316_Gorai.010G255400.1_Ama201_3	4104	1/1	0	28	NA	28	6082	8	0	100	NA	0.131535679052943
13692_Gorai.005G223700.2_P2_Ama201	696	1/1	0	2	NA	2	1345	15	0	100	NA	1.11524163568773
13692_Gorai.005G223700.2_P2_Ama201	705	1/1	0	3	NA	3	1345	15	0	100	NA	1.11524163568773
13692_Gorai.005G223700.2_P2_Ama201	709	1/1	0	3	NA	3	1345	15	0	100	NA	1.11524163568773
13692_Gorai.005G223700.2_P2_Ama201	711	1/1	0	3	NA	3	1345	15	0	100	NA	1.11524163568773
13692_Gorai.005G223700.2_P2_Ama201	715	1/1	0	3	NA	3	1345	15	0	100	NA	1.11524163568773
13692_Gorai.005G223700.2_P2_Ama201	729	1/1	0	14	NA	14	1345	15	0	100	NA	1.11524163568773
13692_Gorai.005G223700.2_P2_Ama201	780	1/1	1	19	NA	20	1345	15	5	95	NA	1.11524163568773
13692_Gorai.005G223700.2_P2_Ama201	864	1/1	6	18	NA	24	1345	15	25	75	NA	1.11524163568773
13692_Gorai.005G223700.2_P2_Ama201	879	1/1	7	16	NA	23	1345	15	30	70	NA	1.11524163568773
13692_Gorai.005G223700.2_P2_Ama201	888	1/1	7	15	NA	22	1345	15	32	68	NA	1.11524163568773
13692_Gorai.005G223700.2_P2_Ama201	900	1/1	7	14	NA	21	1345	15	33	67	NA	1.11524163568773
13692_Gorai.005G223700.2_P2_Ama201	927	1/1	7	12	NA	19	1345	15	37	63	NA	1.11524163568773
13692_Gorai.005G223700.2_P2_Ama201	945	1/1	7	8	NA	15	1345	15	47	53	NA	1.11524163568773
13692_Gorai.005G223700.2_P2_Ama201	971	1/1	7	5	NA	12	1345	15	58	42	NA	1.11524163568773
13692_Gorai.005G223700.2_P2_Ama201	981	1/1	6	4	NA	10	1345	15	60	40	NA	1.11524163568773
13692_Gorai.005G223700.2_P2_Ama201_3	780	1/1	0	22	NA	22	1345	3	0	100	NA	0.223048327137546
13692_Gorai.005G223700.2_P2_Ama201_3	834	0/1	21	13	NA	34	1345	3	62	38	NA	0.223048327137546
13692_Gorai.005G223700.2_P2_Ama201_3	971	1/1	0	14	NA	14	1345	3	0	100	NA	0.223048327137546
14121_Gorai.008G215800.2_Ama201	801	1/1	0	2	NA	2	2668	6	0	100	NA	0.224887556221889
14121_Gorai.008G215800.2_Ama201	827	1/1	0	3	NA	3	2668	6	0	100	NA	0.224887556221889
14121_Gorai.008G215800.2_Ama201	882	1/1	0	8	NA	8	2668	6	0	100	NA	0.224887556221889
14121_Gorai.008G215800.2_Ama201	885	1/1	0	9	NA	9	2668	6	0	100	NA	0.224887556221889
14121_Gorai.008G215800.2_Ama201	1128	0/1	23	18	NA	41	2668	6	56	44	NA	0.224887556221889
14121_Gorai.008G215800.2_Ama201	1297	1/1	0	17	NA	17	2668	6	0	100	NA	0.224887556221889
14121_Gorai.008G215800.2_Ama201_3	1128	0/1	28	12	NA	40	2668	2	70	30	NA	0.0749625187406297
14121_Gorai.008G215800.2_Ama201_3	1297	1/1	0	18	NA	18	2668	2	0	100	NA	0.0749625187406297
1413_Gorai.001G037900.1_P2_Ama201	63	1/1	31	28	NA	59	3048	55	53	47	NA	1.80446194225722
1413_Gorai.001G037900.1_P2_Ama201	207	1/1	56	67	NA	123	3048	55	46	54	NA	1.80446194225722
1413_Gorai.001G037900.1_P2_Ama201	245	0/1	74	61	NA	135	3048	55	55	45	NA	1.80446194225722
1413_Gorai.001G037900.1_P2_Ama201	272	0/1	78	49	NA	127	3048	55	61	39	NA	1.80446194225722
1413_Gorai.001G037900.1_P2_Ama201	288	0/1	49	75	NA	124	3048	55	40	60	NA	1.80446194225722
1413_Gorai.001G037900.1_P2_Ama201	293	0/1	48	74	NA	122	3048	55	39	61	NA	1.80446194225722
1413_Gorai.001G037900.1_P2_Ama201	307	0/1	76	38	NA	114	3048	55	67	33	NA	1.80446194225722
1413_Gorai.001G037900.1_P2_Ama201	322	0/1	77	30	NA	107	3048	55	72	28	NA	1.80446194225722
1413_Gorai.001G037900.1_P2_Ama201	335	0/1	31	70	NA	101	3048	55	31	69	NA	1.80446194225722
1413_Gorai.001G037900.1_P2_Ama201	345	0/1	67	25	NA	92	3048	55	73	27	NA	1.80446194225722
1413_Gorai.001G037900.1_P2_Ama201	359	0/1	61	25	NA	86	3048	55	71	29	NA	1.80446194225722
1413_Gorai.001G037900.1_P2_Ama201	392	0/1	21	45	NA	66	3048	55	32	68	NA	1.80446194225722
1413_Gorai.001G037900.1_P2_Ama201	404	0/1	15	43	NA	58	3048	55	26	74	NA	1.80446194225722
1413_Gorai.001G037900.1_P2_Ama201	439	1/1	3	47	NA	50	3048	55	6	94	NA	1.80446194225722
1413_Gorai.001G037900.1_P2_Ama201	482	1/1	0	39	NA	39	3048	55	0	100	NA	1.80446194225722
1413_Gorai.001G037900.1_P2_Ama201	491	1/1	0	43	NA	43	3048	55	0	100	NA	1.80446194225722
1413_Gorai.001G037900.1_P2_Ama201	507	1/1	0	44	NA	44	3048	55	0	100	NA	1.80446194225722
1413_Gorai.001G037900.1_P2_Ama201	514	1/1	0	40	NA	40	3048	55	0	100	NA	1.80446194225722
1413_Gorai.001G037900.1_P2_Ama201	565	1/1	0	35	NA	35	3048	55	0	100	NA	1.80446194225722
1413_Gorai.001G037900.1_P2_Ama201	1857	1/1	66	35	NA	101	3048	55	65	35	NA	1.80446194225722
1413_Gorai.001G037900.1_P2_Ama201	1934	1/1	44	66	NA	110	3048	55	40	60	NA	1.80446194225722
1413_Gorai.001G037900.1_P2_Ama201	1974	1/1	33	76	NA	109	3048	55	30	70	NA	1.80446194225722
1413_Gorai.001G037900.1_P2_Ama201	2090	1/1	1	71	NA	72	3048	55	1	99	NA	1.80446194225722
1413_Gorai.001G037900.1_P2_Ama201	2117	0/1	24	29	NA	53	3048	55	45	55	NA	1.80446194225722
1413_Gorai.001G037900.1_P2_Ama201	2135	1/1	0	42	NA	42	3048	55	0	100	NA	1.80446194225722
1413_Gorai.001G037900.1_P2_Ama201	2158	1/1	0	29	NA	29	3048	55	0	100	NA	1.80446194225722
1413_Gorai.001G037900.1_P2_Ama201	2185	1/1	2	16	NA	18	3048	55	11	89	NA	1.80446194225722
1413_Gorai.001G037900.1_P2_Ama201	2301	0/1	14	27	NA	41	3048	55	34	66	NA	1.80446194225722
1413_Gorai.001G037900.1_P2_Ama201	2323	0/1	14	30	NA	44	3048	55	32	68	NA	1.80446194225722
1413_Gorai.001G037900.1_P2_Ama201	2360	0/1	14	34	NA	48	3048	55	29	71	NA	1.80446194225722
1413_Gorai.001G037900.1_P2_Ama201	2367	0/1	14	35	NA	49	3048	55	29	71	NA	1.80446194225722
1413_Gorai.001G037900.1_P2_Ama201	2432	1/1	11	32	NA	43	3048	55	26	74	NA	1.80446194225722
1413_Gorai.001G037900.1_P2_Ama201	2459	1/1	12	30	NA	42	3048	55	29	71	NA	1.80446194225722
1413_Gorai.001G037900.1_P2_Ama201	2469	1/1	12	28	NA	40	3048	55	30	70	NA	1.80446194225722
1413_Gorai.001G037900.1_P2_Ama201	2471	1/1	12	28	NA	40	3048	55	30	70	NA	1.80446194225722
1413_Gorai.001G037900.1_P2_Ama201	2705	0/1	13	12	NA	25	3048	55	52	48	NA	1.80446194225722
1413_Gorai.001G037900.1_P2_Ama201	2749	0/1	23	18	NA	41	3048	55	56	44	NA	1.80446194225722
1413_Gorai.001G037900.1_P2_Ama201	2768	0/1	25	22	NA	47	3048	55	53	47	NA	1.80446194225722
1413_Gorai.001G037900.1_P2_Ama201	2775	0/1	22	30	NA	52	3048	55	42	58	NA	1.80446194225722
1413_Gorai.001G037900.1_P2_Ama201	2809	0/1	36	22	NA	58	3048	55	62	38	NA	1.80446194225722
1413_Gorai.001G037900.1_P2_Ama201	2829	0/1	23	37	NA	60	3048	55	38	62	NA	1.80446194225722
1413_Gorai.001G037900.1_P2_Ama201	2877	0/1	38	19	NA	57	3048	55	67	33	NA	1.80446194225722
1413_Gorai.001G037900.1_P2_Ama201	2879	0/1	38	19	NA	57	3048	55	67	33	NA	1.80446194225722
1413_Gorai.001G037900.1_P2_Ama201	2893	0/1	20	26	NA	46	3048	55	43	57	NA	1.80446194225722
1413_Gorai.001G037900.1_P2_Ama201	2894	0/1	20	26	NA	46	3048	55	43	57	NA	1.80446194225722
1413_Gorai.001G037900.1_P2_Ama201	2898	0/1	26	20	NA	46	3048	55	57	43	NA	1.80446194225722
1413_Gorai.001G037900.1_P2_Ama201	2904	0/1	18	24	NA	42	3048	55	43	57	NA	1.80446194225722
1413_Gorai.001G037900.1_P2_Ama201	2913	0/1	17	24	NA	41	3048	55	41	59	NA	1.80446194225722
1413_Gorai.001G037900.1_P2_Ama201	2922	0/1	15	24	NA	39	3048	55	38	62	NA	1.80446194225722
1413_Gorai.001G037900.1_P2_Ama201	2923	0/1	24	15	NA	39	3048	55	62	38	NA	1.80446194225722
1413_Gorai.001G037900.1_P2_Ama201	2924	0/1	13	24	NA	37	3048	55	35	65	NA	1.80446194225722
1413_Gorai.001G037900.1_P2_Ama201	3006	1/1	0	13	NA	13	3048	55	0	100	NA	1.80446194225722
1413_Gorai.001G037900.1_P2_Ama201	3023	1/1	0	8	NA	8	3048	55	0	100	NA	1.80446194225722
1413_Gorai.001G037900.1_P2_Ama201	3037	1/1	0	3	NA	3	3048	55	0	100	NA	1.80446194225722
1413_Gorai.001G037900.1_P2_Ama201	3039	1/1	0	3	NA	3	3048	55	0	100	NA	1.80446194225722
1413_Gorai.001G037900.1_P2_Ama201_3	63	1/1	27	28	NA	55	3048	52	49	51	NA	1.70603674540682
1413_Gorai.001G037900.1_P2_Ama201_3	207	0/1	53	65	NA	118	3048	52	45	55	NA	1.70603674540682
1413_Gorai.001G037900.1_P2_Ama201_3	245	0/1	63	58	NA	121	3048	52	52	48	NA	1.70603674540682
1413_Gorai.001G037900.1_P2_Ama201_3	272	0/1	67	46	NA	113	3048	52	59	41	NA	1.70603674540682
1413_Gorai.001G037900.1_P2_Ama201_3	288	0/1	49	63	NA	112	3048	52	44	56	NA	1.70603674540682
1413_Gorai.001G037900.1_P2_Ama201_3	293	0/1	46	64	NA	110	3048	52	42	58	NA	1.70603674540682
1413_Gorai.001G037900.1_P2_Ama201_3	307	0/1	66	39	NA	105	3048	52	63	37	NA	1.70603674540682
1413_Gorai.001G037900.1_P2_Ama201_3	322	0/1	69	35	NA	104	3048	52	66	34	NA	1.70603674540682
1413_Gorai.001G037900.1_P2_Ama201_3	335	0/1	34	67	NA	101	3048	52	34	66	NA	1.70603674540682
1413_Gorai.001G037900.1_P2_Ama201_3	345	0/1	66	32	NA	98	3048	52	67	33	NA	1.70603674540682
1413_Gorai.001G037900.1_P2_Ama201_3	359	0/1	71	32	NA	103	3048	52	69	31	NA	1.70603674540682
1413_Gorai.001G037900.1_P2_Ama201_3	392	0/1	29	67	NA	96	3048	52	30	70	NA	1.70603674540682
1413_Gorai.001G037900.1_P2_Ama201_3	404	0/1	20	71	NA	91	3048	52	22	78	NA	1.70603674540682
1413_Gorai.001G037900.1_P2_Ama201_3	439	1/1	7	68	NA	75	3048	52	9	91	NA	1.70603674540682
1413_Gorai.001G037900.1_P2_Ama201_3	482	1/1	0	56	NA	56	3048	52	0	100	NA	1.70603674540682
1413_Gorai.001G037900.1_P2_Ama201_3	491	1/1	0	55	NA	55	3048	52	0	100	NA	1.70603674540682
1413_Gorai.001G037900.1_P2_Ama201_3	507	1/1	0	45	NA	45	3048	52	0	100	NA	1.70603674540682
1413_Gorai.001G037900.1_P2_Ama201_3	514	1/1	0	42	NA	42	3048	52	0	100	NA	1.70603674540682
1413_Gorai.001G037900.1_P2_Ama201_3	565	1/1	0	27	NA	27	3048	52	0	100	NA	1.70603674540682
1413_Gorai.001G037900.1_P2_Ama201_3	620	1/1	0	4	NA	4	3048	52	0	100	NA	1.70603674540682
1413_Gorai.001G037900.1_P2_Ama201_3	621	1/1	0	3	NA	3	3048	52	0	100	NA	1.70603674540682
1413_Gorai.001G037900.1_P2_Ama201_3	624	1/1	0	3	NA	3	3048	52	0	100	NA	1.70603674540682
1413_Gorai.001G037900.1_P2_Ama201_3	1934	1/1	73	50	NA	123	3048	52	59	41	NA	1.70603674540682
1413_Gorai.001G037900.1_P2_Ama201_3	1974	1/1	57	56	NA	113	3048	52	50	50	NA	1.70603674540682
1413_Gorai.001G037900.1_P2_Ama201_3	2090	1/1	0	64	NA	64	3048	52	0	100	NA	1.70603674540682
1413_Gorai.001G037900.1_P2_Ama201_3	2135	1/1	0	35	NA	35	3048	52	0	100	NA	1.70603674540682
1413_Gorai.001G037900.1_P2_Ama201_3	2158	1/1	0	41	NA	41	3048	52	0	100	NA	1.70603674540682
1413_Gorai.001G037900.1_P2_Ama201_3	2221	1/1	1	35	NA	36	3048	52	3	97	NA	1.70603674540682
1413_Gorai.001G037900.1_P2_Ama201_3	2225	1/1	1	34	NA	35	3048	52	3	97	NA	1.70603674540682
1413_Gorai.001G037900.1_P2_Ama201_3	2233	1/1	1	34	NA	35	3048	52	3	97	NA	1.70603674540682
1413_Gorai.001G037900.1_P2_Ama201_3	2267	1/1	8	33	NA	41	3048	52	20	80	NA	1.70603674540682
1413_Gorai.001G037900.1_P2_Ama201_3	2275	1/1	10	34	NA	44	3048	52	23	77	NA	1.70603674540682
1413_Gorai.001G037900.1_P2_Ama201_3	2282	1/1	10	36	NA	46	3048	52	22	78	NA	1.70603674540682
1413_Gorai.001G037900.1_P2_Ama201_3	2288	1/1	11	40	NA	51	3048	52	22	78	NA	1.70603674540682
1413_Gorai.001G037900.1_P2_Ama201_3	2301	0/1	12	41	NA	53	3048	52	23	77	NA	1.70603674540682
1413_Gorai.001G037900.1_P2_Ama201_3	2323	0/1	12	47	NA	59	3048	52	20	80	NA	1.70603674540682
1413_Gorai.001G037900.1_P2_Ama201_3	2360	1/1	9	54	NA	63	3048	52	14	86	NA	1.70603674540682
1413_Gorai.001G037900.1_P2_Ama201_3	2367	0/1	10	53	NA	63	3048	52	16	84	NA	1.70603674540682
1413_Gorai.001G037900.1_P2_Ama201_3	2432	1/1	11	42	NA	53	3048	52	21	79	NA	1.70603674540682
1413_Gorai.001G037900.1_P2_Ama201_3	2459	1/1	12	34	NA	46	3048	52	26	74	NA	1.70603674540682
1413_Gorai.001G037900.1_P2_Ama201_3	2469	1/1	11	33	NA	44	3048	52	25	75	NA	1.70603674540682
1413_Gorai.001G037900.1_P2_Ama201_3	2471	1/1	11	32	NA	43	3048	52	26	74	NA	1.70603674540682
1413_Gorai.001G037900.1_P2_Ama201_3	2581	1/1	4	11	NA	15	3048	52	27	73	NA	1.70603674540682
1413_Gorai.001G037900.1_P2_Ama201_3	2589	1/1	4	2	NA	6	3048	52	67	33	NA	1.70603674540682
1413_Gorai.001G037900.1_P2_Ama201_3	2775	0/1	10	34	NA	44	3048	52	23	77	NA	1.70603674540682
1413_Gorai.001G037900.1_P2_Ama201_3	2829	1/1	10	47	NA	57	3048	52	18	82	NA	1.70603674540682
1413_Gorai.001G037900.1_P2_Ama201_3	2893	1/1	8	39	NA	47	3048	52	17	83	NA	1.70603674540682
1413_Gorai.001G037900.1_P2_Ama201_3	2894	1/1	8	39	NA	47	3048	52	17	83	NA	1.70603674540682
1413_Gorai.001G037900.1_P2_Ama201_3	2904	1/1	7	38	NA	45	3048	52	16	84	NA	1.70603674540682
1413_Gorai.001G037900.1_P2_Ama201_3	2913	1/1	7	36	NA	43	3048	52	16	84	NA	1.70603674540682
1413_Gorai.001G037900.1_P2_Ama201_3	2922	1/1	5	36	NA	41	3048	52	12	88	NA	1.70603674540682
1413_Gorai.001G037900.1_P2_Ama201_3	2924	1/1	4	36	NA	40	3048	52	10	90	NA	1.70603674540682
14985_Gorai.005G078200.3_Ama201	832	1/1	0	11	NA	11	1815	2	0	100	NA	0.110192837465565
14985_Gorai.005G078200.3_Ama201	897	1/1	0	12	NA	12	1815	2	0	100	NA	0.110192837465565
15300_Gorai.011G069100.2_Ama201	233	0/1	6	6	NA	12	1943	1	50	50	NA	0.0514668039114771
16199_Gorai.002G033000.1_Ama201	974	1/1	4	21	NA	25	1389	1	16	84	NA	0.0719942404607631
16199_Gorai.002G033000.1_Ama201_3	974	1/1	3	21	NA	24	1389	1	12	88	NA	0.0719942404607631
16337_Gorai.002G065000.4_Ama201	1022	1/1	9	22	NA	31	1766	1	29	71	NA	0.0566251415628539
16337_Gorai.002G065000.4_Ama201_3	1022	1/1	4	13	NA	17	1766	1	24	76	NA	0.0566251415628539
16799_Gorai.001G133200.2_Ama201	1104	1/1	0	6	NA	6	2376	5	0	100	NA	0.21043771043771
16799_Gorai.001G133200.2_Ama201	1105	1/1	0	6	NA	6	2376	5	0	100	NA	0.21043771043771
16799_Gorai.001G133200.2_Ama201	1119	0/1	3	3	NA	6	2376	5	50	50	NA	0.21043771043771
16799_Gorai.001G133200.2_Ama201	1145	1/1	0	5	NA	5	2376	5	0	100	NA	0.21043771043771
16799_Gorai.001G133200.2_Ama201	1194	1/1	0	2	NA	2	2376	5	0	100	NA	0.21043771043771
16799_Gorai.001G133200.2_Ama201_3	1038	1/1	0	14	NA	14	2376	5	0	100	NA	0.21043771043771
16799_Gorai.001G133200.2_Ama201_3	1104	1/1	0	7	NA	7	2376	5	0	100	NA	0.21043771043771
16799_Gorai.001G133200.2_Ama201_3	1105	1/1	0	7	NA	7	2376	5	0	100	NA	0.21043771043771
16799_Gorai.001G133200.2_Ama201_3	1145	1/1	0	6	NA	6	2376	5	0	100	NA	0.21043771043771
16799_Gorai.001G133200.2_Ama201_3	1194	0/1	1	3	NA	4	2376	5	25	75	NA	0.21043771043771
1845_Gorai.010G178200.3_Ama201	232	0/1	120	14	NA	134	822	22	90	10	NA	2.67639902676399
1845_Gorai.010G178200.3_Ama201	233	0/1	120	15	NA	135	822	22	89	11	NA	2.67639902676399
1845_Gorai.010G178200.3_Ama201	248	0/1	120	19	NA	139	822	22	86	14	NA	2.67639902676399
1845_Gorai.010G178200.3_Ama201	274	0/1	121	23	NA	144	822	22	84	16	NA	2.67639902676399
1845_Gorai.010G178200.3_Ama201	277	0/1	121	23	NA	144	822	22	84	16	NA	2.67639902676399
1845_Gorai.010G178200.3_Ama201	284	0/1	119	23	NA	142	822	22	84	16	NA	2.67639902676399
1845_Gorai.010G178200.3_Ama201	289	0/1	109	33	NA	142	822	22	77	23	NA	2.67639902676399
1845_Gorai.010G178200.3_Ama201	343	0/1	91	28	NA	119	822	22	76	24	NA	2.67639902676399
1845_Gorai.010G178200.3_Ama201	346	0/1	99	27	NA	126	822	22	79	21	NA	2.67639902676399
1845_Gorai.010G178200.3_Ama201	348	0/1	99	27	NA	126	822	22	79	21	NA	2.67639902676399
1845_Gorai.010G178200.3_Ama201	349	0/1	97	27	NA	124	822	22	78	22	NA	2.67639902676399
1845_Gorai.010G178200.3_Ama201	409	0/1	74	28	NA	102	822	22	73	27	NA	2.67639902676399
1845_Gorai.010G178200.3_Ama201	429	0/1	65	24	NA	89	822	22	73	27	NA	2.67639902676399
1845_Gorai.010G178200.3_Ama201	433	0/1	68	17	NA	85	822	22	80	20	NA	2.67639902676399
1845_Gorai.010G178200.3_Ama201	450	0/1	63	15	NA	78	822	22	81	19	NA	2.67639902676399
1845_Gorai.010G178200.3_Ama201	460	0/1	58	12	NA	70	822	22	83	17	NA	2.67639902676399
1845_Gorai.010G178200.3_Ama201	463	0/1	58	11	NA	69	822	22	84	16	NA	2.67639902676399
1845_Gorai.010G178200.3_Ama201	465	0/1	58	11	NA	69	822	22	84	16	NA	2.67639902676399
1845_Gorai.010G178200.3_Ama201	497	0/1	46	7	NA	53	822	22	87	13	NA	2.67639902676399
1845_Gorai.010G178200.3_Ama201	512	0/1	40	5	NA	45	822	22	89	11	NA	2.67639902676399
1845_Gorai.010G178200.3_Ama201	515	0/1	27	15	NA	42	822	22	64	36	NA	2.67639902676399
1845_Gorai.010G178200.3_Ama201	562	0/1	21	5	NA	26	822	22	81	19	NA	2.67639902676399
18825_Gorai.004G127500.3_Ama201	57	0/1	35	6	NA	41	1259	38	85	15	NA	3.01826846703733
18825_Gorai.004G127500.3_Ama201	72	0/1	41	10	NA	51	1259	38	80	20	NA	3.01826846703733
18825_Gorai.004G127500.3_Ama201	78	0/1	12	43	NA	55	1259	38	22	78	NA	3.01826846703733
18825_Gorai.004G127500.3_Ama201	80	0/1	44	12	NA	56	1259	38	79	21	NA	3.01826846703733
18825_Gorai.004G127500.3_Ama201	87	0/1	45	16	NA	61	1259	38	74	26	NA	3.01826846703733
18825_Gorai.004G127500.3_Ama201	114	0/1	50	23	NA	73	1259	38	68	32	NA	3.01826846703733
18825_Gorai.004G127500.3_Ama201	117	0/1	50	24	NA	74	1259	38	68	32	NA	3.01826846703733
18825_Gorai.004G127500.3_Ama201	147	0/1	59	29	NA	88	1259	38	67	33	NA	3.01826846703733
18825_Gorai.004G127500.3_Ama201	153	0/1	64	32	NA	96	1259	38	67	33	NA	3.01826846703733
18825_Gorai.004G127500.3_Ama201	192	0/1	97	18	NA	115	1259	38	84	16	NA	3.01826846703733
18825_Gorai.004G127500.3_Ama201	204	0/1	80	38	NA	118	1259	38	68	32	NA	3.01826846703733
18825_Gorai.004G127500.3_Ama201	207	0/1	45	38	NA	83	1259	38	54	46	NA	3.01826846703733
18825_Gorai.004G127500.3_Ama201	210	0/1	39	82	NA	121	1259	38	32	68	NA	3.01826846703733
18825_Gorai.004G127500.3_Ama201	216	0/1	84	38	NA	122	1259	38	69	31	NA	3.01826846703733
18825_Gorai.004G127500.3_Ama201	225	0/1	88	41	NA	129	1259	38	68	32	NA	3.01826846703733
18825_Gorai.004G127500.3_Ama201	234	0/1	114	21	NA	135	1259	38	84	16	NA	3.01826846703733
18825_Gorai.004G127500.3_Ama201	273	0/1	45	54	NA	99	1259	38	45	55	NA	3.01826846703733
18825_Gorai.004G127500.3_Ama201	285	0/1	102	41	NA	143	1259	38	71	29	NA	3.01826846703733
18825_Gorai.004G127500.3_Ama201	318	0/1	100	46	NA	146	1259	38	68	32	NA	3.01826846703733
18825_Gorai.004G127500.3_Ama201	321	0/1	104	43	NA	147	1259	38	71	29	NA	3.01826846703733
18825_Gorai.004G127500.3_Ama201	323	0/1	105	42	NA	147	1259	38	71	29	NA	3.01826846703733
18825_Gorai.004G127500.3_Ama201	336	0/1	111	43	NA	154	1259	38	72	28	NA	3.01826846703733
18825_Gorai.004G127500.3_Ama201	338	0/1	45	110	NA	155	1259	38	29	71	NA	3.01826846703733
18825_Gorai.004G127500.3_Ama201	369	0/1	118	40	NA	158	1259	38	75	25	NA	3.01826846703733
18825_Gorai.004G127500.3_Ama201	399	0/1	123	43	NA	166	1259	38	74	26	NA	3.01826846703733
18825_Gorai.004G127500.3_Ama201	403	0/1	124	42	NA	166	1259	38	75	25	NA	3.01826846703733
18825_Gorai.004G127500.3_Ama201	411	0/1	106	66	NA	172	1259	38	62	38	NA	3.01826846703733
18825_Gorai.004G127500.3_Ama201	453	0/1	52	127	NA	179	1259	38	29	71	NA	3.01826846703733
18825_Gorai.004G127500.3_Ama201	467	0/1	118	61	NA	179	1259	38	66	34	NA	3.01826846703733
18825_Gorai.004G127500.3_Ama201	483	0/1	114	60	NA	174	1259	38	66	34	NA	3.01826846703733
18825_Gorai.004G127500.3_Ama201	606	1/1	52	79	NA	131	1259	38	40	60	NA	3.01826846703733
18825_Gorai.004G127500.3_Ama201	752	1/1	28	82	NA	110	1259	38	25	75	NA	3.01826846703733
18825_Gorai.004G127500.3_Ama201	862	1/1	67	36	NA	103	1259	38	65	35	NA	3.01826846703733
18825_Gorai.004G127500.3_Ama201	1060	1/1	30	30	NA	60	1259	38	50	50	NA	3.01826846703733
18825_Gorai.004G127500.3_Ama201	1172	1/1	0	19	NA	19	1259	38	0	100	NA	3.01826846703733
18825_Gorai.004G127500.3_Ama201	1182	1/1	0	18	NA	18	1259	38	0	100	NA	3.01826846703733
18825_Gorai.004G127500.3_Ama201	1197	1/1	0	16	NA	16	1259	38	0	100	NA	3.01826846703733
18825_Gorai.004G127500.3_Ama201	1215	1/1	0	13	NA	13	1259	38	0	100	NA	3.01826846703733
18825_Gorai.004G127500.3_Ama201_3	42	1/1	0	4	NA	4	1259	20	0	100	NA	1.58856235107228
18825_Gorai.004G127500.3_Ama201_3	78	1/1	0	29	NA	29	1259	20	0	100	NA	1.58856235107228
18825_Gorai.004G127500.3_Ama201_3	210	1/1	1	74	NA	75	1259	20	1	99	NA	1.58856235107228
18825_Gorai.004G127500.3_Ama201_3	338	1/1	5	92	NA	97	1259	20	5	95	NA	1.58856235107228
18825_Gorai.004G127500.3_Ama201_3	378	1/1	21	86	NA	107	1259	20	20	80	NA	1.58856235107228
18825_Gorai.004G127500.3_Ama201_3	453	1/1	19	113	NA	132	1259	20	14	86	NA	1.58856235107228
18825_Gorai.004G127500.3_Ama201_3	465	1/1	19	93	NA	112	1259	20	17	83	NA	1.58856235107228
18825_Gorai.004G127500.3_Ama201_3	480	1/1	41	87	NA	128	1259	20	32	68	NA	1.58856235107228
18825_Gorai.004G127500.3_Ama201_3	492	1/1	46	82	NA	128	1259	20	36	64	NA	1.58856235107228
18825_Gorai.004G127500.3_Ama201_3	510	0/1	96	30	NA	126	1259	20	76	24	NA	1.58856235107228
18825_Gorai.004G127500.3_Ama201_3	521	0/1	51	72	NA	123	1259	20	41	59	NA	1.58856235107228
18825_Gorai.004G127500.3_Ama201_3	522	0/1	86	37	NA	123	1259	20	70	30	NA	1.58856235107228
18825_Gorai.004G127500.3_Ama201_3	525	0/1	92	32	NA	124	1259	20	74	26	NA	1.58856235107228
18825_Gorai.004G127500.3_Ama201_3	552	0/1	51	61	NA	112	1259	20	46	54	NA	1.58856235107228
18825_Gorai.004G127500.3_Ama201_3	573	0/1	76	50	NA	126	1259	20	60	40	NA	1.58856235107228
18825_Gorai.004G127500.3_Ama201_3	591	0/1	74	42	NA	116	1259	20	64	36	NA	1.58856235107228
18825_Gorai.004G127500.3_Ama201_3	624	0/1	76	34	NA	110	1259	20	69	31	NA	1.58856235107228
18825_Gorai.004G127500.3_Ama201_3	627	0/1	79	29	NA	108	1259	20	73	27	NA	1.58856235107228
18825_Gorai.004G127500.3_Ama201_3	752	1/1	15	79	NA	94	1259	20	16	84	NA	1.58856235107228
18825_Gorai.004G127500.3_Ama201_3	862	0/1	113	33	NA	146	1259	20	77	23	NA	1.58856235107228
18966_Gorai.006G049000.1_P1_Ama201	33	1/1	18	18	NA	36	1705	29	50	50	NA	1.70087976539589
18966_Gorai.006G049000.1_P1_Ama201	36	1/1	20	19	NA	39	1705	29	51	49	NA	1.70087976539589
18966_Gorai.006G049000.1_P1_Ama201	87	0/1	46	16	NA	62	1705	29	74	26	NA	1.70087976539589
18966_Gorai.006G049000.1_P1_Ama201	93	1/1	34	28	NA	62	1705	29	55	45	NA	1.70087976539589
18966_Gorai.006G049000.1_P1_Ama201	99	1/1	34	30	NA	64	1705	29	53	47	NA	1.70087976539589
18966_Gorai.006G049000.1_P1_Ama201	102	1/1	0	29	NA	29	1705	29	0	100	NA	1.70087976539589
18966_Gorai.006G049000.1_P1_Ama201	108	1/1	34	33	NA	67	1705	29	51	49	NA	1.70087976539589
18966_Gorai.006G049000.1_P1_Ama201	123	1/1	34	36	NA	70	1705	29	49	51	NA	1.70087976539589
18966_Gorai.006G049000.1_P1_Ama201	144	1/1	37	41	NA	78	1705	29	47	53	NA	1.70087976539589
18966_Gorai.006G049000.1_P1_Ama201	180	1/1	50	45	NA	95	1705	29	53	47	NA	1.70087976539589
18966_Gorai.006G049000.1_P1_Ama201	225	1/1	59	45	NA	104	1705	29	57	43	NA	1.70087976539589
18966_Gorai.006G049000.1_P1_Ama201	294	1/1	26	34	NA	60	1705	29	43	57	NA	1.70087976539589
18966_Gorai.006G049000.1_P1_Ama201	676	1/1	8	20	NA	28	1705	29	29	71	NA	1.70087976539589
18966_Gorai.006G049000.1_P1_Ama201	703	0/1	20	23	NA	43	1705	29	47	53	NA	1.70087976539589
18966_Gorai.006G049000.1_P1_Ama201	748	0/1	33	24	NA	57	1705	29	58	42	NA	1.70087976539589
18966_Gorai.006G049000.1_P1_Ama201	760	0/1	33	25	NA	58	1705	29	57	43	NA	1.70087976539589
18966_Gorai.006G049000.1_P1_Ama201	769	0/1	12	27	NA	39	1705	29	31	69	NA	1.70087976539589
18966_Gorai.006G049000.1_P1_Ama201	805	0/1	25	42	NA	67	1705	29	37	63	NA	1.70087976539589
18966_Gorai.006G049000.1_P1_Ama201	808	0/1	48	19	NA	67	1705	29	72	28	NA	1.70087976539589
18966_Gorai.006G049000.1_P1_Ama201	826	0/1	47	25	NA	72	1705	29	65	35	NA	1.70087976539589
18966_Gorai.006G049000.1_P1_Ama201	874	0/1	29	37	NA	66	1705	29	44	56	NA	1.70087976539589
18966_Gorai.006G049000.1_P1_Ama201	901	0/1	36	23	NA	59	1705	29	61	39	NA	1.70087976539589
18966_Gorai.006G049000.1_P1_Ama201	904	0/1	38	9	NA	47	1705	29	81	19	NA	1.70087976539589
18966_Gorai.006G049000.1_P1_Ama201	910	0/1	37	20	NA	57	1705	29	65	35	NA	1.70087976539589
18966_Gorai.006G049000.1_P1_Ama201	925	0/1	51	4	NA	55	1705	29	93	7	NA	1.70087976539589
18966_Gorai.006G049000.1_P1_Ama201	1390	1/1	149	54	NA	203	1705	29	73	27	NA	1.70087976539589
18966_Gorai.006G049000.1_P1_Ama201	1441	1/1	143	86	NA	229	1705	29	62	38	NA	1.70087976539589
18966_Gorai.006G049000.1_P1_Ama201	1457	1/1	138	94	NA	232	1705	29	59	41	NA	1.70087976539589
18966_Gorai.006G049000.1_P1_Ama201	1603	1/1	66	71	NA	137	1705	29	48	52	NA	1.70087976539589
18966_Gorai.006G049000.1_P1_Ama201_3	30	1/1	7	13	NA	20	1705	17	35	65	NA	0.997067448680352
18966_Gorai.006G049000.1_P1_Ama201_3	111	1/1	34	26	NA	60	1705	17	57	43	NA	0.997067448680352
18966_Gorai.006G049000.1_P1_Ama201_3	132	1/1	40	29	NA	69	1705	17	58	42	NA	0.997067448680352
18966_Gorai.006G049000.1_P1_Ama201_3	189	1/1	53	44	NA	97	1705	17	55	45	NA	0.997067448680352
18966_Gorai.006G049000.1_P1_Ama201_3	195	0/1	75	23	NA	98	1705	17	77	23	NA	0.997067448680352
18966_Gorai.006G049000.1_P1_Ama201_3	219	1/1	24	42	NA	66	1705	17	36	64	NA	0.997067448680352
18966_Gorai.006G049000.1_P1_Ama201_3	805	0/1	4	40	NA	44	1705	17	9	91	NA	0.997067448680352
18966_Gorai.006G049000.1_P1_Ama201_3	874	0/1	3	43	NA	46	1705	17	7	93	NA	0.997067448680352
18966_Gorai.006G049000.1_P1_Ama201_3	1099	1/1	29	79	NA	108	1705	17	27	73	NA	0.997067448680352
18966_Gorai.006G049000.1_P1_Ama201_3	1327	1/1	44	178	NA	222	1705	17	20	80	NA	0.997067448680352
18966_Gorai.006G049000.1_P1_Ama201_3	1393	1/1	152	84	NA	236	1705	17	64	36	NA	0.997067448680352
18966_Gorai.006G049000.1_P1_Ama201_3	1402	1/1	154	88	NA	242	1705	17	64	36	NA	0.997067448680352
18966_Gorai.006G049000.1_P1_Ama201_3	1426	1/1	145	95	NA	240	1705	17	60	40	NA	0.997067448680352
18966_Gorai.006G049000.1_P1_Ama201_3	1483	1/1	131	106	NA	237	1705	17	55	45	NA	0.997067448680352
18966_Gorai.006G049000.1_P1_Ama201_3	1495	1/1	68	108	NA	176	1705	17	39	61	NA	0.997067448680352
18966_Gorai.006G049000.1_P1_Ama201_3	1552	1/1	81	96	NA	177	1705	17	46	54	NA	0.997067448680352
18966_Gorai.006G049000.1_P1_Ama201_3	1573	1/1	64	85	NA	149	1705	17	43	57	NA	0.997067448680352
19284_Gorai.006G004600.1_Ama201_3	660	1/1	2	14	NA	16	1770	2	12	88	NA	0.112994350282486
19284_Gorai.006G004600.1_Ama201_3	666	1/1	2	14	NA	16	1770	2	12	88	NA	0.112994350282486
19901_Gorai.012G089500.2_P6_Ama201	315	0/1	12	3	NA	15	484	7	80	20	NA	1.44628099173554
19901_Gorai.012G089500.2_P6_Ama201	339	0/1	14	3	NA	17	484	7	82	18	NA	1.44628099173554
19901_Gorai.012G089500.2_P6_Ama201	363	0/1	15	3	NA	18	484	7	83	17	NA	1.44628099173554
19901_Gorai.012G089500.2_P6_Ama201	375	0/1	14	3	NA	17	484	7	82	18	NA	1.44628099173554
19901_Gorai.012G089500.2_P6_Ama201	381	0/1	14	3	NA	17	484	7	82	18	NA	1.44628099173554
19901_Gorai.012G089500.2_P6_Ama201	390	0/1	14	3	NA	17	484	7	82	18	NA	1.44628099173554
19901_Gorai.012G089500.2_P6_Ama201	399	0/1	12	3	NA	15	484	7	80	20	NA	1.44628099173554
2020_Gorai.011G051500.2_Ama201	1609	1/1	16	64	NA	80	5247	2	20	80	NA	0.0381170192490947
2020_Gorai.011G051500.2_Ama201	2795	1/1	13	14	NA	27	5247	2	48	52	NA	0.0381170192490947
2020_Gorai.011G051500.2_Ama201_3	1609	1/1	12	61	NA	73	5247	4	16	84	NA	0.0762340384981894
2020_Gorai.011G051500.2_Ama201_3	2795	1/1	17	16	NA	33	5247	4	52	48	NA	0.0762340384981894
2020_Gorai.011G051500.2_Ama201_3	3020	0/1	16	14	NA	30	5247	4	53	47	NA	0.0762340384981894
2020_Gorai.011G051500.2_Ama201_3	4026	1/1	0	3	NA	3	5247	4	0	100	NA	0.0762340384981894
20686_Gorai.013G120800.2_P1_Ama201	1563	0/1	63	66	NA	129	1773	7	49	51	NA	0.394811054709532
20686_Gorai.013G120800.2_P1_Ama201	1595	1/1	3	99	NA	102	1773	7	3	97	NA	0.394811054709532
20686_Gorai.013G120800.2_P1_Ama201	1637	1/1	4	74	NA	78	1773	7	5	95	NA	0.394811054709532
20686_Gorai.013G120800.2_P1_Ama201	1649	1/1	4	68	NA	72	1773	7	6	94	NA	0.394811054709532
20686_Gorai.013G120800.2_P1_Ama201	1682	1/1	2	51	NA	53	1773	7	4	96	NA	0.394811054709532
20686_Gorai.013G120800.2_P1_Ama201	1691	1/1	2	44	NA	46	1773	7	4	96	NA	0.394811054709532
20686_Gorai.013G120800.2_P1_Ama201	1766	1/1	0	9	NA	9	1773	7	0	100	NA	0.394811054709532
20686_Gorai.013G120800.2_P1_Ama201_3	1348	1/1	74	53	NA	127	1773	13	58	42	NA	0.733220530174845
20686_Gorai.013G120800.2_P1_Ama201_3	1349	1/1	74	53	NA	127	1773	13	58	42	NA	0.733220530174845
20686_Gorai.013G120800.2_P1_Ama201_3	1361	1/1	71	61	NA	132	1773	13	54	46	NA	0.733220530174845
20686_Gorai.013G120800.2_P1_Ama201_3	1385	0/1	92	36	NA	128	1773	13	72	28	NA	0.733220530174845
20686_Gorai.013G120800.2_P1_Ama201_3	1406	1/1	56	70	NA	126	1773	13	44	56	NA	0.733220530174845
20686_Gorai.013G120800.2_P1_Ama201_3	1436	1/1	43	74	NA	117	1773	13	37	63	NA	0.733220530174845
20686_Gorai.013G120800.2_P1_Ama201_3	1535	1/1	7	99	NA	106	1773	13	7	93	NA	0.733220530174845
20686_Gorai.013G120800.2_P1_Ama201_3	1595	1/1	5	73	NA	78	1773	13	6	94	NA	0.733220530174845
20686_Gorai.013G120800.2_P1_Ama201_3	1637	1/1	6	59	NA	65	1773	13	9	91	NA	0.733220530174845
20686_Gorai.013G120800.2_P1_Ama201_3	1649	1/1	5	58	NA	63	1773	13	8	92	NA	0.733220530174845
20686_Gorai.013G120800.2_P1_Ama201_3	1682	1/1	3	44	NA	47	1773	13	6	94	NA	0.733220530174845
20686_Gorai.013G120800.2_P1_Ama201_3	1691	1/1	3	41	NA	44	1773	13	7	93	NA	0.733220530174845
20686_Gorai.013G120800.2_P1_Ama201_3	1760	0/1	7	9	NA	16	1773	13	44	56	NA	0.733220530174845
20969_Gorai.009G224800.1_P1_Ama201	876	1/1	0	10	NA	10	1086	3	0	100	NA	0.276243093922652
20969_Gorai.009G224800.1_P1_Ama201	966	0/1	7	3	NA	10	1086	3	70	30	NA	0.276243093922652
20969_Gorai.009G224800.1_P1_Ama201	1029	1/1	0	9	NA	9	1086	3	0	100	NA	0.276243093922652
20969_Gorai.009G224800.1_P1_Ama201_3	54	1/1	2	24	NA	26	1086	23	8	92	NA	2.11786372007366
20969_Gorai.009G224800.1_P1_Ama201_3	102	1/1	2	25	NA	27	1086	23	7	93	NA	2.11786372007366
20969_Gorai.009G224800.1_P1_Ama201_3	336	1/1	13	3	NA	16	1086	23	81	19	NA	2.11786372007366
20969_Gorai.009G224800.1_P1_Ama201_3	342	1/1	13	3	NA	16	1086	23	81	19	NA	2.11786372007366
20969_Gorai.009G224800.1_P1_Ama201_3	354	1/1	13	4	NA	17	1086	23	76	24	NA	2.11786372007366
20969_Gorai.009G224800.1_P1_Ama201_3	366	1/1	13	4	NA	17	1086	23	76	24	NA	2.11786372007366
20969_Gorai.009G224800.1_P1_Ama201_3	372	1/1	13	4	NA	17	1086	23	76	24	NA	2.11786372007366
20969_Gorai.009G224800.1_P1_Ama201_3	387	1/1	12	5	NA	17	1086	23	71	29	NA	2.11786372007366
20969_Gorai.009G224800.1_P1_Ama201_3	390	1/1	12	5	NA	17	1086	23	71	29	NA	2.11786372007366
20969_Gorai.009G224800.1_P1_Ama201_3	399	1/1	12	5	NA	17	1086	23	71	29	NA	2.11786372007366
20969_Gorai.009G224800.1_P1_Ama201_3	420	1/1	12	5	NA	17	1086	23	71	29	NA	2.11786372007366
20969_Gorai.009G224800.1_P1_Ama201_3	423	1/1	11	5	NA	16	1086	23	69	31	NA	2.11786372007366
20969_Gorai.009G224800.1_P1_Ama201_3	435	1/1	9	5	NA	14	1086	23	64	36	NA	2.11786372007366
20969_Gorai.009G224800.1_P1_Ama201_3	455	1/1	7	5	NA	12	1086	23	58	42	NA	2.11786372007366
20969_Gorai.009G224800.1_P1_Ama201_3	456	1/1	7	6	NA	13	1086	23	54	46	NA	2.11786372007366
20969_Gorai.009G224800.1_P1_Ama201_3	474	1/1	5	7	NA	12	1086	23	42	58	NA	2.11786372007366
20969_Gorai.009G224800.1_P1_Ama201_3	480	1/1	4	8	NA	12	1086	23	33	67	NA	2.11786372007366
20969_Gorai.009G224800.1_P1_Ama201_3	537	0/1	5	3	NA	8	1086	23	62	38	NA	2.11786372007366
20969_Gorai.009G224800.1_P1_Ama201_3	555	1/1	0	4	NA	4	1086	23	0	100	NA	2.11786372007366
20969_Gorai.009G224800.1_P1_Ama201_3	564	1/1	0	4	NA	4	1086	23	0	100	NA	2.11786372007366
20969_Gorai.009G224800.1_P1_Ama201_3	581	1/1	0	3	NA	3	1086	23	0	100	NA	2.11786372007366
20969_Gorai.009G224800.1_P1_Ama201_3	876	1/1	2	8	NA	10	1086	23	20	80	NA	2.11786372007366
20969_Gorai.009G224800.1_P1_Ama201_3	1029	1/1	0	5	NA	5	1086	23	0	100	NA	2.11786372007366
20969_Gorai.009G224800.1_P2_Ama201	579	1/1	0	7	NA	7	998	2	0	100	NA	0.200400801603206
20969_Gorai.009G224800.1_P2_Ama201	660	1/1	0	5	NA	5	998	2	0	100	NA	0.200400801603206
22470_Gorai.008G061000.1_P1_Ama201_3	1421	1/1	0	15	NA	15	1452	2	0	100	NA	0.137741046831956
22470_Gorai.008G061000.1_P1_Ama201_3	1428	1/1	0	15	NA	15	1452	2	0	100	NA	0.137741046831956
22470_Gorai.008G061000.1_P2_Ama201	58	1/1	4	10	NA	14	1017	11	29	71	NA	1.08161258603736
22470_Gorai.008G061000.1_P2_Ama201	62	1/1	5	13	NA	18	1017	11	28	72	NA	1.08161258603736
22470_Gorai.008G061000.1_P2_Ama201	144	1/1	4	15	NA	19	1017	11	21	79	NA	1.08161258603736
22470_Gorai.008G061000.1_P2_Ama201	180	1/1	4	14	NA	18	1017	11	22	78	NA	1.08161258603736
22470_Gorai.008G061000.1_P2_Ama201	192	1/1	4	14	NA	18	1017	11	22	78	NA	1.08161258603736
22470_Gorai.008G061000.1_P2_Ama201	202	1/1	4	14	NA	18	1017	11	22	78	NA	1.08161258603736
22470_Gorai.008G061000.1_P2_Ama201	203	1/1	4	14	NA	18	1017	11	22	78	NA	1.08161258603736
22470_Gorai.008G061000.1_P2_Ama201	261	1/1	1	15	NA	16	1017	11	6	94	NA	1.08161258603736
22470_Gorai.008G061000.1_P2_Ama201	517	1/1	5	13	NA	18	1017	11	28	72	NA	1.08161258603736
22470_Gorai.008G061000.1_P2_Ama201	555	1/1	5	11	NA	16	1017	11	31	69	NA	1.08161258603736
22470_Gorai.008G061000.1_P2_Ama201	637	1/1	2	3	NA	5	1017	11	40	60	NA	1.08161258603736
22470_Gorai.008G061000.1_P2_Ama201_3	54	0/1	19	11	NA	30	1017	28	63	37	NA	2.75319567354966
22470_Gorai.008G061000.1_P2_Ama201_3	55	0/1	19	12	NA	31	1017	28	61	39	NA	2.75319567354966
22470_Gorai.008G061000.1_P2_Ama201_3	58	0/1	13	18	NA	31	1017	28	42	58	NA	2.75319567354966
22470_Gorai.008G061000.1_P2_Ama201_3	62	0/1	14	19	NA	33	1017	28	42	58	NA	2.75319567354966
22470_Gorai.008G061000.1_P2_Ama201_3	79	0/1	22	15	NA	37	1017	28	59	41	NA	2.75319567354966
22470_Gorai.008G061000.1_P2_Ama201_3	80	0/1	31	6	NA	37	1017	28	84	16	NA	2.75319567354966
22470_Gorai.008G061000.1_P2_Ama201_3	82	0/1	32	5	NA	37	1017	28	86	14	NA	2.75319567354966
22470_Gorai.008G061000.1_P2_Ama201_3	97	0/1	19	17	NA	36	1017	28	53	47	NA	2.75319567354966
22470_Gorai.008G061000.1_P2_Ama201_3	103	0/1	22	14	NA	36	1017	28	61	39	NA	2.75319567354966
22470_Gorai.008G061000.1_P2_Ama201_3	136	0/1	23	18	NA	41	1017	28	56	44	NA	2.75319567354966
22470_Gorai.008G061000.1_P2_Ama201_3	144	0/1	32	9	NA	41	1017	28	78	22	NA	2.75319567354966
22470_Gorai.008G061000.1_P2_Ama201_3	150	0/1	23	18	NA	41	1017	28	56	44	NA	2.75319567354966
22470_Gorai.008G061000.1_P2_Ama201_3	175	0/1	24	16	NA	40	1017	28	60	40	NA	2.75319567354966
22470_Gorai.008G061000.1_P2_Ama201_3	180	0/1	30	10	NA	40	1017	28	75	25	NA	2.75319567354966
22470_Gorai.008G061000.1_P2_Ama201_3	181	0/1	10	30	NA	40	1017	28	25	75	NA	2.75319567354966
22470_Gorai.008G061000.1_P2_Ama201_3	192	0/1	31	10	NA	41	1017	28	76	24	NA	2.75319567354966
22470_Gorai.008G061000.1_P2_Ama201_3	193	0/1	27	14	NA	41	1017	28	66	34	NA	2.75319567354966
22470_Gorai.008G061000.1_P2_Ama201_3	202	0/1	29	10	NA	39	1017	28	74	26	NA	2.75319567354966
22470_Gorai.008G061000.1_P2_Ama201_3	203	0/1	28	10	NA	38	1017	28	74	26	NA	2.75319567354966
22470_Gorai.008G061000.1_P2_Ama201_3	232	0/1	17	14	NA	31	1017	28	55	45	NA	2.75319567354966
22470_Gorai.008G061000.1_P2_Ama201_3	261	0/1	1	10	NA	11	1017	28	9	91	NA	2.75319567354966
22470_Gorai.008G061000.1_P2_Ama201_3	267	0/1	6	4	NA	10	1017	28	60	40	NA	2.75319567354966
22470_Gorai.008G061000.1_P2_Ama201_3	293	0/1	4	6	NA	10	1017	28	40	60	NA	2.75319567354966
22470_Gorai.008G061000.1_P2_Ama201_3	471	1/1	7	14	NA	21	1017	28	33	67	NA	2.75319567354966
22470_Gorai.008G061000.1_P2_Ama201_3	493	1/1	6	15	NA	21	1017	28	29	71	NA	2.75319567354966
22470_Gorai.008G061000.1_P2_Ama201_3	495	0/1	7	14	NA	21	1017	28	33	67	NA	2.75319567354966
22470_Gorai.008G061000.1_P2_Ama201_3	504	1/1	6	17	NA	23	1017	28	26	74	NA	2.75319567354966
22470_Gorai.008G061000.1_P2_Ama201_3	517	1/1	0	22	NA	22	1017	28	0	100	NA	2.75319567354966
23196_Gorai.007G238700.2_P2_Ama201	620	1/1	4	30	NA	34	1535	2	12	88	NA	0.130293159609121
23196_Gorai.007G238700.2_P2_Ama201	1375	1/1	0	22	NA	22	1535	2	0	100	NA	0.130293159609121
23196_Gorai.007G238700.2_P2_Ama201_3	620	1/1	2	17	NA	19	1535	2	11	89	NA	0.130293159609121
23196_Gorai.007G238700.2_P2_Ama201_3	1375	1/1	0	28	NA	28	1535	2	0	100	NA	0.130293159609121
23627_Gorai.009G068200.1_P3_Ama201_3	307	1/1	4	11	NA	15	1383	4	27	73	NA	0.289226319595083
23627_Gorai.009G068200.1_P3_Ama201_3	308	1/1	4	11	NA	15	1383	4	27	73	NA	0.289226319595083
23627_Gorai.009G068200.1_P3_Ama201_3	311	1/1	4	11	NA	15	1383	4	27	73	NA	0.289226319595083
23627_Gorai.009G068200.1_P3_Ama201_3	332	1/1	1	12	NA	13	1383	4	8	92	NA	0.289226319595083
2489_Gorai.006G149600.2_Ama201_3	2691	1/1	0	3	NA	3	3426	1	0	100	NA	0.0291885580852306
25454_Gorai.011G134300.1_Ama201	655	1/1	2	77	NA	79	1032	1	3	97	NA	0.0968992248062016
25454_Gorai.011G134300.1_Ama201_3	655	1/1	4	101	NA	105	1032	1	4	96	NA	0.0968992248062016
27868_Gorai.009G193000.1_Ama201	195	1/1	41	24	NA	65	1385	1	63	37	NA	0.0722021660649819
27868_Gorai.009G193000.1_Ama201_3	195	1/1	34	11	NA	45	1385	1	76	24	NA	0.0722021660649819
28497_Gorai.012G187500.1_Ama201	591	1/1	3	14	NA	17	1142	1	18	82	NA	0.0875656742556918
28497_Gorai.012G187500.1_Ama201_3	591	1/1	0	21	NA	21	1142	1	0	100	NA	0.0875656742556918
2941_Gorai.003G152700.2_Ama201	361	1/1	0	24	NA	24	1634	1	0	100	NA	0.0611995104039168
3168_Gorai.013G033700.2_P2_Ama201	2547	1/1	0	10	NA	10	3142	1	0	100	NA	0.0318268618714195
3180_Gorai.004G175500.1_P1_Ama201	293	0/1	65	28	NA	93	1393	43	70	30	NA	3.08686288585786
3180_Gorai.004G175500.1_P1_Ama201	329	0/1	77	34	NA	111	1393	43	69	31	NA	3.08686288585786
3180_Gorai.004G175500.1_P1_Ama201	377	0/1	97	35	NA	132	1393	43	73	27	NA	3.08686288585786
3180_Gorai.004G175500.1_P1_Ama201	413	0/1	93	32	NA	125	1393	43	74	26	NA	3.08686288585786
3180_Gorai.004G175500.1_P1_Ama201	446	0/1	89	26	NA	115	1393	43	77	23	NA	3.08686288585786
3180_Gorai.004G175500.1_P1_Ama201	475	0/1	78	19	NA	97	1393	43	80	20	NA	3.08686288585786
3180_Gorai.004G175500.1_P1_Ama201	493	0/1	77	15	NA	92	1393	43	84	16	NA	3.08686288585786
3180_Gorai.004G175500.1_P1_Ama201	497	0/1	77	15	NA	92	1393	43	84	16	NA	3.08686288585786
3180_Gorai.004G175500.1_P1_Ama201	506	0/1	75	14	NA	89	1393	43	84	16	NA	3.08686288585786
3180_Gorai.004G175500.1_P1_Ama201	858	0/1	113	12	NA	125	1393	43	90	10	NA	3.08686288585786
3180_Gorai.004G175500.1_P1_Ama201	861	0/1	115	13	NA	128	1393	43	90	10	NA	3.08686288585786
3180_Gorai.004G175500.1_P1_Ama201	869	0/1	117	14	NA	131	1393	43	89	11	NA	3.08686288585786
3180_Gorai.004G175500.1_P1_Ama201	904	0/1	116	24	NA	140	1393	43	83	17	NA	3.08686288585786
3180_Gorai.004G175500.1_P1_Ama201	909	0/1	118	25	NA	143	1393	43	83	17	NA	3.08686288585786
3180_Gorai.004G175500.1_P1_Ama201	963	0/1	128	36	NA	164	1393	43	78	22	NA	3.08686288585786
3180_Gorai.004G175500.1_P1_Ama201	977	0/1	130	37	NA	167	1393	43	78	22	NA	3.08686288585786
3180_Gorai.004G175500.1_P1_Ama201	982	0/1	130	38	NA	168	1393	43	77	23	NA	3.08686288585786
3180_Gorai.004G175500.1_P1_Ama201	1002	0/1	129	39	NA	168	1393	43	77	23	NA	3.08686288585786
3180_Gorai.004G175500.1_P1_Ama201	1020	0/1	123	37	NA	160	1393	43	77	23	NA	3.08686288585786
3180_Gorai.004G175500.1_P1_Ama201	1026	0/1	121	36	NA	157	1393	43	77	23	NA	3.08686288585786
3180_Gorai.004G175500.1_P1_Ama201	1058	0/1	124	27	NA	151	1393	43	82	18	NA	3.08686288585786
3180_Gorai.004G175500.1_P1_Ama201	1062	0/1	126	27	NA	153	1393	43	82	18	NA	3.08686288585786
3180_Gorai.004G175500.1_P1_Ama201	1065	0/1	126	27	NA	153	1393	43	82	18	NA	3.08686288585786
3180_Gorai.004G175500.1_P1_Ama201	1072	0/1	129	28	NA	157	1393	43	82	18	NA	3.08686288585786
3180_Gorai.004G175500.1_P1_Ama201	1077	0/1	130	28	NA	158	1393	43	82	18	NA	3.08686288585786
3180_Gorai.004G175500.1_P1_Ama201	1104	0/1	136	26	NA	162	1393	43	84	16	NA	3.08686288585786
3180_Gorai.004G175500.1_P1_Ama201	1116	0/1	133	21	NA	154	1393	43	86	14	NA	3.08686288585786
3180_Gorai.004G175500.1_P1_Ama201	1119	0/1	134	21	NA	155	1393	43	86	14	NA	3.08686288585786
3180_Gorai.004G175500.1_P1_Ama201	1137	0/1	139	16	NA	155	1393	43	90	10	NA	3.08686288585786
3180_Gorai.004G175500.1_P1_Ama201	1201	0/1	123	12	NA	135	1393	43	91	9	NA	3.08686288585786
3180_Gorai.004G175500.1_P1_Ama201	1202	0/1	123	12	NA	135	1393	43	91	9	NA	3.08686288585786
3180_Gorai.004G175500.1_P1_Ama201	1228	0/1	111	14	NA	125	1393	43	89	11	NA	3.08686288585786
3180_Gorai.004G175500.1_P1_Ama201	1245	0/1	101	15	NA	116	1393	43	87	13	NA	3.08686288585786
3180_Gorai.004G175500.1_P1_Ama201	1246	0/1	101	15	NA	116	1393	43	87	13	NA	3.08686288585786
3180_Gorai.004G175500.1_P1_Ama201	1265	0/1	90	17	NA	107	1393	43	84	16	NA	3.08686288585786
3180_Gorai.004G175500.1_P1_Ama201	1268	0/1	90	17	NA	107	1393	43	84	16	NA	3.08686288585786
3180_Gorai.004G175500.1_P1_Ama201	1270	0/1	88	17	NA	105	1393	43	84	16	NA	3.08686288585786
3180_Gorai.004G175500.1_P1_Ama201	1304	0/1	78	17	NA	95	1393	43	82	18	NA	3.08686288585786
3180_Gorai.004G175500.1_P1_Ama201	1306	0/1	76	17	NA	93	1393	43	82	18	NA	3.08686288585786
3180_Gorai.004G175500.1_P1_Ama201	1345	0/1	48	10	NA	58	1393	43	83	17	NA	3.08686288585786
3180_Gorai.004G175500.1_P1_Ama201	1346	0/1	47	10	NA	57	1393	43	82	18	NA	3.08686288585786
3180_Gorai.004G175500.1_P1_Ama201	1372	0/1	27	8	NA	35	1393	43	77	23	NA	3.08686288585786
3180_Gorai.004G175500.1_P1_Ama201	1380	0/1	18	7	NA	25	1393	43	72	28	NA	3.08686288585786
3218_Gorai.006G063300.1_Ama201_3	2398	1/1	1	3	NA	4	4162	1	25	75	NA	0.0240269101393561
3505_Gorai.009G172900.1_P1_Ama201	512	1/1	0	8	NA	8	2614	5	0	100	NA	0.191277735271614
3505_Gorai.009G172900.1_P1_Ama201	603	1/1	0	16	NA	16	2614	5	0	100	NA	0.191277735271614
3505_Gorai.009G172900.1_P1_Ama201	633	1/1	0	19	NA	19	2614	5	0	100	NA	0.191277735271614
3505_Gorai.009G172900.1_P1_Ama201	726	1/1	7	24	NA	31	2614	5	23	77	NA	0.191277735271614
3505_Gorai.009G172900.1_P1_Ama201	2014	1/1	10	47	NA	57	2614	5	18	82	NA	0.191277735271614
3505_Gorai.009G172900.1_P1_Ama201_3	116	1/1	0	29	NA	29	2614	2	0	100	NA	0.0765110941086457
3505_Gorai.009G172900.1_P1_Ama201_3	2014	1/1	8	46	NA	54	2614	2	15	85	NA	0.0765110941086457
3505_Gorai.009G172900.1_P2_Ama201	1669	1/1	0	21	NA	21	2851	27	0	100	NA	0.9470361276745
3505_Gorai.009G172900.1_P2_Ama201	1687	1/1	0	22	NA	22	2851	27	0	100	NA	0.9470361276745
3505_Gorai.009G172900.1_P2_Ama201	1699	1/1	0	22	NA	22	2851	27	0	100	NA	0.9470361276745
3505_Gorai.009G172900.1_P2_Ama201	1729	1/1	0	24	NA	24	2851	27	0	100	NA	0.9470361276745
3505_Gorai.009G172900.1_P2_Ama201	1741	1/1	0	26	NA	26	2851	27	0	100	NA	0.9470361276745
3505_Gorai.009G172900.1_P2_Ama201	1774	1/1	0	26	NA	26	2851	27	0	100	NA	0.9470361276745
3505_Gorai.009G172900.1_P2_Ama201	1777	1/1	0	26	NA	26	2851	27	0	100	NA	0.9470361276745
3505_Gorai.009G172900.1_P2_Ama201	1813	1/1	0	23	NA	23	2851	27	0	100	NA	0.9470361276745
3505_Gorai.009G172900.1_P2_Ama201	2163	1/1	1	22	NA	23	2851	27	4	96	NA	0.9470361276745
3505_Gorai.009G172900.1_P2_Ama201	2170	1/1	1	24	NA	25	2851	27	4	96	NA	0.9470361276745
3505_Gorai.009G172900.1_P2_Ama201	2189	1/1	0	28	NA	28	2851	27	0	100	NA	0.9470361276745
3505_Gorai.009G172900.1_P2_Ama201	2425	1/1	1	9	NA	10	2851	27	10	90	NA	0.9470361276745
3505_Gorai.009G172900.1_P2_Ama201	2443	1/1	0	12	NA	12	2851	27	0	100	NA	0.9470361276745
3505_Gorai.009G172900.1_P2_Ama201	2468	1/1	0	14	NA	14	2851	27	0	100	NA	0.9470361276745
3505_Gorai.009G172900.1_P2_Ama201	2469	1/1	0	14	NA	14	2851	27	0	100	NA	0.9470361276745
3505_Gorai.009G172900.1_P2_Ama201	2518	1/1	0	17	NA	17	2851	27	0	100	NA	0.9470361276745
3505_Gorai.009G172900.1_P2_Ama201	2646	0/1	12	6	NA	18	2851	27	67	33	NA	0.9470361276745
3505_Gorai.009G172900.1_P2_Ama201	2697	1/1	1	9	NA	10	2851	27	10	90	NA	0.9470361276745
3505_Gorai.009G172900.1_P2_Ama201	2710	1/1	1	9	NA	10	2851	27	10	90	NA	0.9470361276745
3505_Gorai.009G172900.1_P2_Ama201	2722	1/1	1	7	NA	8	2851	27	12	88	NA	0.9470361276745
3505_Gorai.009G172900.1_P2_Ama201	2725	1/1	1	7	NA	8	2851	27	12	88	NA	0.9470361276745
3505_Gorai.009G172900.1_P2_Ama201	2731	1/1	1	7	NA	8	2851	27	12	88	NA	0.9470361276745
3505_Gorai.009G172900.1_P2_Ama201	2736	1/1	1	7	NA	8	2851	27	12	88	NA	0.9470361276745
3505_Gorai.009G172900.1_P2_Ama201	2770	1/1	1	7	NA	8	2851	27	12	88	NA	0.9470361276745
3505_Gorai.009G172900.1_P2_Ama201	2790	1/1	1	7	NA	8	2851	27	12	88	NA	0.9470361276745
3505_Gorai.009G172900.1_P2_Ama201	2798	1/1	1	6	NA	7	2851	27	14	86	NA	0.9470361276745
3505_Gorai.009G172900.1_P2_Ama201	2810	1/1	1	4	NA	5	2851	27	20	80	NA	0.9470361276745
3505_Gorai.009G172900.1_P2_Ama201_3	313	1/1	0	21	NA	21	2851	24	0	100	NA	0.841809891266222
3505_Gorai.009G172900.1_P2_Ama201_3	324	1/1	0	22	NA	22	2851	24	0	100	NA	0.841809891266222
3505_Gorai.009G172900.1_P2_Ama201_3	352	1/1	0	25	NA	25	2851	24	0	100	NA	0.841809891266222
3505_Gorai.009G172900.1_P2_Ama201_3	449	1/1	3	20	NA	23	2851	24	13	87	NA	0.841809891266222
3505_Gorai.009G172900.1_P2_Ama201_3	760	1/1	0	11	NA	11	2851	24	0	100	NA	0.841809891266222
3505_Gorai.009G172900.1_P2_Ama201_3	854	1/1	4	15	NA	19	2851	24	21	79	NA	0.841809891266222
3505_Gorai.009G172900.1_P2_Ama201_3	884	1/1	3	15	NA	18	2851	24	17	83	NA	0.841809891266222
3505_Gorai.009G172900.1_P2_Ama201_3	947	1/1	6	10	NA	16	2851	24	38	62	NA	0.841809891266222
3505_Gorai.009G172900.1_P2_Ama201_3	990	1/1	6	12	NA	18	2851	24	33	67	NA	0.841809891266222
3505_Gorai.009G172900.1_P2_Ama201_3	997	1/1	6	12	NA	18	2851	24	33	67	NA	0.841809891266222
3505_Gorai.009G172900.1_P2_Ama201_3	999	1/1	6	12	NA	18	2851	24	33	67	NA	0.841809891266222
3505_Gorai.009G172900.1_P2_Ama201_3	1016	1/1	5	14	NA	19	2851	24	26	74	NA	0.841809891266222
3505_Gorai.009G172900.1_P2_Ama201_3	1018	1/1	5	14	NA	19	2851	24	26	74	NA	0.841809891266222
3505_Gorai.009G172900.1_P2_Ama201_3	1043	1/1	3	15	NA	18	2851	24	17	83	NA	0.841809891266222
3505_Gorai.009G172900.1_P2_Ama201_3	1047	1/1	2	15	NA	17	2851	24	12	88	NA	0.841809891266222
3505_Gorai.009G172900.1_P2_Ama201_3	1048	1/1	2	15	NA	17	2851	24	12	88	NA	0.841809891266222
3505_Gorai.009G172900.1_P2_Ama201_3	1059	1/1	0	16	NA	16	2851	24	0	100	NA	0.841809891266222
3505_Gorai.009G172900.1_P2_Ama201_3	1063	1/1	0	16	NA	16	2851	24	0	100	NA	0.841809891266222
3505_Gorai.009G172900.1_P2_Ama201_3	1079	1/1	0	19	NA	19	2851	24	0	100	NA	0.841809891266222
3505_Gorai.009G172900.1_P2_Ama201_3	1171	1/1	0	23	NA	23	2851	24	0	100	NA	0.841809891266222
3505_Gorai.009G172900.1_P2_Ama201_3	1220	1/1	0	18	NA	18	2851	24	0	100	NA	0.841809891266222
3505_Gorai.009G172900.1_P2_Ama201_3	1491	1/1	1	25	NA	26	2851	24	4	96	NA	0.841809891266222
3505_Gorai.009G172900.1_P2_Ama201_3	1528	1/1	0	30	NA	30	2851	24	0	100	NA	0.841809891266222
3505_Gorai.009G172900.1_P2_Ama201_3	1555	1/1	0	26	NA	26	2851	24	0	100	NA	0.841809891266222
4306_Gorai.007G049400.1_Ama201	2206	1/1	2	41	NA	43	5132	1	5	95	NA	0.019485580670304
4306_Gorai.007G049400.1_Ama201_3	2206	1/1	2	30	NA	32	5132	1	6	94	NA	0.019485580670304
4348_Gorai.013G260900.1_P1_Ama201	1975	1/1	1	23	NA	24	4751	6	4	96	NA	0.126289202273206
4348_Gorai.013G260900.1_P1_Ama201	2186	1/1	0	23	NA	23	4751	6	0	100	NA	0.126289202273206
4348_Gorai.013G260900.1_P1_Ama201	2456	0/1	35	31	NA	66	4751	6	53	47	NA	0.126289202273206
4348_Gorai.013G260900.1_P1_Ama201	2471	0/1	46	29	NA	75	4751	6	61	39	NA	0.126289202273206
4348_Gorai.013G260900.1_P1_Ama201	2717	1/1	5	56	NA	61	4751	6	8	92	NA	0.126289202273206
4348_Gorai.013G260900.1_P1_Ama201	3637	1/1	3	25	NA	28	4751	6	11	89	NA	0.126289202273206
4348_Gorai.013G260900.1_P1_Ama201_3	1975	1/1	1	25	NA	26	4751	5	4	96	NA	0.105241001894338
4348_Gorai.013G260900.1_P1_Ama201_3	2186	1/1	0	33	NA	33	4751	5	0	100	NA	0.105241001894338
4348_Gorai.013G260900.1_P1_Ama201_3	2456	0/1	46	38	NA	84	4751	5	55	45	NA	0.105241001894338
4348_Gorai.013G260900.1_P1_Ama201_3	2471	0/1	51	35	NA	86	4751	5	59	41	NA	0.105241001894338
4348_Gorai.013G260900.1_P1_Ama201_3	3637	1/1	4	23	NA	27	4751	5	15	85	NA	0.105241001894338
443_Gorai.006G135500.1_Ama201	5293	1/1	3	3	NA	6	5751	2	50	50	NA	0.0347765605981568
443_Gorai.006G135500.1_Ama201	5294	1/1	3	3	NA	6	5751	2	50	50	NA	0.0347765605981568
4771_Gorai.010G081600.1_P2_Ama201	641	1/1	42	27	NA	69	3022	1	61	39	NA	0.0330906684315023
4771_Gorai.010G081600.1_P2_Ama201_3	641	1/1	42	23	NA	65	3022	2	65	35	NA	0.0661813368630046
4771_Gorai.010G081600.1_P2_Ama201_3	856	1/1	0	32	NA	32	3022	2	0	100	NA	0.0661813368630046
4950_Gorai.001G237200.2_Ama201	297	1/1	6	64	NA	70	2350	2	9	91	NA	0.0851063829787234
4950_Gorai.001G237200.2_Ama201	975	1/1	24	46	NA	70	2350	2	34	66	NA	0.0851063829787234
4950_Gorai.001G237200.2_Ama201_3	297	1/1	7	74	NA	81	2350	2	9	91	NA	0.0851063829787234
4950_Gorai.001G237200.2_Ama201_3	975	1/1	33	42	NA	75	2350	2	44	56	NA	0.0851063829787234
5467_Gorai.011G117000.4_Ama201	955	0/1	15	8	NA	23	1137	1	65	35	NA	0.0879507475813544
5895_Gorai.004G031700.6_P2_Ama201_3	621	1/1	2	11	NA	13	1400	2	15	85	NA	0.142857142857143
5895_Gorai.004G031700.6_P2_Ama201_3	729	1/1	0	21	NA	21	1400	2	0	100	NA	0.142857142857143
5895_Gorai.004G031700.6_P3_Ama201	1455	1/1	0	15	NA	15	1579	1	0	100	NA	0.0633312222925903
5895_Gorai.004G031700.6_P3_Ama201_3	1455	1/1	0	15	NA	15	1579	1	0	100	NA	0.0633312222925903
5978_Gorai.002G218100.6_P2_Ama201	304	1/1	5	17	NA	22	1820	5	23	77	NA	0.274725274725275
5978_Gorai.002G218100.6_P2_Ama201	368	1/1	0	19	NA	19	1820	5	0	100	NA	0.274725274725275
5978_Gorai.002G218100.6_P2_Ama201	481	1/1	0	33	NA	33	1820	5	0	100	NA	0.274725274725275
5978_Gorai.002G218100.6_P2_Ama201	497	1/1	0	35	NA	35	1820	5	0	100	NA	0.274725274725275
5978_Gorai.002G218100.6_P2_Ama201	1251	1/1	22	33	NA	55	1820	5	40	60	NA	0.274725274725275
5978_Gorai.002G218100.6_P2_Ama201_3	304	1/1	0	25	NA	25	1820	3	0	100	NA	0.164835164835165
5978_Gorai.002G218100.6_P2_Ama201_3	481	1/1	1	33	NA	34	1820	3	3	97	NA	0.164835164835165
5978_Gorai.002G218100.6_P2_Ama201_3	496	1/1	0	34	NA	34	1820	3	0	100	NA	0.164835164835165
608_Gorai.005G157100.1_Ama201	397	1/1	0	3	NA	3	5439	1	0	100	NA	0.018385732671447
6171_Gorai.008G228900.3_P1_Ama201_3	2170	1/1	18	18	NA	36	2270	1	50	50	NA	0.0440528634361234
6227_Gorai.010G034900.1_P1_Ama201	950	0/1	1	11	NA	12	1882	5	8	92	NA	0.26567481402763
6227_Gorai.010G034900.1_P1_Ama201	1205	1/1	0	2	NA	2	1882	5	0	100	NA	0.26567481402763
6227_Gorai.010G034900.1_P1_Ama201	1225	1/1	0	7	NA	7	1882	5	0	100	NA	0.26567481402763
6227_Gorai.010G034900.1_P1_Ama201	1451	1/1	7	20	NA	27	1882	5	26	74	NA	0.26567481402763
6227_Gorai.010G034900.1_P1_Ama201	1606	1/1	5	25	NA	30	1882	5	17	83	NA	0.26567481402763
6227_Gorai.010G034900.1_P1_Ama201_3	950	1/1	0	13	NA	13	1882	3	0	100	NA	0.159404888416578
6227_Gorai.010G034900.1_P1_Ama201_3	1451	1/1	4	19	NA	23	1882	3	17	83	NA	0.159404888416578
6227_Gorai.010G034900.1_P1_Ama201_3	1606	1/1	4	17	NA	21	1882	3	19	81	NA	0.159404888416578
6794_Gorai.009G193900.2_Ama201_3	976	1/1	6	3	NA	9	4679	5	67	33	NA	0.106860440265014
6794_Gorai.009G193900.2_Ama201_3	981	1/1	6	3	NA	9	4679	5	67	33	NA	0.106860440265014
6794_Gorai.009G193900.2_Ama201_3	983	1/1	6	3	NA	9	4679	5	67	33	NA	0.106860440265014
6794_Gorai.009G193900.2_Ama201_3	992	1/1	6	3	NA	9	4679	5	67	33	NA	0.106860440265014
6794_Gorai.009G193900.2_Ama201_3	1012	1/1	7	3	NA	10	4679	5	70	30	NA	0.106860440265014
7126_Gorai.012G081300.2_Ama201	2108	1/1	25	10	NA	35	3014	1	71	29	NA	0.033178500331785
7126_Gorai.012G081300.2_Ama201_3	2108	1/1	17	16	NA	33	3014	1	52	48	NA	0.033178500331785
727_Gorai.011G026100.1_Ama201	3196	1/1	6	14	NA	20	5099	6	30	70	NA	0.117670131398313
727_Gorai.011G026100.1_Ama201	3236	1/1	8	20	NA	28	5099	6	29	71	NA	0.117670131398313
727_Gorai.011G026100.1_Ama201	3278	0/1	10	20	NA	30	5099	6	33	67	NA	0.117670131398313
727_Gorai.011G026100.1_Ama201	3298	0/1	9	20	NA	29	5099	6	31	69	NA	0.117670131398313
727_Gorai.011G026100.1_Ama201	3301	0/1	9	20	NA	29	5099	6	31	69	NA	0.117670131398313
727_Gorai.011G026100.1_Ama201	3352	1/1	5	19	NA	24	5099	6	21	79	NA	0.117670131398313
727_Gorai.011G026100.1_Ama201_3	3196	1/1	1	22	NA	23	5099	9	4	96	NA	0.17650519709747
727_Gorai.011G026100.1_Ama201_3	3198	1/1	14	9	NA	23	5099	9	61	39	NA	0.17650519709747
727_Gorai.011G026100.1_Ama201_3	3223	0/1	3	10	NA	13	5099	9	23	77	NA	0.17650519709747
727_Gorai.011G026100.1_Ama201_3	3236	0/1	3	23	NA	26	5099	9	12	88	NA	0.17650519709747
727_Gorai.011G026100.1_Ama201_3	3278	0/1	3	23	NA	26	5099	9	12	88	NA	0.17650519709747
727_Gorai.011G026100.1_Ama201_3	3298	0/1	4	23	NA	27	5099	9	15	85	NA	0.17650519709747
727_Gorai.011G026100.1_Ama201_3	3301	0/1	4	23	NA	27	5099	9	15	85	NA	0.17650519709747
727_Gorai.011G026100.1_Ama201_3	3352	1/1	2	21	NA	23	5099	9	9	91	NA	0.17650519709747
727_Gorai.011G026100.1_Ama201_3	3387	1/1	2	8	NA	10	5099	9	20	80	NA	0.17650519709747
7271_Gorai.005G267000.2_P1_Ama201	1896	1/1	0	2	NA	2	2217	9	0	100	NA	0.40595399188092
7271_Gorai.005G267000.2_P1_Ama201	1934	1/1	0	16	NA	16	2217	9	0	100	NA	0.40595399188092
7271_Gorai.005G267000.2_P1_Ama201	1977	1/1	0	37	NA	37	2217	9	0	100	NA	0.40595399188092
7271_Gorai.005G267000.2_P1_Ama201	2037	1/1	0	41	NA	41	2217	9	0	100	NA	0.40595399188092
7271_Gorai.005G267000.2_P1_Ama201	2079	1/1	0	39	NA	39	2217	9	0	100	NA	0.40595399188092
7271_Gorai.005G267000.2_P1_Ama201	2100	1/1	0	38	NA	38	2217	9	0	100	NA	0.40595399188092
7271_Gorai.005G267000.2_P1_Ama201	2113	1/1	0	37	NA	37	2217	9	0	100	NA	0.40595399188092
7271_Gorai.005G267000.2_P1_Ama201	2133	1/1	0	34	NA	34	2217	9	0	100	NA	0.40595399188092
7271_Gorai.005G267000.2_P1_Ama201	2194	1/1	0	18	NA	18	2217	9	0	100	NA	0.40595399188092
7271_Gorai.005G267000.2_P1_Ama201_3	1934	1/1	0	21	NA	21	2217	8	0	100	NA	0.36084799278304
7271_Gorai.005G267000.2_P1_Ama201_3	1977	1/1	0	38	NA	38	2217	8	0	100	NA	0.36084799278304
7271_Gorai.005G267000.2_P1_Ama201_3	2037	1/1	0	45	NA	45	2217	8	0	100	NA	0.36084799278304
7271_Gorai.005G267000.2_P1_Ama201_3	2079	1/1	0	41	NA	41	2217	8	0	100	NA	0.36084799278304
7271_Gorai.005G267000.2_P1_Ama201_3	2100	1/1	0	41	NA	41	2217	8	0	100	NA	0.36084799278304
7271_Gorai.005G267000.2_P1_Ama201_3	2113	1/1	0	40	NA	40	2217	8	0	100	NA	0.36084799278304
7271_Gorai.005G267000.2_P1_Ama201_3	2133	1/1	0	35	NA	35	2217	8	0	100	NA	0.36084799278304
7271_Gorai.005G267000.2_P1_Ama201_3	2194	1/1	0	17	NA	17	2217	8	0	100	NA	0.36084799278304
7442_Gorai.012G040400.1_P3_Ama201	1004	1/1	4	43	NA	47	2221	1	9	91	NA	0.045024763619991
7442_Gorai.012G040400.1_P3_Ama201_3	1004	1/1	3	30	NA	33	2221	1	9	91	NA	0.045024763619991
7848_Gorai.001G047000.1_P2_Ama201	316	1/1	0	5	NA	5	2994	5	0	100	NA	0.167000668002672
7848_Gorai.001G047000.1_P2_Ama201	976	1/1	0	17	NA	17	2994	5	0	100	NA	0.167000668002672
7848_Gorai.001G047000.1_P2_Ama201	983	1/1	0	20	NA	20	2994	5	0	100	NA	0.167000668002672
7848_Gorai.001G047000.1_P2_Ama201	1169	1/1	26	13	NA	39	2994	5	67	33	NA	0.167000668002672
7848_Gorai.001G047000.1_P2_Ama201	1629	1/1	20	62	NA	82	2994	5	24	76	NA	0.167000668002672
7848_Gorai.001G047000.1_P2_Ama201_3	1629	1/1	18	71	NA	89	2994	1	20	80	NA	0.0334001336005344
7856_Gorai.003G086000.1_P3_Ama201	755	0/1	76	71	NA	147	1792	2	52	48	NA	0.111607142857143
7856_Gorai.003G086000.1_P3_Ama201	818	0/1	50	94	NA	144	1792	2	35	65	NA	0.111607142857143
7856_Gorai.003G086000.1_P3_Ama201_3	818	0/1	31	84	NA	115	1792	1	27	73	NA	0.0558035714285714
8047_Gorai.004G175700.3_Ama201	522	0/1	5	3	NA	8	2193	2	62	38	NA	0.0911992704058368
8047_Gorai.004G175700.3_Ama201	547	0/1	4	3	NA	7	2193	2	57	43	NA	0.0911992704058368
8071_Gorai.002G129300.6_P1_Ama201	132	0/1	22	19	NA	41	1703	2	54	46	NA	0.117439812096301
8071_Gorai.002G129300.6_P1_Ama201	909	1/1	12	26	NA	38	1703	2	32	68	NA	0.117439812096301
8071_Gorai.002G129300.6_P1_Ama201_3	909	1/1	12	23	NA	35	1703	3	34	66	NA	0.176159718144451
8071_Gorai.002G129300.6_P1_Ama201_3	1565	1/1	0	9	NA	9	1703	3	0	100	NA	0.176159718144451
8071_Gorai.002G129300.6_P1_Ama201_3	1568	1/1	0	9	NA	9	1703	3	0	100	NA	0.176159718144451
8477_Gorai.013G272100.1_Ama201_3	11	1/1	0	4	NA	4	2258	1	0	100	NA	0.0442869796279894
8902_Gorai.009G043400.2_P3_Ama201	10	1/1	0	8	NA	8	1204	13	0	100	NA	1.0797342192691
8902_Gorai.009G043400.2_P3_Ama201	28	1/1	0	12	NA	12	1204	13	0	100	NA	1.0797342192691
8902_Gorai.009G043400.2_P3_Ama201	33	1/1	0	13	NA	13	1204	13	0	100	NA	1.0797342192691
8902_Gorai.009G043400.2_P3_Ama201	80	1/1	0	34	NA	34	1204	13	0	100	NA	1.0797342192691
8902_Gorai.009G043400.2_P3_Ama201	82	1/1	0	33	NA	33	1204	13	0	100	NA	1.0797342192691
8902_Gorai.009G043400.2_P3_Ama201	94	1/1	2	36	NA	38	1204	13	5	95	NA	1.0797342192691
8902_Gorai.009G043400.2_P3_Ama201	184	1/1	1	66	NA	67	1204	13	1	99	NA	1.0797342192691
8902_Gorai.009G043400.2_P3_Ama201	319	1/1	13	57	NA	70	1204	13	19	81	NA	1.0797342192691
8902_Gorai.009G043400.2_P3_Ama201	445	1/1	10	39	NA	49	1204	13	20	80	NA	1.0797342192691
8902_Gorai.009G043400.2_P3_Ama201	490	1/1	2	35	NA	37	1204	13	5	95	NA	1.0797342192691
8902_Gorai.009G043400.2_P3_Ama201	580	1/1	0	15	NA	15	1204	13	0	100	NA	1.0797342192691
8902_Gorai.009G043400.2_P3_Ama201	601	1/1	0	13	NA	13	1204	13	0	100	NA	1.0797342192691
8902_Gorai.009G043400.2_P3_Ama201	604	1/1	0	11	NA	11	1204	13	0	100	NA	1.0797342192691
8902_Gorai.009G043400.2_P3_Ama201_3	10	1/1	0	6	NA	6	1204	27	0	100	NA	2.24252491694352
8902_Gorai.009G043400.2_P3_Ama201_3	28	1/1	0	9	NA	9	1204	27	0	100	NA	2.24252491694352
8902_Gorai.009G043400.2_P3_Ama201_3	33	1/1	0	9	NA	9	1204	27	0	100	NA	2.24252491694352
8902_Gorai.009G043400.2_P3_Ama201_3	80	1/1	4	22	NA	26	1204	27	15	85	NA	2.24252491694352
8902_Gorai.009G043400.2_P3_Ama201_3	82	1/1	1	22	NA	23	1204	27	4	96	NA	2.24252491694352
8902_Gorai.009G043400.2_P3_Ama201_3	94	1/1	1	29	NA	30	1204	27	3	97	NA	2.24252491694352
8902_Gorai.009G043400.2_P3_Ama201_3	181	0/1	22	21	NA	43	1204	27	51	49	NA	2.24252491694352
8902_Gorai.009G043400.2_P3_Ama201_3	184	1/1	1	42	NA	43	1204	27	2	98	NA	2.24252491694352
8902_Gorai.009G043400.2_P3_Ama201_3	187	0/1	10	34	NA	44	1204	27	23	77	NA	2.24252491694352
8902_Gorai.009G043400.2_P3_Ama201_3	217	0/1	16	37	NA	53	1204	27	30	70	NA	2.24252491694352
8902_Gorai.009G043400.2_P3_Ama201_3	229	0/1	19	34	NA	53	1204	27	36	64	NA	2.24252491694352
8902_Gorai.009G043400.2_P3_Ama201_3	244	0/1	20	34	NA	54	1204	27	37	63	NA	2.24252491694352
8902_Gorai.009G043400.2_P3_Ama201_3	280	0/1	27	29	NA	56	1204	27	48	52	NA	2.24252491694352
8902_Gorai.009G043400.2_P3_Ama201_3	319	1/1	8	46	NA	54	1204	27	15	85	NA	2.24252491694352
8902_Gorai.009G043400.2_P3_Ama201_3	328	1/1	7	29	NA	36	1204	27	19	81	NA	2.24252491694352
8902_Gorai.009G043400.2_P3_Ama201_3	343	0/1	25	29	NA	54	1204	27	46	54	NA	2.24252491694352
8902_Gorai.009G043400.2_P3_Ama201_3	370	1/1	7	29	NA	36	1204	27	19	81	NA	2.24252491694352
8902_Gorai.009G043400.2_P3_Ama201_3	388	1/1	26	29	NA	55	1204	27	47	53	NA	2.24252491694352
8902_Gorai.009G043400.2_P3_Ama201_3	403	1/1	26	28	NA	54	1204	27	48	52	NA	2.24252491694352
8902_Gorai.009G043400.2_P3_Ama201_3	405	1/1	26	29	NA	55	1204	27	47	53	NA	2.24252491694352
8902_Gorai.009G043400.2_P3_Ama201_3	424	1/1	26	30	NA	56	1204	27	46	54	NA	2.24252491694352
8902_Gorai.009G043400.2_P3_Ama201_3	445	1/1	7	51	NA	58	1204	27	12	88	NA	2.24252491694352
8902_Gorai.009G043400.2_P3_Ama201_3	451	1/1	27	32	NA	59	1204	27	46	54	NA	2.24252491694352
8902_Gorai.009G043400.2_P3_Ama201_3	490	1/1	17	30	NA	47	1204	27	36	64	NA	2.24252491694352
8902_Gorai.009G043400.2_P3_Ama201_3	517	0/1	28	18	NA	46	1204	27	61	39	NA	2.24252491694352
8902_Gorai.009G043400.2_P3_Ama201_3	580	1/1	10	26	NA	36	1204	27	28	72	NA	2.24252491694352
8902_Gorai.009G043400.2_P3_Ama201_3	1118	1/1	4	16	NA	20	1204	27	20	80	NA	2.24252491694352
8995_Gorai.009G414300.4_P1_Ama201	655	1/1	0	10	NA	10	2112	6	0	100	NA	0.284090909090909
8995_Gorai.009G414300.4_P1_Ama201	734	0/1	8	6	NA	14	2112	6	57	43	NA	0.284090909090909
8995_Gorai.009G414300.4_P1_Ama201	776	1/1	0	12	NA	12	2112	6	0	100	NA	0.284090909090909
8995_Gorai.009G414300.4_P1_Ama201	788	1/1	0	11	NA	11	2112	6	0	100	NA	0.284090909090909
8995_Gorai.009G414300.4_P1_Ama201	1733	1/1	5	18	NA	23	2112	6	22	78	NA	0.284090909090909
8995_Gorai.009G414300.4_P1_Ama201	1838	1/1	1	4	NA	5	2112	6	20	80	NA	0.284090909090909
8995_Gorai.009G414300.4_P1_Ama201_3	617	0/1	11	4	NA	15	2112	3	73	27	NA	0.142045454545455
8995_Gorai.009G414300.4_P1_Ama201_3	776	1/1	0	16	NA	16	2112	3	0	100	NA	0.142045454545455
8995_Gorai.009G414300.4_P1_Ama201_3	788	1/1	0	12	NA	12	2112	3	0	100	NA	0.142045454545455
9057_Gorai.009G271600.2_P1_Ama201	359	1/1	0	33	NA	33	1659	6	0	100	NA	0.361663652802893
9057_Gorai.009G271600.2_P1_Ama201	530	0/1	21	10	NA	31	1659	6	68	32	NA	0.361663652802893
9057_Gorai.009G271600.2_P1_Ama201	555	0/1	25	8	NA	33	1659	6	76	24	NA	0.361663652802893
9057_Gorai.009G271600.2_P1_Ama201	559	0/1	6	26	NA	32	1659	6	19	81	NA	0.361663652802893
9057_Gorai.009G271600.2_P1_Ama201	595	1/1	3	29	NA	32	1659	6	9	91	NA	0.361663652802893
9057_Gorai.009G271600.2_P1_Ama201	1229	0/1	39	32	NA	71	1659	6	55	45	NA	0.361663652802893
9057_Gorai.009G271600.2_P1_Ama201_3	359	1/1	0	34	NA	34	1659	5	0	100	NA	0.301386377335744
9057_Gorai.009G271600.2_P1_Ama201_3	530	0/1	16	12	NA	28	1659	5	57	43	NA	0.301386377335744
9057_Gorai.009G271600.2_P1_Ama201_3	555	0/1	18	10	NA	28	1659	5	64	36	NA	0.301386377335744
9057_Gorai.009G271600.2_P1_Ama201_3	559	0/1	10	18	NA	28	1659	5	36	64	NA	0.301386377335744
9057_Gorai.009G271600.2_P1_Ama201_3	595	1/1	6	18	NA	24	1659	5	25	75	NA	0.301386377335744
9057_Gorai.009G271600.2_P2_Ama201	17	1/1	1	7	NA	8	1019	6	12	88	NA	0.588812561334642
9057_Gorai.009G271600.2_P2_Ama201	72	1/1	0	25	NA	25	1019	6	0	100	NA	0.588812561334642
9057_Gorai.009G271600.2_P2_Ama201	83	0/1	15	11	NA	26	1019	6	58	42	NA	0.588812561334642
9057_Gorai.009G271600.2_P2_Ama201	101	1/1	0	30	NA	30	1019	6	0	100	NA	0.588812561334642
9057_Gorai.009G271600.2_P2_Ama201	120	1/1	0	32	NA	32	1019	6	0	100	NA	0.588812561334642
9057_Gorai.009G271600.2_P2_Ama201	123	1/1	0	33	NA	33	1019	6	0	100	NA	0.588812561334642
9057_Gorai.009G271600.2_P2_Ama201_3	8	1/1	0	5	NA	5	1019	19	0	100	NA	1.86457311089303
9057_Gorai.009G271600.2_P2_Ama201_3	17	1/1	0	5	NA	5	1019	19	0	100	NA	1.86457311089303
9057_Gorai.009G271600.2_P2_Ama201_3	72	1/1	0	16	NA	16	1019	19	0	100	NA	1.86457311089303
9057_Gorai.009G271600.2_P2_Ama201_3	73	0/1	5	11	NA	16	1019	19	31	69	NA	1.86457311089303
9057_Gorai.009G271600.2_P2_Ama201_3	101	1/1	0	18	NA	18	1019	19	0	100	NA	1.86457311089303
9057_Gorai.009G271600.2_P2_Ama201_3	120	1/1	0	22	NA	22	1019	19	0	100	NA	1.86457311089303
9057_Gorai.009G271600.2_P2_Ama201_3	123	1/1	0	22	NA	22	1019	19	0	100	NA	1.86457311089303
9057_Gorai.009G271600.2_P2_Ama201_3	131	0/1	14	8	NA	22	1019	19	64	36	NA	1.86457311089303
9057_Gorai.009G271600.2_P2_Ama201_3	148	1/1	2	22	NA	24	1019	19	8	92	NA	1.86457311089303
9057_Gorai.009G271600.2_P2_Ama201_3	185	1/1	7	21	NA	28	1019	19	25	75	NA	1.86457311089303
9057_Gorai.009G271600.2_P2_Ama201_3	212	1/1	11	21	NA	32	1019	19	34	66	NA	1.86457311089303
9057_Gorai.009G271600.2_P2_Ama201_3	221	1/1	12	21	NA	33	1019	19	36	64	NA	1.86457311089303
9057_Gorai.009G271600.2_P2_Ama201_3	248	1/1	13	18	NA	31	1019	19	42	58	NA	1.86457311089303
9057_Gorai.009G271600.2_P2_Ama201_3	257	1/1	14	18	NA	32	1019	19	44	56	NA	1.86457311089303
9057_Gorai.009G271600.2_P2_Ama201_3	284	1/1	21	13	NA	34	1019	19	62	38	NA	1.86457311089303
9057_Gorai.009G271600.2_P2_Ama201_3	287	1/1	22	12	NA	34	1019	19	65	35	NA	1.86457311089303
9057_Gorai.009G271600.2_P2_Ama201_3	293	1/1	23	10	NA	33	1019	19	70	30	NA	1.86457311089303
9057_Gorai.009G271600.2_P2_Ama201_3	296	1/1	23	10	NA	33	1019	19	70	30	NA	1.86457311089303
9057_Gorai.009G271600.2_P2_Ama201_3	321	1/1	28	5	NA	33	1019	19	85	15	NA	1.86457311089303
9156_Gorai.009G268200.2_P2_Ama201	1458	1/1	0	107	NA	107	2374	18	0	100	NA	0.75821398483572
9156_Gorai.009G268200.2_P2_Ama201	1464	1/1	0	112	NA	112	2374	18	0	100	NA	0.75821398483572
9156_Gorai.009G268200.2_P2_Ama201	1527	1/1	14	131	NA	145	2374	18	10	90	NA	0.75821398483572
9156_Gorai.009G268200.2_P2_Ama201	1650	1/1	105	75	NA	180	2374	18	58	42	NA	0.75821398483572
9156_Gorai.009G268200.2_P2_Ama201	1695	0/1	110	71	NA	181	2374	18	61	39	NA	0.75821398483572
9156_Gorai.009G268200.2_P2_Ama201	1710	1/1	110	77	NA	187	2374	18	59	41	NA	0.75821398483572
9156_Gorai.009G268200.2_P2_Ama201	1752	0/1	110	64	NA	174	2374	18	63	37	NA	0.75821398483572
9156_Gorai.009G268200.2_P2_Ama201	1976	1/1	4	19	NA	23	2374	18	17	83	NA	0.75821398483572
9156_Gorai.009G268200.2_P2_Ama201	1996	1/1	4	21	NA	25	2374	18	16	84	NA	0.75821398483572
9156_Gorai.009G268200.2_P2_Ama201	2016	1/1	4	26	NA	30	2374	18	13	87	NA	0.75821398483572
9156_Gorai.009G268200.2_P2_Ama201	2046	1/1	6	32	NA	38	2374	18	16	84	NA	0.75821398483572
9156_Gorai.009G268200.2_P2_Ama201	2064	1/1	6	42	NA	48	2374	18	12	88	NA	0.75821398483572
9156_Gorai.009G268200.2_P2_Ama201	2098	1/1	6	55	NA	61	2374	18	10	90	NA	0.75821398483572
9156_Gorai.009G268200.2_P2_Ama201	2130	1/1	5	61	NA	66	2374	18	8	92	NA	0.75821398483572
9156_Gorai.009G268200.2_P2_Ama201	2178	1/1	0	59	NA	59	2374	18	0	100	NA	0.75821398483572
9156_Gorai.009G268200.2_P2_Ama201	2280	1/1	0	33	NA	33	2374	18	0	100	NA	0.75821398483572
9156_Gorai.009G268200.2_P2_Ama201	2314	0/1	11	12	NA	23	2374	18	48	52	NA	0.75821398483572
9156_Gorai.009G268200.2_P2_Ama201	2315	1/1	0	22	NA	22	2374	18	0	100	NA	0.75821398483572
9156_Gorai.009G268200.2_P2_Ama201_3	1406	0/1	22	13	NA	35	2374	50	63	37	NA	2.106149957877
9156_Gorai.009G268200.2_P2_Ama201_3	1418	0/1	22	19	NA	41	2374	50	54	46	NA	2.106149957877
9156_Gorai.009G268200.2_P2_Ama201_3	1455	0/1	50	31	NA	81	2374	50	62	38	NA	2.106149957877
9156_Gorai.009G268200.2_P2_Ama201_3	1458	0/1	15	67	NA	82	2374	50	18	82	NA	2.106149957877
9156_Gorai.009G268200.2_P2_Ama201_3	1464	0/1	14	73	NA	87	2374	50	16	84	NA	2.106149957877
9156_Gorai.009G268200.2_P2_Ama201_3	1491	0/1	50	44	NA	94	2374	50	53	47	NA	2.106149957877
9156_Gorai.009G268200.2_P2_Ama201_3	1527	1/1	11	106	NA	117	2374	50	9	91	NA	2.106149957877
9156_Gorai.009G268200.2_P2_Ama201_3	1587	0/1	103	46	NA	149	2374	50	69	31	NA	2.106149957877
9156_Gorai.009G268200.2_P2_Ama201_3	1608	0/1	112	45	NA	157	2374	50	71	29	NA	2.106149957877
9156_Gorai.009G268200.2_P2_Ama201_3	1629	0/1	121	42	NA	163	2374	50	74	26	NA	2.106149957877
9156_Gorai.009G268200.2_P2_Ama201_3	1641	0/1	104	58	NA	162	2374	50	64	36	NA	2.106149957877
9156_Gorai.009G268200.2_P2_Ama201_3	1647	0/1	123	34	NA	157	2374	50	78	22	NA	2.106149957877
9156_Gorai.009G268200.2_P2_Ama201_3	1650	0/1	69	87	NA	156	2374	50	44	56	NA	2.106149957877
9156_Gorai.009G268200.2_P2_Ama201_3	1662	0/1	109	53	NA	162	2374	50	67	33	NA	2.106149957877
9156_Gorai.009G268200.2_P2_Ama201_3	1692	0/1	95	72	NA	167	2374	50	57	43	NA	2.106149957877
9156_Gorai.009G268200.2_P2_Ama201_3	1695	0/1	73	96	NA	169	2374	50	43	57	NA	2.106149957877
9156_Gorai.009G268200.2_P2_Ama201_3	1707	0/1	94	73	NA	167	2374	50	56	44	NA	2.106149957877
9156_Gorai.009G268200.2_P2_Ama201_3	1710	0/1	73	95	NA	168	2374	50	43	57	NA	2.106149957877
9156_Gorai.009G268200.2_P2_Ama201_3	1752	0/1	72	73	NA	145	2374	50	50	50	NA	2.106149957877
9156_Gorai.009G268200.2_P2_Ama201_3	1755	0/1	101	41	NA	142	2374	50	71	29	NA	2.106149957877
9156_Gorai.009G268200.2_P2_Ama201_3	1776	0/1	91	40	NA	131	2374	50	69	31	NA	2.106149957877
9156_Gorai.009G268200.2_P2_Ama201_3	1818	0/1	72	42	NA	114	2374	50	63	37	NA	2.106149957877
9156_Gorai.009G268200.2_P2_Ama201_3	1857	1/1	44	42	NA	86	2374	50	51	49	NA	2.106149957877
9156_Gorai.009G268200.2_P2_Ama201_3	1887	1/1	30	35	NA	65	2374	50	46	54	NA	2.106149957877
9156_Gorai.009G268200.2_P2_Ama201_3	1890	1/1	29	34	NA	63	2374	50	46	54	NA	2.106149957877
9156_Gorai.009G268200.2_P2_Ama201_3	1915	1/1	9	20	NA	29	2374	50	31	69	NA	2.106149957877
9156_Gorai.009G268200.2_P2_Ama201_3	1917	1/1	0	25	NA	25	2374	50	0	100	NA	2.106149957877
9156_Gorai.009G268200.2_P2_Ama201_3	1976	0/1	2	18	NA	20	2374	50	10	90	NA	2.106149957877
9156_Gorai.009G268200.2_P2_Ama201_3	1991	0/1	23	8	NA	31	2374	50	74	26	NA	2.106149957877
9156_Gorai.009G268200.2_P2_Ama201_3	1996	1/1	0	34	NA	34	2374	50	0	100	NA	2.106149957877
9156_Gorai.009G268200.2_P2_Ama201_3	1998	0/1	26	8	NA	34	2374	50	76	24	NA	2.106149957877
9156_Gorai.009G268200.2_P2_Ama201_3	2016	0/1	12	30	NA	42	2374	50	29	71	NA	2.106149957877
9156_Gorai.009G268200.2_P2_Ama201_3	2020	0/1	33	12	NA	45	2374	50	73	27	NA	2.106149957877
9156_Gorai.009G268200.2_P2_Ama201_3	2022	0/1	35	12	NA	47	2374	50	74	26	NA	2.106149957877
9156_Gorai.009G268200.2_P2_Ama201_3	2031	0/1	39	13	NA	52	2374	50	75	25	NA	2.106149957877
9156_Gorai.009G268200.2_P2_Ama201_3	2064	0/1	27	50	NA	77	2374	50	35	65	NA	2.106149957877
9156_Gorai.009G268200.2_P2_Ama201_3	2098	0/1	36	63	NA	99	2374	50	36	64	NA	2.106149957877
9156_Gorai.009G268200.2_P2_Ama201_3	2130	0/1	40	69	NA	109	2374	50	37	63	NA	2.106149957877
9156_Gorai.009G268200.2_P2_Ama201_3	2131	0/1	70	40	NA	110	2374	50	64	36	NA	2.106149957877
9156_Gorai.009G268200.2_P2_Ama201_3	2172	0/1	67	39	NA	106	2374	50	63	37	NA	2.106149957877
9156_Gorai.009G268200.2_P2_Ama201_3	2178	1/2	0	67	38	105	2374	50	0	64	36	2.106149957877
9156_Gorai.009G268200.2_P2_Ama201_3	2193	0/1	65	35	NA	100	2374	50	65	35	NA	2.106149957877
9156_Gorai.009G268200.2_P2_Ama201_3	2196	0/1	65	36	NA	101	2374	50	64	36	NA	2.106149957877
9156_Gorai.009G268200.2_P2_Ama201_3	2253	1/2	2	25	37	64	2374	50	3	39	58	2.106149957877
9156_Gorai.009G268200.2_P2_Ama201_3	2271	0/1	25	31	NA	56	2374	50	45	55	NA	2.106149957877
9156_Gorai.009G268200.2_P2_Ama201_3	2280	1/2	2	37	11	50	2374	50	4	74	22	2.106149957877
9156_Gorai.009G268200.2_P2_Ama201_3	2313	0/1	8	13	NA	21	2374	50	38	62	NA	2.106149957877
9156_Gorai.009G268200.2_P2_Ama201_3	2315	1/1	1	19	NA	20	2374	50	5	95	NA	2.106149957877
9156_Gorai.009G268200.2_P2_Ama201_3	2319	0/1	7	13	NA	20	2374	50	35	65	NA	2.106149957877
9156_Gorai.009G268200.2_P2_Ama201_3	2347	1/1	0	2	NA	2	2374	50	0	100	NA	2.106149957877
923_Gorai.005G170300.2_P1_Ama201	2776	1/1	0	9	NA	9	2892	1	0	100	NA	0.0345781466113416
9242_Gorai.009G068700.1_Ama201	2761	1/1	0	13	NA	13	3191	2	0	100	NA	0.0626762770291445
9242_Gorai.009G068700.1_Ama201	2762	1/1	0	13	NA	13	3191	2	0	100	NA	0.0626762770291445
9263_Gorai.004G098000.1_P1_Ama201	339	1/1	84	63	NA	147	1251	11	57	43	NA	0.8792965627498
9263_Gorai.004G098000.1_P1_Ama201	372	1/1	80	71	NA	151	1251	11	53	47	NA	0.8792965627498
9263_Gorai.004G098000.1_P1_Ama201	420	1/1	52	85	NA	137	1251	11	38	62	NA	0.8792965627498
9263_Gorai.004G098000.1_P1_Ama201	437	1/1	43	96	NA	139	1251	11	31	69	NA	0.8792965627498
9263_Gorai.004G098000.1_P1_Ama201	582	0/1	90	36	NA	126	1251	11	71	29	NA	0.8792965627498
9263_Gorai.004G098000.1_P1_Ama201	606	0/1	75	46	NA	121	1251	11	62	38	NA	0.8792965627498
9263_Gorai.004G098000.1_P1_Ama201	654	0/1	65	49	NA	114	1251	11	57	43	NA	0.8792965627498
9263_Gorai.004G098000.1_P1_Ama201	702	0/1	79	23	NA	102	1251	11	77	23	NA	0.8792965627498
9263_Gorai.004G098000.1_P1_Ama201	774	0/1	37	28	NA	65	1251	11	57	43	NA	0.8792965627498
9263_Gorai.004G098000.1_P1_Ama201	776	0/1	36	27	NA	63	1251	11	57	43	NA	0.8792965627498
9263_Gorai.004G098000.1_P1_Ama201	783	0/1	34	25	NA	59	1251	11	58	42	NA	0.8792965627498
9263_Gorai.004G098000.1_P1_Ama201_3	339	1/1	70	99	NA	169	1251	16	41	59	NA	1.27897681854516
9263_Gorai.004G098000.1_P1_Ama201_3	360	0/1	118	47	NA	165	1251	16	72	28	NA	1.27897681854516
9263_Gorai.004G098000.1_P1_Ama201_3	372	1/1	56	105	NA	161	1251	16	35	65	NA	1.27897681854516
9263_Gorai.004G098000.1_P1_Ama201_3	420	1/1	34	120	NA	154	1251	16	22	78	NA	1.27897681854516
9263_Gorai.004G098000.1_P1_Ama201_3	435	0/1	83	63	NA	146	1251	16	57	43	NA	1.27897681854516
9263_Gorai.004G098000.1_P1_Ama201_3	437	1/1	25	119	NA	144	1251	16	17	83	NA	1.27897681854516
9263_Gorai.004G098000.1_P1_Ama201_3	492	0/1	92	76	NA	168	1251	16	55	45	NA	1.27897681854516
9263_Gorai.004G098000.1_P1_Ama201_3	582	0/1	121	27	NA	148	1251	16	82	18	NA	1.27897681854516
9263_Gorai.004G098000.1_P1_Ama201_3	606	0/1	101	40	NA	141	1251	16	72	28	NA	1.27897681854516
9263_Gorai.004G098000.1_P1_Ama201_3	654	0/1	46	70	NA	116	1251	16	40	60	NA	1.27897681854516
9263_Gorai.004G098000.1_P1_Ama201_3	702	0/1	50	37	NA	87	1251	16	57	43	NA	1.27897681854516
9263_Gorai.004G098000.1_P1_Ama201_3	777	1/1	3	37	NA	40	1251	16	8	92	NA	1.27897681854516
9263_Gorai.004G098000.1_P1_Ama201_3	780	1/1	3	37	NA	40	1251	16	8	92	NA	1.27897681854516
9263_Gorai.004G098000.1_P1_Ama201_3	825	1/1	4	17	NA	21	1251	16	19	81	NA	1.27897681854516
9263_Gorai.004G098000.1_P1_Ama201_3	827	1/1	3	17	NA	20	1251	16	15	85	NA	1.27897681854516
9263_Gorai.004G098000.1_P1_Ama201_3	834	1/1	3	13	NA	16	1251	16	19	81	NA	1.27897681854516
959_Gorai.001G017000.1_P2_Ama201	789	0/1	58	23	NA	81	1319	11	72	28	NA	0.833965125094769
959_Gorai.001G017000.1_P2_Ama201	847	1/1	36	60	NA	96	1319	11	38	62	NA	0.833965125094769
959_Gorai.001G017000.1_P2_Ama201	867	1/1	29	67	NA	96	1319	11	30	70	NA	0.833965125094769
959_Gorai.001G017000.1_P2_Ama201	1042	1/1	0	63	NA	63	1319	11	0	100	NA	0.833965125094769
959_Gorai.001G017000.1_P2_Ama201	1086	1/1	0	39	NA	39	1319	11	0	100	NA	0.833965125094769
959_Gorai.001G017000.1_P2_Ama201	1117	1/1	1	27	NA	28	1319	11	4	96	NA	0.833965125094769
959_Gorai.001G017000.1_P2_Ama201	1132	1/1	0	27	NA	27	1319	11	0	100	NA	0.833965125094769
959_Gorai.001G017000.1_P2_Ama201	1141	1/1	0	25	NA	25	1319	11	0	100	NA	0.833965125094769
959_Gorai.001G017000.1_P2_Ama201	1148	1/1	1	22	NA	23	1319	11	4	96	NA	0.833965125094769
959_Gorai.001G017000.1_P2_Ama201	1152	1/1	1	21	NA	22	1319	11	5	95	NA	0.833965125094769
959_Gorai.001G017000.1_P2_Ama201	1186	1/1	1	15	NA	16	1319	11	6	94	NA	0.833965125094769
959_Gorai.001G017000.1_P2_Ama201_3	847	0/1	47	18	NA	65	1319	21	72	28	NA	1.59211523881729
959_Gorai.001G017000.1_P2_Ama201_3	862	0/1	19	38	NA	57	1319	21	33	67	NA	1.59211523881729
959_Gorai.001G017000.1_P2_Ama201_3	864	0/1	37	19	NA	56	1319	21	66	34	NA	1.59211523881729
959_Gorai.001G017000.1_P2_Ama201_3	867	0/1	35	20	NA	55	1319	21	64	36	NA	1.59211523881729
959_Gorai.001G017000.1_P2_Ama201_3	900	0/1	25	29	NA	54	1319	21	46	54	NA	1.59211523881729
959_Gorai.001G017000.1_P2_Ama201_3	911	0/1	17	30	NA	47	1319	21	36	64	NA	1.59211523881729
959_Gorai.001G017000.1_P2_Ama201_3	912	0/1	17	30	NA	47	1319	21	36	64	NA	1.59211523881729
959_Gorai.001G017000.1_P2_Ama201_3	919	0/1	15	31	NA	46	1319	21	33	67	NA	1.59211523881729
959_Gorai.001G017000.1_P2_Ama201_3	924	0/1	13	32	NA	45	1319	21	29	71	NA	1.59211523881729
959_Gorai.001G017000.1_P2_Ama201_3	931	0/1	13	34	NA	47	1319	21	28	72	NA	1.59211523881729
959_Gorai.001G017000.1_P2_Ama201_3	934	0/1	12	35	NA	47	1319	21	26	74	NA	1.59211523881729
959_Gorai.001G017000.1_P2_Ama201_3	955	1/1	8	50	NA	58	1319	21	14	86	NA	1.59211523881729
959_Gorai.001G017000.1_P2_Ama201_3	1042	1/1	0	49	NA	49	1319	21	0	100	NA	1.59211523881729
959_Gorai.001G017000.1_P2_Ama201_3	1051	0/1	25	22	NA	47	1319	21	53	47	NA	1.59211523881729
959_Gorai.001G017000.1_P2_Ama201_3	1086	1/1	0	33	NA	33	1319	21	0	100	NA	1.59211523881729
959_Gorai.001G017000.1_P2_Ama201_3	1117	1/1	0	28	NA	28	1319	21	0	100	NA	1.59211523881729
959_Gorai.001G017000.1_P2_Ama201_3	1132	1/1	0	25	NA	25	1319	21	0	100	NA	1.59211523881729
959_Gorai.001G017000.1_P2_Ama201_3	1141	1/1	0	25	NA	25	1319	21	0	100	NA	1.59211523881729
959_Gorai.001G017000.1_P2_Ama201_3	1148	1/1	0	24	NA	24	1319	21	0	100	NA	1.59211523881729
959_Gorai.001G017000.1_P2_Ama201_3	1152	1/1	0	21	NA	21	1319	21	0	100	NA	1.59211523881729
959_Gorai.001G017000.1_P2_Ama201_3	1186	1/1	0	11	NA	11	1319	21	0	100	NA	1.59211523881729
959_Gorai.001G017000.1_P3_Ama201	31	1/1	0	3	NA	3	1239	13	0	100	NA	1.04923325262308
959_Gorai.001G017000.1_P3_Ama201	44	1/1	0	3	NA	3	1239	13	0	100	NA	1.04923325262308
959_Gorai.001G017000.1_P3_Ama201	49	1/1	0	3	NA	3	1239	13	0	100	NA	1.04923325262308
959_Gorai.001G017000.1_P3_Ama201	51	1/1	0	3	NA	3	1239	13	0	100	NA	1.04923325262308
959_Gorai.001G017000.1_P3_Ama201	59	1/1	0	3	NA	3	1239	13	0	100	NA	1.04923325262308
959_Gorai.001G017000.1_P3_Ama201	65	1/1	0	3	NA	3	1239	13	0	100	NA	1.04923325262308
959_Gorai.001G017000.1_P3_Ama201	78	1/1	0	3	NA	3	1239	13	0	100	NA	1.04923325262308
959_Gorai.001G017000.1_P3_Ama201	93	1/1	0	3	NA	3	1239	13	0	100	NA	1.04923325262308
959_Gorai.001G017000.1_P3_Ama201	103	1/1	0	3	NA	3	1239	13	0	100	NA	1.04923325262308
959_Gorai.001G017000.1_P3_Ama201	110	1/1	0	3	NA	3	1239	13	0	100	NA	1.04923325262308
959_Gorai.001G017000.1_P3_Ama201	111	1/1	0	3	NA	3	1239	13	0	100	NA	1.04923325262308
959_Gorai.001G017000.1_P3_Ama201	117	1/1	0	3	NA	3	1239	13	0	100	NA	1.04923325262308
959_Gorai.001G017000.1_P3_Ama201	128	1/1	0	3	NA	3	1239	13	0	100	NA	1.04923325262308
959_Gorai.001G017000.1_P3_Ama201_3	91	1/1	0	16	NA	16	1239	5	0	100	NA	0.403551251008878
959_Gorai.001G017000.1_P3_Ama201_3	99	1/1	0	16	NA	16	1239	5	0	100	NA	0.403551251008878
959_Gorai.001G017000.1_P3_Ama201_3	112	1/1	0	16	NA	16	1239	5	0	100	NA	0.403551251008878
959_Gorai.001G017000.1_P3_Ama201_3	131	1/1	0	14	NA	14	1239	5	0	100	NA	0.403551251008878
959_Gorai.001G017000.1_P3_Ama201_3	161	1/1	0	6	NA	6	1239	5	0	100	NA	0.403551251008878
9791_Gorai.002G036300.1_Ama201_3	1728	1/1	0	24	NA	24	2054	1	0	100	NA	0.0486854917234664
