allele	position	GT	ref.reads	alt1.reads	alt2.reads	total.reads	length	var_sites	perc_ref	perc_alt1	perc_alt2	perc_variant
1028_Gorai.013G094000.2_Aza060	715	1/1	6	37	NA	43	1767	1	14	86	NA	0.0565930956423316
1028_Gorai.013G094000.2_Aza060_3	715	1/1	11	28	NA	39	1767	2	28	72	NA	0.113186191284663
1028_Gorai.013G094000.2_Aza060_3	1109	1/1	10	24	NA	34	1767	2	29	71	NA	0.113186191284663
10378_Gorai.008G223500.4_P2_Aza060	1702	1/1	2	4	NA	6	2114	3	33	67	NA	0.141911069063387
10378_Gorai.008G223500.4_P2_Aza060	1711	1/1	2	3	NA	5	2114	3	40	60	NA	0.141911069063387
10378_Gorai.008G223500.4_P2_Aza060	1714	1/1	2	2	NA	4	2114	3	50	50	NA	0.141911069063387
10378_Gorai.008G223500.4_P2_Aza060_3	86	1/1	0	8	NA	8	2114	2	0	100	NA	0.0946073793755913
10378_Gorai.008G223500.4_P2_Aza060_3	101	1/1	0	4	NA	4	2114	2	0	100	NA	0.0946073793755913
10447_Gorai.007G227000.1_Aza060	49	0/1	6	4	NA	10	2069	5	60	40	NA	0.241662638956017
10447_Gorai.007G227000.1_Aza060	51	0/1	6	4	NA	10	2069	5	60	40	NA	0.241662638956017
10447_Gorai.007G227000.1_Aza060	73	0/1	6	4	NA	10	2069	5	60	40	NA	0.241662638956017
10447_Gorai.007G227000.1_Aza060	152	0/1	5	2	NA	7	2069	5	71	29	NA	0.241662638956017
10447_Gorai.007G227000.1_Aza060	603	0/1	8	4	NA	12	2069	5	67	33	NA	0.241662638956017
11201_Gorai.009G235000.3_Aza060	38	1/1	2	7	NA	9	1088	3	22	78	NA	0.275735294117647
11201_Gorai.009G235000.3_Aza060	65	1/1	2	9	NA	11	1088	3	18	82	NA	0.275735294117647
11201_Gorai.009G235000.3_Aza060	152	1/1	1	11	NA	12	1088	3	8	92	NA	0.275735294117647
11201_Gorai.009G235000.3_Aza060_3	137	0/1	2	7	NA	9	1088	6	22	78	NA	0.551470588235294
11201_Gorai.009G235000.3_Aza060_3	152	0/1	2	8	NA	10	1088	6	20	80	NA	0.551470588235294
11201_Gorai.009G235000.3_Aza060_3	239	1/1	0	4	NA	4	1088	6	0	100	NA	0.551470588235294
11201_Gorai.009G235000.3_Aza060_3	254	1/1	0	4	NA	4	1088	6	0	100	NA	0.551470588235294
11201_Gorai.009G235000.3_Aza060_3	257	1/1	0	4	NA	4	1088	6	0	100	NA	0.551470588235294
11201_Gorai.009G235000.3_Aza060_3	275	1/1	0	3	NA	3	1088	6	0	100	NA	0.551470588235294
11217_Gorai.002G050300.2_P1_Aza060	1099	1/1	22	17	NA	39	1365	6	56	44	NA	0.43956043956044
11217_Gorai.002G050300.2_P1_Aza060	1135	1/1	15	26	NA	41	1365	6	37	63	NA	0.43956043956044
11217_Gorai.002G050300.2_P1_Aza060	1144	0/1	27	12	NA	39	1365	6	69	31	NA	0.43956043956044
11217_Gorai.002G050300.2_P1_Aza060	1198	1/1	7	31	NA	38	1365	6	18	82	NA	0.43956043956044
11217_Gorai.002G050300.2_P1_Aza060	1237	0/1	18	13	NA	31	1365	6	58	42	NA	0.43956043956044
11217_Gorai.002G050300.2_P1_Aza060	1261	1/1	0	26	NA	26	1365	6	0	100	NA	0.43956043956044
11217_Gorai.002G050300.2_P1_Aza060_3	1060	1/1	11	18	NA	29	1365	6	38	62	NA	0.43956043956044
11217_Gorai.002G050300.2_P1_Aza060_3	1135	1/1	8	33	NA	41	1365	6	20	80	NA	0.43956043956044
11217_Gorai.002G050300.2_P1_Aza060_3	1198	1/1	5	37	NA	42	1365	6	12	88	NA	0.43956043956044
11217_Gorai.002G050300.2_P1_Aza060_3	1261	1/1	0	32	NA	32	1365	6	0	100	NA	0.43956043956044
11217_Gorai.002G050300.2_P1_Aza060_3	1298	0/1	11	11	NA	22	1365	6	50	50	NA	0.43956043956044
11217_Gorai.002G050300.2_P1_Aza060_3	1354	0/1	3	4	NA	7	1365	6	43	57	NA	0.43956043956044
11426_Gorai.011G126700.1_Aza060	543	1/1	2	8	NA	10	1706	34	20	80	NA	1.99296600234467
11426_Gorai.011G126700.1_Aza060	596	1/1	2	9	NA	11	1706	34	18	82	NA	1.99296600234467
11426_Gorai.011G126700.1_Aza060	608	1/1	2	9	NA	11	1706	34	18	82	NA	1.99296600234467
11426_Gorai.011G126700.1_Aza060	994	1/1	7	8	NA	15	1706	34	47	53	NA	1.99296600234467
11426_Gorai.011G126700.1_Aza060	1009	1/1	9	9	NA	18	1706	34	50	50	NA	1.99296600234467
11426_Gorai.011G126700.1_Aza060	1024	1/1	11	10	NA	21	1706	34	52	48	NA	1.99296600234467
11426_Gorai.011G126700.1_Aza060	1132	1/1	18	16	NA	34	1706	34	53	47	NA	1.99296600234467
11426_Gorai.011G126700.1_Aza060	1164	1/1	15	17	NA	32	1706	34	47	53	NA	1.99296600234467
11426_Gorai.011G126700.1_Aza060	1166	0/1	22	11	NA	33	1706	34	67	33	NA	1.99296600234467
11426_Gorai.011G126700.1_Aza060	1174	1/1	17	17	NA	34	1706	34	50	50	NA	1.99296600234467
11426_Gorai.011G126700.1_Aza060	1200	1/1	16	18	NA	34	1706	34	47	53	NA	1.99296600234467
11426_Gorai.011G126700.1_Aza060	1207	1/1	14	18	NA	32	1706	34	44	56	NA	1.99296600234467
11426_Gorai.011G126700.1_Aza060	1227	1/1	15	19	NA	34	1706	34	44	56	NA	1.99296600234467
11426_Gorai.011G126700.1_Aza060	1237	1/1	13	16	NA	29	1706	34	45	55	NA	1.99296600234467
11426_Gorai.011G126700.1_Aza060	1245	1/1	13	17	NA	30	1706	34	43	57	NA	1.99296600234467
11426_Gorai.011G126700.1_Aza060	1264	1/1	11	16	NA	27	1706	34	41	59	NA	1.99296600234467
11426_Gorai.011G126700.1_Aza060	1273	1/1	10	17	NA	27	1706	34	37	63	NA	1.99296600234467
11426_Gorai.011G126700.1_Aza060	1282	1/1	8	18	NA	26	1706	34	31	69	NA	1.99296600234467
11426_Gorai.011G126700.1_Aza060	1289	0/1	15	11	NA	26	1706	34	58	42	NA	1.99296600234467
11426_Gorai.011G126700.1_Aza060	1297	1/1	6	21	NA	27	1706	34	22	78	NA	1.99296600234467
11426_Gorai.011G126700.1_Aza060	1312	1/1	4	22	NA	26	1706	34	15	85	NA	1.99296600234467
11426_Gorai.011G126700.1_Aza060	1482	1/1	1	33	NA	34	1706	34	3	97	NA	1.99296600234467
11426_Gorai.011G126700.1_Aza060	1513	1/1	1	34	NA	35	1706	34	3	97	NA	1.99296600234467
11426_Gorai.011G126700.1_Aza060	1519	1/1	1	33	NA	34	1706	34	3	97	NA	1.99296600234467
11426_Gorai.011G126700.1_Aza060	1574	0/1	20	6	NA	26	1706	34	77	23	NA	1.99296600234467
11426_Gorai.011G126700.1_Aza060	1594	0/1	7	14	NA	21	1706	34	33	67	NA	1.99296600234467
11426_Gorai.011G126700.1_Aza060	1609	1/1	1	17	NA	18	1706	34	6	94	NA	1.99296600234467
11426_Gorai.011G126700.1_Aza060	1616	1/1	1	12	NA	13	1706	34	8	92	NA	1.99296600234467
11426_Gorai.011G126700.1_Aza060	1621	1/1	1	12	NA	13	1706	34	8	92	NA	1.99296600234467
11426_Gorai.011G126700.1_Aza060	1627	1/1	1	11	NA	12	1706	34	8	92	NA	1.99296600234467
11426_Gorai.011G126700.1_Aza060	1630	1/1	1	11	NA	12	1706	34	8	92	NA	1.99296600234467
11426_Gorai.011G126700.1_Aza060	1640	1/1	1	9	NA	10	1706	34	10	90	NA	1.99296600234467
11426_Gorai.011G126700.1_Aza060	1645	1/1	1	8	NA	9	1706	34	11	89	NA	1.99296600234467
11426_Gorai.011G126700.1_Aza060	1654	1/1	1	5	NA	6	1706	34	17	83	NA	1.99296600234467
11426_Gorai.011G126700.1_Aza060_3	543	1/1	1	7	NA	8	1706	7	12	88	NA	0.41031652989449
11426_Gorai.011G126700.1_Aza060_3	596	1/1	2	7	NA	9	1706	7	22	78	NA	0.41031652989449
11426_Gorai.011G126700.1_Aza060_3	608	1/1	2	8	NA	10	1706	7	20	80	NA	0.41031652989449
11426_Gorai.011G126700.1_Aza060_3	1132	0/1	14	26	NA	40	1706	7	35	65	NA	0.41031652989449
11426_Gorai.011G126700.1_Aza060_3	1482	1/1	1	52	NA	53	1706	7	2	98	NA	0.41031652989449
11426_Gorai.011G126700.1_Aza060_3	1513	1/1	2	45	NA	47	1706	7	4	96	NA	0.41031652989449
11426_Gorai.011G126700.1_Aza060_3	1519	1/1	2	46	NA	48	1706	7	4	96	NA	0.41031652989449
1189_Gorai.008G016300.1_P1_Aza060	142	0/1	12	15	NA	27	3823	7	44	56	NA	0.183102275699712
1189_Gorai.008G016300.1_P1_Aza060	260	1/1	0	42	NA	42	3823	7	0	100	NA	0.183102275699712
1189_Gorai.008G016300.1_P1_Aza060	274	0/1	18	23	NA	41	3823	7	44	56	NA	0.183102275699712
1189_Gorai.008G016300.1_P1_Aza060	275	1/1	0	41	NA	41	3823	7	0	100	NA	0.183102275699712
1189_Gorai.008G016300.1_P1_Aza060	1570	1/1	1	44	NA	45	3823	7	2	98	NA	0.183102275699712
1189_Gorai.008G016300.1_P1_Aza060	2847	1/1	2	27	NA	29	3823	7	7	93	NA	0.183102275699712
1189_Gorai.008G016300.1_P1_Aza060	3553	1/1	2	16	NA	18	3823	7	11	89	NA	0.183102275699712
1189_Gorai.008G016300.1_P1_Aza060_3	356	1/1	0	51	NA	51	3823	12	0	100	NA	0.313889615485221
1189_Gorai.008G016300.1_P1_Aza060_3	400	1/1	0	60	NA	60	3823	12	0	100	NA	0.313889615485221
1189_Gorai.008G016300.1_P1_Aza060_3	467	1/1	0	65	NA	65	3823	12	0	100	NA	0.313889615485221
1189_Gorai.008G016300.1_P1_Aza060_3	560	0/1	35	34	NA	69	3823	12	51	49	NA	0.313889615485221
1189_Gorai.008G016300.1_P1_Aza060_3	563	0/1	36	34	NA	70	3823	12	51	49	NA	0.313889615485221
1189_Gorai.008G016300.1_P1_Aza060_3	596	0/1	40	33	NA	73	3823	12	55	45	NA	0.313889615485221
1189_Gorai.008G016300.1_P1_Aza060_3	665	0/1	40	35	NA	75	3823	12	53	47	NA	0.313889615485221
1189_Gorai.008G016300.1_P1_Aza060_3	689	0/1	37	35	NA	72	3823	12	51	49	NA	0.313889615485221
1189_Gorai.008G016300.1_P1_Aza060_3	1105	1/1	4	39	NA	43	3823	12	9	91	NA	0.313889615485221
1189_Gorai.008G016300.1_P1_Aza060_3	1570	1/1	0	34	NA	34	3823	12	0	100	NA	0.313889615485221
1189_Gorai.008G016300.1_P1_Aza060_3	2847	1/1	5	17	NA	22	3823	12	23	77	NA	0.313889615485221
1189_Gorai.008G016300.1_P1_Aza060_3	3553	1/1	2	16	NA	18	3823	12	11	89	NA	0.313889615485221
12126_Gorai.001G182500.1_Aza060	874	0/1	5	4	NA	9	1131	1	56	44	NA	0.0884173297966401
12729_Gorai.002G268400.1_Aza060_3	1246	1/1	2	3	NA	5	2380	3	40	60	NA	0.126050420168067
12729_Gorai.002G268400.1_Aza060_3	1286	1/1	1	4	NA	5	2380	3	20	80	NA	0.126050420168067
12729_Gorai.002G268400.1_Aza060_3	2023	1/1	0	13	NA	13	2380	3	0	100	NA	0.126050420168067
13314_Gorai.009G198600.1_Aza060	1393	1/1	2	10	NA	12	1969	4	17	83	NA	0.203148806500762
13314_Gorai.009G198600.1_Aza060	1407	1/1	2	10	NA	12	1969	4	17	83	NA	0.203148806500762
13314_Gorai.009G198600.1_Aza060	1412	1/1	2	11	NA	13	1969	4	15	85	NA	0.203148806500762
13314_Gorai.009G198600.1_Aza060	1477	1/1	0	9	NA	9	1969	4	0	100	NA	0.203148806500762
13380_Gorai.012G123900.8_Aza060	703	1/1	1	13	NA	14	1773	1	7	93	NA	0.0564015792442188
13692_Gorai.005G223700.2_P1_Aza060_3	1306	1/1	0	6	NA	6	1445	2	0	100	NA	0.13840830449827
13692_Gorai.005G223700.2_P1_Aza060_3	1346	1/1	0	7	NA	7	1445	2	0	100	NA	0.13840830449827
13692_Gorai.005G223700.2_P2_Aza060	900	1/1	0	16	NA	16	1345	4	0	100	NA	0.297397769516729
13692_Gorai.005G223700.2_P2_Aza060	971	1/1	0	7	NA	7	1345	4	0	100	NA	0.297397769516729
13692_Gorai.005G223700.2_P2_Aza060	981	1/1	0	7	NA	7	1345	4	0	100	NA	0.297397769516729
13692_Gorai.005G223700.2_P2_Aza060	990	1/1	0	5	NA	5	1345	4	0	100	NA	0.297397769516729
13692_Gorai.005G223700.2_P2_Aza060_3	713	1/1	0	6	NA	6	1345	14	0	100	NA	1.04089219330855
13692_Gorai.005G223700.2_P2_Aza060_3	715	1/1	0	6	NA	6	1345	14	0	100	NA	1.04089219330855
13692_Gorai.005G223700.2_P2_Aza060_3	716	1/1	0	6	NA	6	1345	14	0	100	NA	1.04089219330855
13692_Gorai.005G223700.2_P2_Aza060_3	718	1/1	0	6	NA	6	1345	14	0	100	NA	1.04089219330855
13692_Gorai.005G223700.2_P2_Aza060_3	822	1/1	0	9	NA	9	1345	14	0	100	NA	1.04089219330855
13692_Gorai.005G223700.2_P2_Aza060_3	827	1/1	0	9	NA	9	1345	14	0	100	NA	1.04089219330855
13692_Gorai.005G223700.2_P2_Aza060_3	834	1/1	0	8	NA	8	1345	14	0	100	NA	1.04089219330855
13692_Gorai.005G223700.2_P2_Aza060_3	864	1/1	0	10	NA	10	1345	14	0	100	NA	1.04089219330855
13692_Gorai.005G223700.2_P2_Aza060_3	900	1/1	0	12	NA	12	1345	14	0	100	NA	1.04089219330855
13692_Gorai.005G223700.2_P2_Aza060_3	945	1/1	0	7	NA	7	1345	14	0	100	NA	1.04089219330855
13692_Gorai.005G223700.2_P2_Aza060_3	971	1/1	0	7	NA	7	1345	14	0	100	NA	1.04089219330855
13692_Gorai.005G223700.2_P2_Aza060_3	981	1/1	0	7	NA	7	1345	14	0	100	NA	1.04089219330855
13692_Gorai.005G223700.2_P2_Aza060_3	990	1/1	0	5	NA	5	1345	14	0	100	NA	1.04089219330855
13692_Gorai.005G223700.2_P2_Aza060_3	1008	1/1	0	4	NA	4	1345	14	0	100	NA	1.04089219330855
1379_Gorai.007G259700.2_P2_Aza060	145	1/1	3	8	NA	11	3578	5	27	73	NA	0.139742873113471
1379_Gorai.007G259700.2_P2_Aza060	188	1/1	3	14	NA	17	3578	5	18	82	NA	0.139742873113471
1379_Gorai.007G259700.2_P2_Aza060	254	1/1	3	12	NA	15	3578	5	20	80	NA	0.139742873113471
1379_Gorai.007G259700.2_P2_Aza060	330	1/1	3	17	NA	20	3578	5	15	85	NA	0.139742873113471
1379_Gorai.007G259700.2_P2_Aza060	556	1/1	0	8	NA	8	3578	5	0	100	NA	0.139742873113471
1379_Gorai.007G259700.2_P2_Aza060_3	145	1/1	3	17	NA	20	3578	10	15	85	NA	0.279485746226942
1379_Gorai.007G259700.2_P2_Aza060_3	254	1/1	2	18	NA	20	3578	10	10	90	NA	0.279485746226942
1379_Gorai.007G259700.2_P2_Aza060_3	330	1/1	2	12	NA	14	3578	10	14	86	NA	0.279485746226942
1379_Gorai.007G259700.2_P2_Aza060_3	556	1/1	1	5	NA	6	3578	10	17	83	NA	0.279485746226942
1379_Gorai.007G259700.2_P2_Aza060_3	559	1/1	1	5	NA	6	3578	10	17	83	NA	0.279485746226942
1379_Gorai.007G259700.2_P2_Aza060_3	567	1/1	1	3	NA	4	3578	10	25	75	NA	0.279485746226942
1379_Gorai.007G259700.2_P2_Aza060_3	572	1/1	0	4	NA	4	3578	10	0	100	NA	0.279485746226942
1379_Gorai.007G259700.2_P2_Aza060_3	2509	1/1	7	7	NA	14	3578	10	50	50	NA	0.279485746226942
1379_Gorai.007G259700.2_P2_Aza060_3	2515	1/1	7	7	NA	14	3578	10	50	50	NA	0.279485746226942
1379_Gorai.007G259700.2_P2_Aza060_3	2758	1/1	5	7	NA	12	3578	10	42	58	NA	0.279485746226942
1413_Gorai.001G037900.1_P2_Aza060	116	0/1	16	7	NA	23	3048	17	70	30	NA	0.557742782152231
1413_Gorai.001G037900.1_P2_Aza060	217	0/1	6	27	NA	33	3048	17	18	82	NA	0.557742782152231
1413_Gorai.001G037900.1_P2_Aza060	224	0/1	6	26	NA	32	3048	17	19	81	NA	0.557742782152231
1413_Gorai.001G037900.1_P2_Aza060	225	0/1	6	26	NA	32	3048	17	19	81	NA	0.557742782152231
1413_Gorai.001G037900.1_P2_Aza060	293	1/1	2	32	NA	34	3048	17	6	94	NA	0.557742782152231
1413_Gorai.001G037900.1_P2_Aza060	335	1/1	0	33	NA	33	3048	17	0	100	NA	0.557742782152231
1413_Gorai.001G037900.1_P2_Aza060	392	1/1	0	29	NA	29	3048	17	0	100	NA	0.557742782152231
1413_Gorai.001G037900.1_P2_Aza060	1857	1/1	1	32	NA	33	3048	17	3	97	NA	0.557742782152231
1413_Gorai.001G037900.1_P2_Aza060	2090	1/1	0	29	NA	29	3048	17	0	100	NA	0.557742782152231
1413_Gorai.001G037900.1_P2_Aza060	2135	1/1	0	14	NA	14	3048	17	0	100	NA	0.557742782152231
1413_Gorai.001G037900.1_P2_Aza060	2147	1/1	0	11	NA	11	3048	17	0	100	NA	0.557742782152231
1413_Gorai.001G037900.1_P2_Aza060	2158	1/1	0	10	NA	10	3048	17	0	100	NA	0.557742782152231
1413_Gorai.001G037900.1_P2_Aza060	2168	1/1	0	7	NA	7	3048	17	0	100	NA	0.557742782152231
1413_Gorai.001G037900.1_P2_Aza060	2185	1/1	0	6	NA	6	3048	17	0	100	NA	0.557742782152231
1413_Gorai.001G037900.1_P2_Aza060	2768	1/1	4	21	NA	25	3048	17	16	84	NA	0.557742782152231
1413_Gorai.001G037900.1_P2_Aza060	2809	1/1	6	25	NA	31	3048	17	19	81	NA	0.557742782152231
1413_Gorai.001G037900.1_P2_Aza060	2877	1/1	6	27	NA	33	3048	17	18	82	NA	0.557742782152231
1413_Gorai.001G037900.1_P2_Aza060_3	44	1/1	6	3	NA	9	3048	22	67	33	NA	0.721784776902887
1413_Gorai.001G037900.1_P2_Aza060_3	53	1/1	4	7	NA	11	3048	22	36	64	NA	0.721784776902887
1413_Gorai.001G037900.1_P2_Aza060_3	293	1/1	5	23	NA	28	3048	22	18	82	NA	0.721784776902887
1413_Gorai.001G037900.1_P2_Aza060_3	305	0/1	12	13	NA	25	3048	22	48	52	NA	0.721784776902887
1413_Gorai.001G037900.1_P2_Aza060_3	335	1/1	0	20	NA	20	3048	22	0	100	NA	0.721784776902887
1413_Gorai.001G037900.1_P2_Aza060_3	392	1/1	0	17	NA	17	3048	22	0	100	NA	0.721784776902887
1413_Gorai.001G037900.1_P2_Aza060_3	404	1/1	0	13	NA	13	3048	22	0	100	NA	0.721784776902887
1413_Gorai.001G037900.1_P2_Aza060_3	431	1/1	0	9	NA	9	3048	22	0	100	NA	0.721784776902887
1413_Gorai.001G037900.1_P2_Aza060_3	439	1/1	1	8	NA	9	3048	22	11	89	NA	0.721784776902887
1413_Gorai.001G037900.1_P2_Aza060_3	443	1/1	0	8	NA	8	3048	22	0	100	NA	0.721784776902887
1413_Gorai.001G037900.1_P2_Aza060_3	448	0/1	3	5	NA	8	3048	22	38	62	NA	0.721784776902887
1413_Gorai.001G037900.1_P2_Aza060_3	452	1/1	0	7	NA	7	3048	22	0	100	NA	0.721784776902887
1413_Gorai.001G037900.1_P2_Aza060_3	1787	1/1	0	17	NA	17	3048	22	0	100	NA	0.721784776902887
1413_Gorai.001G037900.1_P2_Aza060_3	1857	1/1	4	24	NA	28	3048	22	14	86	NA	0.721784776902887
1413_Gorai.001G037900.1_P2_Aza060_3	1934	1/1	4	26	NA	30	3048	22	13	87	NA	0.721784776902887
1413_Gorai.001G037900.1_P2_Aza060_3	1953	1/1	5	25	NA	30	3048	22	17	83	NA	0.721784776902887
1413_Gorai.001G037900.1_P2_Aza060_3	2086	0/1	10	10	NA	20	3048	22	50	50	NA	0.721784776902887
1413_Gorai.001G037900.1_P2_Aza060_3	2090	1/1	0	20	NA	20	3048	22	0	100	NA	0.721784776902887
1413_Gorai.001G037900.1_P2_Aza060_3	2135	1/1	0	13	NA	13	3048	22	0	100	NA	0.721784776902887
1413_Gorai.001G037900.1_P2_Aza060_3	2147	1/1	0	12	NA	12	3048	22	0	100	NA	0.721784776902887
1413_Gorai.001G037900.1_P2_Aza060_3	2158	1/1	0	11	NA	11	3048	22	0	100	NA	0.721784776902887
1413_Gorai.001G037900.1_P2_Aza060_3	2185	1/1	0	11	NA	11	3048	22	0	100	NA	0.721784776902887
1609_Gorai.007G247300.1_P1_Aza060	87	0/1	7	12	NA	19	2572	4	37	63	NA	0.15552099533437
1609_Gorai.007G247300.1_P1_Aza060	137	0/1	6	15	NA	21	2572	4	29	71	NA	0.15552099533437
1609_Gorai.007G247300.1_P1_Aza060	142	0/1	6	15	NA	21	2572	4	29	71	NA	0.15552099533437
1609_Gorai.007G247300.1_P1_Aza060	220	1/1	8	12	NA	20	2572	4	40	60	NA	0.15552099533437
1609_Gorai.007G247300.1_P1_Aza060_3	63	1/1	3	6	NA	9	2572	6	33	67	NA	0.233281493001555
1609_Gorai.007G247300.1_P1_Aza060_3	87	1/1	5	6	NA	11	2572	6	45	55	NA	0.233281493001555
1609_Gorai.007G247300.1_P1_Aza060_3	137	1/1	4	7	NA	11	2572	6	36	64	NA	0.233281493001555
1609_Gorai.007G247300.1_P1_Aza060_3	142	1/1	4	7	NA	11	2572	6	36	64	NA	0.233281493001555
1609_Gorai.007G247300.1_P1_Aza060_3	220	1/1	4	11	NA	15	2572	6	27	73	NA	0.233281493001555
1609_Gorai.007G247300.1_P1_Aza060_3	243	1/1	4	11	NA	15	2572	6	27	73	NA	0.233281493001555
16773_Gorai.001G097400.1_Aza060	514	0/1	7	3	NA	10	1919	3	70	30	NA	0.156331422615946
16773_Gorai.001G097400.1_Aza060	536	0/1	6	5	NA	11	1919	3	55	45	NA	0.156331422615946
16773_Gorai.001G097400.1_Aza060	802	1/1	1	5	NA	6	1919	3	17	83	NA	0.156331422615946
16773_Gorai.001G097400.1_Aza060_3	498	1/1	1	7	NA	8	1919	2	12	88	NA	0.104220948410631
16773_Gorai.001G097400.1_Aza060_3	802	1/1	2	9	NA	11	1919	2	18	82	NA	0.104220948410631
16799_Gorai.001G133200.2_Aza060	1449	0/1	10	6	NA	16	2376	2	62	38	NA	0.0841750841750842
16799_Gorai.001G133200.2_Aza060	1729	0/1	21	12	NA	33	2376	2	64	36	NA	0.0841750841750842
17013_Gorai.009G050600.1_Aza060	1109	0/1	5	3	NA	8	2431	3	62	38	NA	0.123406005758947
17013_Gorai.009G050600.1_Aza060	1456	0/1	6	4	NA	10	2431	3	60	40	NA	0.123406005758947
17013_Gorai.009G050600.1_Aza060	1545	0/1	10	3	NA	13	2431	3	77	23	NA	0.123406005758947
180_Gorai.004G293400.1_Aza060_3	6788	1/1	0	11	NA	11	6842	4	0	100	NA	0.0584624378836597
180_Gorai.004G293400.1_Aza060_3	6792	1/1	0	11	NA	11	6842	4	0	100	NA	0.0584624378836597
180_Gorai.004G293400.1_Aza060_3	6795	1/1	0	11	NA	11	6842	4	0	100	NA	0.0584624378836597
180_Gorai.004G293400.1_Aza060_3	6798	1/1	0	11	NA	11	6842	4	0	100	NA	0.0584624378836597
1845_Gorai.010G178200.3_Aza060	251	0/1	17	3	NA	20	822	19	85	15	NA	2.31143552311436
1845_Gorai.010G178200.3_Aza060	328	0/1	17	7	NA	24	822	19	71	29	NA	2.31143552311436
1845_Gorai.010G178200.3_Aza060	341	0/1	18	7	NA	25	822	19	72	28	NA	2.31143552311436
1845_Gorai.010G178200.3_Aza060	343	0/1	18	7	NA	25	822	19	72	28	NA	2.31143552311436
1845_Gorai.010G178200.3_Aza060	346	1/1	0	25	NA	25	822	19	0	100	NA	2.31143552311436
1845_Gorai.010G178200.3_Aza060	356	0/1	17	7	NA	24	822	19	71	29	NA	2.31143552311436
1845_Gorai.010G178200.3_Aza060	361	0/1	17	7	NA	24	822	19	71	29	NA	2.31143552311436
1845_Gorai.010G178200.3_Aza060	362	0/1	16	7	NA	23	822	19	70	30	NA	2.31143552311436
1845_Gorai.010G178200.3_Aza060	363	0/1	16	7	NA	23	822	19	70	30	NA	2.31143552311436
1845_Gorai.010G178200.3_Aza060	376	0/1	18	7	NA	25	822	19	72	28	NA	2.31143552311436
1845_Gorai.010G178200.3_Aza060	413	0/1	15	7	NA	22	822	19	68	32	NA	2.31143552311436
1845_Gorai.010G178200.3_Aza060	414	0/1	15	7	NA	22	822	19	68	32	NA	2.31143552311436
1845_Gorai.010G178200.3_Aza060	429	0/1	7	15	NA	22	822	19	32	68	NA	2.31143552311436
1845_Gorai.010G178200.3_Aza060	431	0/1	14	7	NA	21	822	19	67	33	NA	2.31143552311436
1845_Gorai.010G178200.3_Aza060	439	0/1	14	7	NA	21	822	19	67	33	NA	2.31143552311436
1845_Gorai.010G178200.3_Aza060	451	0/1	14	6	NA	20	822	19	70	30	NA	2.31143552311436
1845_Gorai.010G178200.3_Aza060	459	0/1	15	5	NA	20	822	19	75	25	NA	2.31143552311436
1845_Gorai.010G178200.3_Aza060	462	0/1	13	6	NA	19	822	19	68	32	NA	2.31143552311436
1845_Gorai.010G178200.3_Aza060	497	0/1	11	5	NA	16	822	19	69	31	NA	2.31143552311436
1845_Gorai.010G178200.3_Aza060_3	346	1/1	3	17	NA	20	822	9	15	85	NA	1.09489051094891
1845_Gorai.010G178200.3_Aza060_3	429	0/1	10	14	NA	24	822	9	42	58	NA	1.09489051094891
1845_Gorai.010G178200.3_Aza060_3	433	1/1	11	13	NA	24	822	9	46	54	NA	1.09489051094891
1845_Gorai.010G178200.3_Aza060_3	450	1/1	10	11	NA	21	822	9	48	52	NA	1.09489051094891
1845_Gorai.010G178200.3_Aza060_3	460	1/1	10	11	NA	21	822	9	48	52	NA	1.09489051094891
1845_Gorai.010G178200.3_Aza060_3	463	1/1	10	11	NA	21	822	9	48	52	NA	1.09489051094891
1845_Gorai.010G178200.3_Aza060_3	465	1/1	9	11	NA	20	822	9	45	55	NA	1.09489051094891
1845_Gorai.010G178200.3_Aza060_3	497	1/1	8	11	NA	19	822	9	42	58	NA	1.09489051094891
1845_Gorai.010G178200.3_Aza060_3	534	0/1	7	5	NA	12	822	9	58	42	NA	1.09489051094891
18825_Gorai.004G127500.3_Aza060	390	0/1	41	13	NA	54	1259	5	76	24	NA	0.39714058776807
18825_Gorai.004G127500.3_Aza060	414	0/1	41	13	NA	54	1259	5	76	24	NA	0.39714058776807
18825_Gorai.004G127500.3_Aza060	453	1/1	19	39	NA	58	1259	5	33	67	NA	0.39714058776807
18825_Gorai.004G127500.3_Aza060	883	1/1	0	49	NA	49	1259	5	0	100	NA	0.39714058776807
18825_Gorai.004G127500.3_Aza060	1075	1/1	0	28	NA	28	1259	5	0	100	NA	0.39714058776807
18825_Gorai.004G127500.3_Aza060_3	273	1/1	7	46	NA	53	1259	34	13	87	NA	2.70055599682288
18825_Gorai.004G127500.3_Aza060_3	480	1/1	28	22	NA	50	1259	34	56	44	NA	2.70055599682288
18825_Gorai.004G127500.3_Aza060_3	483	1/1	28	22	NA	50	1259	34	56	44	NA	2.70055599682288
18825_Gorai.004G127500.3_Aza060_3	492	1/1	28	23	NA	51	1259	34	55	45	NA	2.70055599682288
18825_Gorai.004G127500.3_Aza060_3	521	1/1	20	21	NA	41	1259	34	49	51	NA	2.70055599682288
18825_Gorai.004G127500.3_Aza060_3	552	1/1	4	20	NA	24	1259	34	17	83	NA	2.70055599682288
18825_Gorai.004G127500.3_Aza060_3	733	1/1	13	3	NA	16	1259	34	81	19	NA	2.70055599682288
18825_Gorai.004G127500.3_Aza060_3	734	1/1	13	3	NA	16	1259	34	81	19	NA	2.70055599682288
18825_Gorai.004G127500.3_Aza060_3	747	1/1	13	6	NA	19	1259	34	68	32	NA	2.70055599682288
18825_Gorai.004G127500.3_Aza060_3	752	1/1	12	6	NA	18	1259	34	67	33	NA	2.70055599682288
18825_Gorai.004G127500.3_Aza060_3	781	1/1	9	20	NA	29	1259	34	31	69	NA	2.70055599682288
18825_Gorai.004G127500.3_Aza060_3	784	0/1	17	12	NA	29	1259	34	59	41	NA	2.70055599682288
18825_Gorai.004G127500.3_Aza060_3	790	0/1	17	12	NA	29	1259	34	59	41	NA	2.70055599682288
18825_Gorai.004G127500.3_Aza060_3	811	0/1	17	14	NA	31	1259	34	55	45	NA	2.70055599682288
18825_Gorai.004G127500.3_Aza060_3	820	0/1	22	10	NA	32	1259	34	69	31	NA	2.70055599682288
18825_Gorai.004G127500.3_Aza060_3	829	0/1	22	11	NA	33	1259	34	67	33	NA	2.70055599682288
18825_Gorai.004G127500.3_Aza060_3	859	0/1	15	19	NA	34	1259	34	44	56	NA	2.70055599682288
18825_Gorai.004G127500.3_Aza060_3	880	0/1	20	16	NA	36	1259	34	56	44	NA	2.70055599682288
18825_Gorai.004G127500.3_Aza060_3	883	1/1	2	33	NA	35	1259	34	6	94	NA	2.70055599682288
18825_Gorai.004G127500.3_Aza060_3	889	0/1	19	17	NA	36	1259	34	53	47	NA	2.70055599682288
18825_Gorai.004G127500.3_Aza060_3	910	0/1	19	18	NA	37	1259	34	51	49	NA	2.70055599682288
18825_Gorai.004G127500.3_Aza060_3	955	0/1	22	18	NA	40	1259	34	55	45	NA	2.70055599682288
18825_Gorai.004G127500.3_Aza060_3	970	0/1	19	17	NA	36	1259	34	53	47	NA	2.70055599682288
18825_Gorai.004G127500.3_Aza060_3	979	0/1	18	18	NA	36	1259	34	50	50	NA	2.70055599682288
18825_Gorai.004G127500.3_Aza060_3	994	0/1	17	16	NA	33	1259	34	52	48	NA	2.70055599682288
18825_Gorai.004G127500.3_Aza060_3	997	0/1	16	17	NA	33	1259	34	48	52	NA	2.70055599682288
18825_Gorai.004G127500.3_Aza060_3	1020	0/1	20	7	NA	27	1259	34	74	26	NA	2.70055599682288
18825_Gorai.004G127500.3_Aza060_3	1033	0/1	12	13	NA	25	1259	34	48	52	NA	2.70055599682288
18825_Gorai.004G127500.3_Aza060_3	1039	0/1	10	13	NA	23	1259	34	43	57	NA	2.70055599682288
18825_Gorai.004G127500.3_Aza060_3	1066	1/2	2	8	10	20	1259	34	10	40	50	2.70055599682288
18825_Gorai.004G127500.3_Aza060_3	1075	1/1	2	17	NA	19	1259	34	11	89	NA	2.70055599682288
18825_Gorai.004G127500.3_Aza060_3	1081	1/2	2	7	9	18	1259	34	11	39	50	2.70055599682288
18825_Gorai.004G127500.3_Aza060_3	1096	0/1	8	9	NA	17	1259	34	47	53	NA	2.70055599682288
18825_Gorai.004G127500.3_Aza060_3	1102	0/1	7	7	NA	14	1259	34	50	50	NA	2.70055599682288
18966_Gorai.006G049000.1_P1_Aza060	27	1/1	2	4	NA	6	1705	23	33	67	NA	1.34897360703812
18966_Gorai.006G049000.1_P1_Aza060	33	1/1	1	5	NA	6	1705	23	17	83	NA	1.34897360703812
18966_Gorai.006G049000.1_P1_Aza060	36	1/1	1	6	NA	7	1705	23	14	86	NA	1.34897360703812
18966_Gorai.006G049000.1_P1_Aza060	99	1/1	2	14	NA	16	1705	23	12	88	NA	1.34897360703812
18966_Gorai.006G049000.1_P1_Aza060	108	1/1	2	13	NA	15	1705	23	13	87	NA	1.34897360703812
18966_Gorai.006G049000.1_P1_Aza060	123	1/1	5	14	NA	19	1705	23	26	74	NA	1.34897360703812
18966_Gorai.006G049000.1_P1_Aza060	144	0/1	16	8	NA	24	1705	23	67	33	NA	1.34897360703812
18966_Gorai.006G049000.1_P1_Aza060	159	0/1	18	9	NA	27	1705	23	67	33	NA	1.34897360703812
18966_Gorai.006G049000.1_P1_Aza060	180	0/1	25	9	NA	34	1705	23	74	26	NA	1.34897360703812
18966_Gorai.006G049000.1_P1_Aza060	189	0/1	11	25	NA	36	1705	23	31	69	NA	1.34897360703812
18966_Gorai.006G049000.1_P1_Aza060	198	0/1	31	5	NA	36	1705	23	86	14	NA	1.34897360703812
18966_Gorai.006G049000.1_P1_Aza060	216	0/1	14	20	NA	34	1705	23	41	59	NA	1.34897360703812
18966_Gorai.006G049000.1_P1_Aza060	225	0/1	20	14	NA	34	1705	23	59	41	NA	1.34897360703812
18966_Gorai.006G049000.1_P1_Aza060	255	0/1	23	7	NA	30	1705	23	77	23	NA	1.34897360703812
18966_Gorai.006G049000.1_P1_Aza060	282	0/1	4	21	NA	25	1705	23	16	84	NA	1.34897360703812
18966_Gorai.006G049000.1_P1_Aza060	309	0/1	9	15	NA	24	1705	23	38	62	NA	1.34897360703812
18966_Gorai.006G049000.1_P1_Aza060	345	1/1	0	15	NA	15	1705	23	0	100	NA	1.34897360703812
18966_Gorai.006G049000.1_P1_Aza060	405	1/1	0	7	NA	7	1705	23	0	100	NA	1.34897360703812
18966_Gorai.006G049000.1_P1_Aza060	1294	1/1	9	46	NA	55	1705	23	16	84	NA	1.34897360703812
18966_Gorai.006G049000.1_P1_Aza060	1327	1/1	12	50	NA	62	1705	23	19	81	NA	1.34897360703812
18966_Gorai.006G049000.1_P1_Aza060	1457	0/1	58	16	NA	74	1705	23	78	22	NA	1.34897360703812
18966_Gorai.006G049000.1_P1_Aza060	1522	0/1	27	43	NA	70	1705	23	39	61	NA	1.34897360703812
18966_Gorai.006G049000.1_P1_Aza060	1600	0/1	18	29	NA	47	1705	23	38	62	NA	1.34897360703812
18966_Gorai.006G049000.1_P1_Aza060_3	36	1/1	3	7	NA	10	1705	43	30	70	NA	2.52199413489736
18966_Gorai.006G049000.1_P1_Aza060_3	49	0/1	8	4	NA	12	1705	43	67	33	NA	2.52199413489736
18966_Gorai.006G049000.1_P1_Aza060_3	72	0/1	10	4	NA	14	1705	43	71	29	NA	2.52199413489736
18966_Gorai.006G049000.1_P1_Aza060_3	81	0/1	10	8	NA	18	1705	43	56	44	NA	2.52199413489736
18966_Gorai.006G049000.1_P1_Aza060_3	90	0/1	10	9	NA	19	1705	43	53	47	NA	2.52199413489736
18966_Gorai.006G049000.1_P1_Aza060_3	96	0/1	10	11	NA	21	1705	43	48	52	NA	2.52199413489736
18966_Gorai.006G049000.1_P1_Aza060_3	97	0/1	17	4	NA	21	1705	43	81	19	NA	2.52199413489736
18966_Gorai.006G049000.1_P1_Aza060_3	99	0/1	18	4	NA	22	1705	43	82	18	NA	2.52199413489736
18966_Gorai.006G049000.1_P1_Aza060_3	111	0/1	15	10	NA	25	1705	43	60	40	NA	2.52199413489736
18966_Gorai.006G049000.1_P1_Aza060_3	114	0/1	21	4	NA	25	1705	43	84	16	NA	2.52199413489736
18966_Gorai.006G049000.1_P1_Aza060_3	115	0/1	21	4	NA	25	1705	43	84	16	NA	2.52199413489736
18966_Gorai.006G049000.1_P1_Aza060_3	117	0/1	21	4	NA	25	1705	43	84	16	NA	2.52199413489736
18966_Gorai.006G049000.1_P1_Aza060_3	132	0/1	19	12	NA	31	1705	43	61	39	NA	2.52199413489736
18966_Gorai.006G049000.1_P1_Aza060_3	144	0/1	26	9	NA	35	1705	43	74	26	NA	2.52199413489736
18966_Gorai.006G049000.1_P1_Aza060_3	147	0/1	22	13	NA	35	1705	43	63	37	NA	2.52199413489736
18966_Gorai.006G049000.1_P1_Aza060_3	159	0/1	28	10	NA	38	1705	43	74	26	NA	2.52199413489736
18966_Gorai.006G049000.1_P1_Aza060_3	189	0/1	23	19	NA	42	1705	43	55	45	NA	2.52199413489736
18966_Gorai.006G049000.1_P1_Aza060_3	219	0/1	33	18	NA	51	1705	43	65	35	NA	2.52199413489736
18966_Gorai.006G049000.1_P1_Aza060_3	225	0/1	39	12	NA	51	1705	43	76	24	NA	2.52199413489736
18966_Gorai.006G049000.1_P1_Aza060_3	243	0/1	36	16	NA	52	1705	43	69	31	NA	2.52199413489736
18966_Gorai.006G049000.1_P1_Aza060_3	279	0/1	33	15	NA	48	1705	43	69	31	NA	2.52199413489736
18966_Gorai.006G049000.1_P1_Aza060_3	285	0/1	40	6	NA	46	1705	43	87	13	NA	2.52199413489736
18966_Gorai.006G049000.1_P1_Aza060_3	294	0/1	18	12	NA	30	1705	43	60	40	NA	2.52199413489736
18966_Gorai.006G049000.1_P1_Aza060_3	309	0/1	29	11	NA	40	1705	43	72	28	NA	2.52199413489736
18966_Gorai.006G049000.1_P1_Aza060_3	337	0/1	26	10	NA	36	1705	43	72	28	NA	2.52199413489736
18966_Gorai.006G049000.1_P1_Aza060_3	348	0/1	9	11	NA	20	1705	43	45	55	NA	2.52199413489736
18966_Gorai.006G049000.1_P1_Aza060_3	351	0/1	20	11	NA	31	1705	43	65	35	NA	2.52199413489736
18966_Gorai.006G049000.1_P1_Aza060_3	358	0/1	24	4	NA	28	1705	43	86	14	NA	2.52199413489736
18966_Gorai.006G049000.1_P1_Aza060_3	413	0/1	1	5	NA	6	1705	43	17	83	NA	2.52199413489736
18966_Gorai.006G049000.1_P1_Aza060_3	874	1/1	1	17	NA	18	1705	43	6	94	NA	2.52199413489736
18966_Gorai.006G049000.1_P1_Aza060_3	1099	1/1	21	17	NA	38	1705	43	55	45	NA	2.52199413489736
18966_Gorai.006G049000.1_P1_Aza060_3	1294	1/1	3	62	NA	65	1705	43	5	95	NA	2.52199413489736
18966_Gorai.006G049000.1_P1_Aza060_3	1327	1/1	5	69	NA	74	1705	43	7	93	NA	2.52199413489736
18966_Gorai.006G049000.1_P1_Aza060_3	1393	0/1	51	30	NA	81	1705	43	63	37	NA	2.52199413489736
18966_Gorai.006G049000.1_P1_Aza060_3	1402	0/1	51	33	NA	84	1705	43	61	39	NA	2.52199413489736
18966_Gorai.006G049000.1_P1_Aza060_3	1483	0/1	46	37	NA	83	1705	43	55	45	NA	2.52199413489736
18966_Gorai.006G049000.1_P1_Aza060_3	1495	0/1	31	36	NA	67	1705	43	46	54	NA	2.52199413489736
18966_Gorai.006G049000.1_P1_Aza060_3	1552	0/1	38	32	NA	70	1705	43	54	46	NA	2.52199413489736
18966_Gorai.006G049000.1_P1_Aza060_3	1573	0/1	26	27	NA	53	1705	43	49	51	NA	2.52199413489736
18966_Gorai.006G049000.1_P1_Aza060_3	1576	0/1	19	34	NA	53	1705	43	36	64	NA	2.52199413489736
18966_Gorai.006G049000.1_P1_Aza060_3	1612	1/1	20	22	NA	42	1705	43	48	52	NA	2.52199413489736
18966_Gorai.006G049000.1_P1_Aza060_3	1628	1/1	17	20	NA	37	1705	43	46	54	NA	2.52199413489736
18966_Gorai.006G049000.1_P1_Aza060_3	1636	1/1	14	20	NA	34	1705	43	41	59	NA	2.52199413489736
19864_Gorai.001G236500.2_P3_Aza060	878	1/1	1	7	NA	8	1320	10	12	88	NA	0.757575757575758
19864_Gorai.001G236500.2_P3_Aza060	969	0/1	13	10	NA	23	1320	10	57	43	NA	0.757575757575758
19864_Gorai.001G236500.2_P3_Aza060	1013	0/1	14	13	NA	27	1320	10	52	48	NA	0.757575757575758
19864_Gorai.001G236500.2_P3_Aza060	1022	0/1	13	15	NA	28	1320	10	46	54	NA	0.757575757575758
19864_Gorai.001G236500.2_P3_Aza060	1045	0/1	16	16	NA	32	1320	10	50	50	NA	0.757575757575758
19864_Gorai.001G236500.2_P3_Aza060	1047	0/1	17	16	NA	33	1320	10	52	48	NA	0.757575757575758
19864_Gorai.001G236500.2_P3_Aza060	1069	0/1	21	13	NA	34	1320	10	62	38	NA	0.757575757575758
19864_Gorai.001G236500.2_P3_Aza060	1103	1/1	8	23	NA	31	1320	10	26	74	NA	0.757575757575758
19864_Gorai.001G236500.2_P3_Aza060	1110	1/1	8	25	NA	33	1320	10	24	76	NA	0.757575757575758
19864_Gorai.001G236500.2_P3_Aza060	1170	0/1	9	14	NA	23	1320	10	39	61	NA	0.757575757575758
19864_Gorai.001G236500.2_P3_Aza060_3	878	1/1	1	4	NA	5	1320	28	20	80	NA	2.12121212121212
19864_Gorai.001G236500.2_P3_Aza060_3	879	1/1	1	3	NA	4	1320	28	25	75	NA	2.12121212121212
19864_Gorai.001G236500.2_P3_Aza060_3	897	1/1	1	6	NA	7	1320	28	14	86	NA	2.12121212121212
19864_Gorai.001G236500.2_P3_Aza060_3	911	0/1	4	4	NA	8	1320	28	50	50	NA	2.12121212121212
19864_Gorai.001G236500.2_P3_Aza060_3	926	0/1	8	2	NA	10	1320	28	80	20	NA	2.12121212121212
19864_Gorai.001G236500.2_P3_Aza060_3	927	0/1	8	2	NA	10	1320	28	80	20	NA	2.12121212121212
19864_Gorai.001G236500.2_P3_Aza060_3	930	0/1	6	4	NA	10	1320	28	60	40	NA	2.12121212121212
19864_Gorai.001G236500.2_P3_Aza060_3	939	0/1	6	5	NA	11	1320	28	55	45	NA	2.12121212121212
19864_Gorai.001G236500.2_P3_Aza060_3	948	0/1	6	5	NA	11	1320	28	55	45	NA	2.12121212121212
19864_Gorai.001G236500.2_P3_Aza060_3	960	0/1	7	6	NA	13	1320	28	54	46	NA	2.12121212121212
19864_Gorai.001G236500.2_P3_Aza060_3	963	0/1	7	6	NA	13	1320	28	54	46	NA	2.12121212121212
19864_Gorai.001G236500.2_P3_Aza060_3	972	1/2	1	6	7	14	1320	28	7	43	50	2.12121212121212
19864_Gorai.001G236500.2_P3_Aza060_3	981	0/1	8	6	NA	14	1320	28	57	43	NA	2.12121212121212
19864_Gorai.001G236500.2_P3_Aza060_3	987	0/1	7	7	NA	14	1320	28	50	50	NA	2.12121212121212
19864_Gorai.001G236500.2_P3_Aza060_3	990	0/1	7	7	NA	14	1320	28	50	50	NA	2.12121212121212
19864_Gorai.001G236500.2_P3_Aza060_3	996	1/1	1	15	NA	16	1320	28	6	94	NA	2.12121212121212
19864_Gorai.001G236500.2_P3_Aza060_3	1011	0/1	6	9	NA	15	1320	28	40	60	NA	2.12121212121212
19864_Gorai.001G236500.2_P3_Aza060_3	1026	0/1	9	12	NA	21	1320	28	43	57	NA	2.12121212121212
19864_Gorai.001G236500.2_P3_Aza060_3	1041	0/1	11	12	NA	23	1320	28	48	52	NA	2.12121212121212
19864_Gorai.001G236500.2_P3_Aza060_3	1068	0/1	12	10	NA	22	1320	28	55	45	NA	2.12121212121212
19864_Gorai.001G236500.2_P3_Aza060_3	1073	0/1	13	10	NA	23	1320	28	57	43	NA	2.12121212121212
19864_Gorai.001G236500.2_P3_Aza060_3	1103	1/1	5	17	NA	22	1320	28	23	77	NA	2.12121212121212
19864_Gorai.001G236500.2_P3_Aza060_3	1104	0/1	13	8	NA	21	1320	28	62	38	NA	2.12121212121212
19864_Gorai.001G236500.2_P3_Aza060_3	1110	1/1	5	16	NA	21	1320	28	24	76	NA	2.12121212121212
19864_Gorai.001G236500.2_P3_Aza060_3	1116	0/1	12	8	NA	20	1320	28	60	40	NA	2.12121212121212
19864_Gorai.001G236500.2_P3_Aza060_3	1147	0/1	14	5	NA	19	1320	28	74	26	NA	2.12121212121212
19864_Gorai.001G236500.2_P3_Aza060_3	1179	0/1	9	7	NA	16	1320	28	56	44	NA	2.12121212121212
19864_Gorai.001G236500.2_P3_Aza060_3	1216	1/1	5	4	NA	9	1320	28	56	44	NA	2.12121212121212
19957_Gorai.004G097000.1_Aza060	603	0/1	5	4	NA	9	1010	1	56	44	NA	0.099009900990099
20156_Gorai.004G099500.2_Aza060	597	1/1	1	5	NA	6	1382	1	17	83	NA	0.0723589001447178
20686_Gorai.013G120800.2_P1_Aza060	28	1/1	2	3	NA	5	1773	6	40	60	NA	0.338409475465313
20686_Gorai.013G120800.2_P1_Aza060	46	1/1	2	3	NA	5	1773	6	40	60	NA	0.338409475465313
20686_Gorai.013G120800.2_P1_Aza060	55	1/1	2	3	NA	5	1773	6	40	60	NA	0.338409475465313
20686_Gorai.013G120800.2_P1_Aza060	100	1/1	1	3	NA	4	1773	6	25	75	NA	0.338409475465313
20686_Gorai.013G120800.2_P1_Aza060	103	1/1	1	3	NA	4	1773	6	25	75	NA	0.338409475465313
20686_Gorai.013G120800.2_P1_Aza060	127	1/1	1	3	NA	4	1773	6	25	75	NA	0.338409475465313
20686_Gorai.013G120800.2_P1_Aza060_3	1664	1/1	0	25	NA	25	1773	1	0	100	NA	0.0564015792442188
20778_Gorai.005G183500.2_P1_Aza060_3	273	1/1	3	3	NA	6	1246	7	50	50	NA	0.561797752808989
20778_Gorai.005G183500.2_P1_Aza060_3	298	1/1	3	3	NA	6	1246	7	50	50	NA	0.561797752808989
20778_Gorai.005G183500.2_P1_Aza060_3	316	1/1	3	3	NA	6	1246	7	50	50	NA	0.561797752808989
20778_Gorai.005G183500.2_P1_Aza060_3	375	1/1	3	3	NA	6	1246	7	50	50	NA	0.561797752808989
20778_Gorai.005G183500.2_P1_Aza060_3	397	1/1	3	3	NA	6	1246	7	50	50	NA	0.561797752808989
20778_Gorai.005G183500.2_P1_Aza060_3	403	1/1	0	3	NA	3	1246	7	0	100	NA	0.561797752808989
20778_Gorai.005G183500.2_P1_Aza060_3	433	1/1	0	5	NA	5	1246	7	0	100	NA	0.561797752808989
20778_Gorai.005G183500.2_P2_Aza060	509	0/1	5	2	NA	7	1328	4	71	29	NA	0.301204819277108
20778_Gorai.005G183500.2_P2_Aza060	590	0/1	16	5	NA	21	1328	4	76	24	NA	0.301204819277108
20778_Gorai.005G183500.2_P2_Aza060	821	0/1	5	3	NA	8	1328	4	62	38	NA	0.301204819277108
20778_Gorai.005G183500.2_P2_Aza060	1044	0/1	13	4	NA	17	1328	4	76	24	NA	0.301204819277108
20954_Gorai.007G002100.1_Aza060_3	1075	1/1	0	16	NA	16	1462	1	0	100	NA	0.0683994528043776
20969_Gorai.009G224800.1_P1_Aza060	36	0/1	6	3	NA	9	1086	17	67	33	NA	1.56537753222836
20969_Gorai.009G224800.1_P1_Aza060	54	0/1	6	3	NA	9	1086	17	67	33	NA	1.56537753222836
20969_Gorai.009G224800.1_P1_Aza060	69	0/1	7	3	NA	10	1086	17	70	30	NA	1.56537753222836
20969_Gorai.009G224800.1_P1_Aza060	102	0/1	7	3	NA	10	1086	17	70	30	NA	1.56537753222836
20969_Gorai.009G224800.1_P1_Aza060	109	0/1	7	3	NA	10	1086	17	70	30	NA	1.56537753222836
20969_Gorai.009G224800.1_P1_Aza060	111	0/1	7	3	NA	10	1086	17	70	30	NA	1.56537753222836
20969_Gorai.009G224800.1_P1_Aza060	114	0/1	7	3	NA	10	1086	17	70	30	NA	1.56537753222836
20969_Gorai.009G224800.1_P1_Aza060	132	0/1	7	3	NA	10	1086	17	70	30	NA	1.56537753222836
20969_Gorai.009G224800.1_P1_Aza060	138	0/1	7	3	NA	10	1086	17	70	30	NA	1.56537753222836
20969_Gorai.009G224800.1_P1_Aza060	144	0/1	7	3	NA	10	1086	17	70	30	NA	1.56537753222836
20969_Gorai.009G224800.1_P1_Aza060	165	0/1	7	3	NA	10	1086	17	70	30	NA	1.56537753222836
20969_Gorai.009G224800.1_P1_Aza060	180	0/1	7	3	NA	10	1086	17	70	30	NA	1.56537753222836
20969_Gorai.009G224800.1_P1_Aza060	186	0/1	6	3	NA	9	1086	17	67	33	NA	1.56537753222836
20969_Gorai.009G224800.1_P1_Aza060	192	0/1	6	3	NA	9	1086	17	67	33	NA	1.56537753222836
20969_Gorai.009G224800.1_P1_Aza060	399	0/1	5	6	NA	11	1086	17	45	55	NA	1.56537753222836
20969_Gorai.009G224800.1_P1_Aza060	420	0/1	5	6	NA	11	1086	17	45	55	NA	1.56537753222836
20969_Gorai.009G224800.1_P1_Aza060	423	0/1	5	6	NA	11	1086	17	45	55	NA	1.56537753222836
2174_Gorai.008G218700.1_Aza060	3502	1/1	10	15	NA	25	3920	3	40	60	NA	0.076530612244898
2174_Gorai.008G218700.1_Aza060	3606	1/1	7	21	NA	28	3920	3	25	75	NA	0.076530612244898
2174_Gorai.008G218700.1_Aza060	3625	1/1	9	20	NA	29	3920	3	31	69	NA	0.076530612244898
2174_Gorai.008G218700.1_Aza060_3	3502	1/1	2	18	NA	20	3920	3	10	90	NA	0.076530612244898
2174_Gorai.008G218700.1_Aza060_3	3606	1/1	3	31	NA	34	3920	3	9	91	NA	0.076530612244898
2174_Gorai.008G218700.1_Aza060_3	3697	1/1	9	20	NA	29	3920	3	31	69	NA	0.076530612244898
22470_Gorai.008G061000.1_P1_Aza060	1279	1/1	6	10	NA	16	1452	3	38	62	NA	0.206611570247934
22470_Gorai.008G061000.1_P1_Aza060	1326	1/1	0	10	NA	10	1452	3	0	100	NA	0.206611570247934
22470_Gorai.008G061000.1_P1_Aza060	1397	1/1	0	10	NA	10	1452	3	0	100	NA	0.206611570247934
22470_Gorai.008G061000.1_P1_Aza060_3	1254	1/1	1	17	NA	18	1452	2	6	94	NA	0.137741046831956
22470_Gorai.008G061000.1_P1_Aza060_3	1279	1/1	1	16	NA	17	1452	2	6	94	NA	0.137741046831956
22470_Gorai.008G061000.1_P2_Aza060	396	1/1	0	4	NA	4	1017	7	0	100	NA	0.688298918387414
22470_Gorai.008G061000.1_P2_Aza060	401	1/1	0	4	NA	4	1017	7	0	100	NA	0.688298918387414
22470_Gorai.008G061000.1_P2_Aza060	407	1/1	0	4	NA	4	1017	7	0	100	NA	0.688298918387414
22470_Gorai.008G061000.1_P2_Aza060	408	1/1	0	5	NA	5	1017	7	0	100	NA	0.688298918387414
22470_Gorai.008G061000.1_P2_Aza060	471	1/1	0	18	NA	18	1017	7	0	100	NA	0.688298918387414
22470_Gorai.008G061000.1_P2_Aza060	492	1/1	0	18	NA	18	1017	7	0	100	NA	0.688298918387414
22470_Gorai.008G061000.1_P2_Aza060	564	1/1	1	17	NA	18	1017	7	6	94	NA	0.688298918387414
22470_Gorai.008G061000.1_P2_Aza060_3	429	0/1	4	5	NA	9	1017	8	44	56	NA	0.786627335299902
22470_Gorai.008G061000.1_P2_Aza060_3	471	1/1	0	12	NA	12	1017	8	0	100	NA	0.786627335299902
22470_Gorai.008G061000.1_P2_Aza060_3	492	1/1	0	14	NA	14	1017	8	0	100	NA	0.786627335299902
22470_Gorai.008G061000.1_P2_Aza060_3	564	1/1	0	10	NA	10	1017	8	0	100	NA	0.786627335299902
22470_Gorai.008G061000.1_P2_Aza060_3	573	0/1	5	4	NA	9	1017	8	56	44	NA	0.786627335299902
22470_Gorai.008G061000.1_P2_Aza060_3	592	1/1	0	6	NA	6	1017	8	0	100	NA	0.786627335299902
22470_Gorai.008G061000.1_P2_Aza060_3	621	1/1	0	4	NA	4	1017	8	0	100	NA	0.786627335299902
22470_Gorai.008G061000.1_P2_Aza060_3	632	1/1	0	4	NA	4	1017	8	0	100	NA	0.786627335299902
22498_Gorai.008G154500.1_P1_Aza060_3	1139	1/1	0	13	NA	13	1487	5	0	100	NA	0.336247478143914
22498_Gorai.008G154500.1_P1_Aza060_3	1142	1/1	0	12	NA	12	1487	5	0	100	NA	0.336247478143914
22498_Gorai.008G154500.1_P1_Aza060_3	1143	1/1	1	11	NA	12	1487	5	8	92	NA	0.336247478143914
22498_Gorai.008G154500.1_P1_Aza060_3	1150	1/1	0	13	NA	13	1487	5	0	100	NA	0.336247478143914
22498_Gorai.008G154500.1_P1_Aza060_3	1152	1/1	0	15	NA	15	1487	5	0	100	NA	0.336247478143914
23081_Gorai.010G082500.1_Aza060	652	1/1	0	13	NA	13	1730	1	0	100	NA	0.0578034682080925
23081_Gorai.010G082500.1_Aza060_3	652	1/1	0	7	NA	7	1730	1	0	100	NA	0.0578034682080925
23196_Gorai.007G238700.2_P2_Aza060_3	23	1/1	0	8	NA	8	1535	18	0	100	NA	1.17263843648208
23196_Gorai.007G238700.2_P2_Aza060_3	32	1/1	0	11	NA	11	1535	18	0	100	NA	1.17263843648208
23196_Gorai.007G238700.2_P2_Aza060_3	48	1/1	0	13	NA	13	1535	18	0	100	NA	1.17263843648208
23196_Gorai.007G238700.2_P2_Aza060_3	51	1/1	0	13	NA	13	1535	18	0	100	NA	1.17263843648208
23196_Gorai.007G238700.2_P2_Aza060_3	52	1/1	0	13	NA	13	1535	18	0	100	NA	1.17263843648208
23196_Gorai.007G238700.2_P2_Aza060_3	59	1/1	0	15	NA	15	1535	18	0	100	NA	1.17263843648208
23196_Gorai.007G238700.2_P2_Aza060_3	645	1/1	6	7	NA	13	1535	18	46	54	NA	1.17263843648208
23196_Gorai.007G238700.2_P2_Aza060_3	853	1/1	12	3	NA	15	1535	18	80	20	NA	1.17263843648208
23196_Gorai.007G238700.2_P2_Aza060_3	860	1/1	12	3	NA	15	1535	18	80	20	NA	1.17263843648208
23196_Gorai.007G238700.2_P2_Aza060_3	868	1/1	12	3	NA	15	1535	18	80	20	NA	1.17263843648208
23196_Gorai.007G238700.2_P2_Aza060_3	871	1/1	12	3	NA	15	1535	18	80	20	NA	1.17263843648208
23196_Gorai.007G238700.2_P2_Aza060_3	883	1/1	11	3	NA	14	1535	18	79	21	NA	1.17263843648208
23196_Gorai.007G238700.2_P2_Aza060_3	907	1/1	10	3	NA	13	1535	18	77	23	NA	1.17263843648208
23196_Gorai.007G238700.2_P2_Aza060_3	908	1/1	9	3	NA	12	1535	18	75	25	NA	1.17263843648208
23196_Gorai.007G238700.2_P2_Aza060_3	919	1/1	9	3	NA	12	1535	18	75	25	NA	1.17263843648208
23196_Gorai.007G238700.2_P2_Aza060_3	925	1/1	9	3	NA	12	1535	18	75	25	NA	1.17263843648208
23196_Gorai.007G238700.2_P2_Aza060_3	928	1/1	9	3	NA	12	1535	18	75	25	NA	1.17263843648208
23196_Gorai.007G238700.2_P2_Aza060_3	931	1/1	9	3	NA	12	1535	18	75	25	NA	1.17263843648208
2321_Gorai.006G273300.2_Aza060	2041	0/1	5	3	NA	8	3405	1	62	38	NA	0.0293685756240822
24559_Gorai.013G093200.1_Aza060	333	0/1	5	3	NA	8	1124	1	62	38	NA	0.0889679715302491
2489_Gorai.006G149600.2_Aza060	3148	1/1	1	4	NA	5	3426	4	20	80	NA	0.116754232340922
2489_Gorai.006G149600.2_Aza060	3152	0/1	3	2	NA	5	3426	4	60	40	NA	0.116754232340922
2489_Gorai.006G149600.2_Aza060	3162	1/1	1	5	NA	6	3426	4	17	83	NA	0.116754232340922
2489_Gorai.006G149600.2_Aza060	3214	1/1	0	5	NA	5	3426	4	0	100	NA	0.116754232340922
2489_Gorai.006G149600.2_Aza060_3	3214	1/1	0	6	NA	6	3426	1	0	100	NA	0.0291885580852306
25187_Gorai.009G267800.3_Aza060	127	0/1	4	3	NA	7	1474	2	57	43	NA	0.135685210312076
25187_Gorai.009G267800.3_Aza060	276	0/1	4	3	NA	7	1474	2	57	43	NA	0.135685210312076
25296_Gorai.011G095000.1_Aza060	1367	0/1	7	2	NA	9	2026	1	78	22	NA	0.0493583415597236
259_Gorai.007G088700.1_Aza060	64	0/1	7	2	NA	9	6428	3	78	22	NA	0.0466708151835719
259_Gorai.007G088700.1_Aza060	1613	0/1	8	3	NA	11	6428	3	73	27	NA	0.0466708151835719
259_Gorai.007G088700.1_Aza060	5282	0/1	5	2	NA	7	6428	3	71	29	NA	0.0466708151835719
26234_Gorai.008G042900.1_Aza060_3	267	1/1	0	3	NA	3	1023	1	0	100	NA	0.0977517106549365
26615_Gorai.002G267900.1_Aza060	27	1/1	0	4	NA	4	1350	9	0	100	NA	0.666666666666667
26615_Gorai.002G267900.1_Aza060	57	1/1	0	6	NA	6	1350	9	0	100	NA	0.666666666666667
26615_Gorai.002G267900.1_Aza060	60	1/1	0	6	NA	6	1350	9	0	100	NA	0.666666666666667
26615_Gorai.002G267900.1_Aza060	156	1/1	0	6	NA	6	1350	9	0	100	NA	0.666666666666667
26615_Gorai.002G267900.1_Aza060	162	1/1	0	6	NA	6	1350	9	0	100	NA	0.666666666666667
26615_Gorai.002G267900.1_Aza060	164	1/1	0	6	NA	6	1350	9	0	100	NA	0.666666666666667
26615_Gorai.002G267900.1_Aza060	204	1/1	0	7	NA	7	1350	9	0	100	NA	0.666666666666667
26615_Gorai.002G267900.1_Aza060	218	0/1	2	5	NA	7	1350	9	29	71	NA	0.666666666666667
26615_Gorai.002G267900.1_Aza060	231	1/1	1	6	NA	7	1350	9	14	86	NA	0.666666666666667
26615_Gorai.002G267900.1_Aza060_3	27	1/1	0	5	NA	5	1350	5	0	100	NA	0.37037037037037
26615_Gorai.002G267900.1_Aza060_3	57	1/1	0	8	NA	8	1350	5	0	100	NA	0.37037037037037
26615_Gorai.002G267900.1_Aza060_3	60	1/1	0	10	NA	10	1350	5	0	100	NA	0.37037037037037
26615_Gorai.002G267900.1_Aza060_3	204	1/1	0	11	NA	11	1350	5	0	100	NA	0.37037037037037
26615_Gorai.002G267900.1_Aza060_3	231	1/1	0	9	NA	9	1350	5	0	100	NA	0.37037037037037
26754_Gorai.007G066400.1_Aza060	780	1/1	1	4	NA	5	1364	1	20	80	NA	0.0733137829912024
26765_Gorai.008G052200.2_Aza060	634	0/1	11	5	NA	16	1715	2	69	31	NA	0.116618075801749
26765_Gorai.008G052200.2_Aza060	972	0/1	9	5	NA	14	1715	2	64	36	NA	0.116618075801749
2952_Gorai.003G119600.1_Aza060	1561	1/1	0	9	NA	9	3180	2	0	100	NA	0.0628930817610063
2952_Gorai.003G119600.1_Aza060	2692	0/1	8	16	NA	24	3180	2	33	67	NA	0.0628930817610063
2952_Gorai.003G119600.1_Aza060_3	1561	1/1	0	11	NA	11	3180	2	0	100	NA	0.0628930817610063
2952_Gorai.003G119600.1_Aza060_3	2692	0/1	10	14	NA	24	3180	2	42	58	NA	0.0628930817610063
3084_Gorai.009G072000.2_Aza060	1172	1/1	0	25	NA	25	2185	4	0	100	NA	0.183066361556064
3084_Gorai.009G072000.2_Aza060	1377	1/1	15	24	NA	39	2185	4	38	62	NA	0.183066361556064
3084_Gorai.009G072000.2_Aza060	1844	1/1	1	17	NA	18	2185	4	6	94	NA	0.183066361556064
3084_Gorai.009G072000.2_Aza060	1976	1/1	2	7	NA	9	2185	4	22	78	NA	0.183066361556064
3084_Gorai.009G072000.2_Aza060_3	1172	1/1	1	24	NA	25	2185	3	4	96	NA	0.137299771167048
3084_Gorai.009G072000.2_Aza060_3	1377	0/1	15	20	NA	35	2185	3	43	57	NA	0.137299771167048
3084_Gorai.009G072000.2_Aza060_3	1844	1/1	3	17	NA	20	2185	3	15	85	NA	0.137299771167048
3168_Gorai.013G033700.2_P1_Aza060	2074	0/1	4	3	NA	7	2496	1	57	43	NA	0.0400641025641026
3168_Gorai.013G033700.2_P2_Aza060	2231	1/1	14	4	NA	18	3142	5	78	22	NA	0.159134309357097
3168_Gorai.013G033700.2_P2_Aza060	2264	1/1	16	4	NA	20	3142	5	80	20	NA	0.159134309357097
3168_Gorai.013G033700.2_P2_Aza060	2291	1/1	18	6	NA	24	3142	5	75	25	NA	0.159134309357097
3168_Gorai.013G033700.2_P2_Aza060	2306	1/1	14	6	NA	20	3142	5	70	30	NA	0.159134309357097
3168_Gorai.013G033700.2_P2_Aza060	2309	1/1	15	6	NA	21	3142	5	71	29	NA	0.159134309357097
3180_Gorai.004G175500.1_P1_Aza060	840	1/1	22	14	NA	36	1393	17	61	39	NA	1.22038765254846
3180_Gorai.004G175500.1_P1_Aza060	858	1/1	21	18	NA	39	1393	17	54	46	NA	1.22038765254846
3180_Gorai.004G175500.1_P1_Aza060	861	1/1	21	18	NA	39	1393	17	54	46	NA	1.22038765254846
3180_Gorai.004G175500.1_P1_Aza060	869	1/1	21	18	NA	39	1393	17	54	46	NA	1.22038765254846
3180_Gorai.004G175500.1_P1_Aza060	904	1/1	14	28	NA	42	1393	17	33	67	NA	1.22038765254846
3180_Gorai.004G175500.1_P1_Aza060	909	1/1	12	31	NA	43	1393	17	28	72	NA	1.22038765254846
3180_Gorai.004G175500.1_P1_Aza060	977	1/1	0	36	NA	36	1393	17	0	100	NA	1.22038765254846
3180_Gorai.004G175500.1_P1_Aza060	1026	1/1	1	32	NA	33	1393	17	3	97	NA	1.22038765254846
3180_Gorai.004G175500.1_P1_Aza060	1058	1/1	6	23	NA	29	1393	17	21	79	NA	1.22038765254846
3180_Gorai.004G175500.1_P1_Aza060	1062	1/1	8	23	NA	31	1393	17	26	74	NA	1.22038765254846
3180_Gorai.004G175500.1_P1_Aza060	1065	1/1	9	23	NA	32	1393	17	28	72	NA	1.22038765254846
3180_Gorai.004G175500.1_P1_Aza060	1072	1/1	10	23	NA	33	1393	17	30	70	NA	1.22038765254846
3180_Gorai.004G175500.1_P1_Aza060	1077	1/1	10	23	NA	33	1393	17	30	70	NA	1.22038765254846
3180_Gorai.004G175500.1_P1_Aza060	1104	1/1	15	15	NA	30	1393	17	50	50	NA	1.22038765254846
3180_Gorai.004G175500.1_P1_Aza060	1116	1/1	21	10	NA	31	1393	17	68	32	NA	1.22038765254846
3180_Gorai.004G175500.1_P1_Aza060	1119	1/1	20	10	NA	30	1393	17	67	33	NA	1.22038765254846
3180_Gorai.004G175500.1_P1_Aza060	1137	1/1	21	4	NA	25	1393	17	84	16	NA	1.22038765254846
3180_Gorai.004G175500.1_P1_Aza060_3	977	1/1	0	57	NA	57	1393	1	0	100	NA	0.0717875089734386
31965_Gorai.008G186900.1_P2_Aza060	186	0/1	6	2	NA	8	1322	1	75	25	NA	0.075642965204236
3275_Gorai.006G000100.1_Aza060	2011	1/1	2	8	NA	10	4647	3	20	80	NA	0.0645577792123951
3275_Gorai.006G000100.1_Aza060	3870	0/1	7	15	NA	22	4647	3	32	68	NA	0.0645577792123951
3275_Gorai.006G000100.1_Aza060	4087	1/1	0	18	NA	18	4647	3	0	100	NA	0.0645577792123951
3275_Gorai.006G000100.1_Aza060_3	3614	1/1	0	16	NA	16	4647	3	0	100	NA	0.0645577792123951
3275_Gorai.006G000100.1_Aza060_3	3870	1/1	7	15	NA	22	4647	3	32	68	NA	0.0645577792123951
3275_Gorai.006G000100.1_Aza060_3	4087	1/1	0	25	NA	25	4647	3	0	100	NA	0.0645577792123951
3505_Gorai.009G172900.1_P1_Aza060	1689	1/1	13	6	NA	19	2614	16	68	32	NA	0.612088752869166
3505_Gorai.009G172900.1_P1_Aza060	1716	1/1	13	8	NA	21	2614	16	62	38	NA	0.612088752869166
3505_Gorai.009G172900.1_P1_Aza060	1761	1/1	5	15	NA	20	2614	16	25	75	NA	0.612088752869166
3505_Gorai.009G172900.1_P1_Aza060	1779	1/1	2	16	NA	18	2614	16	11	89	NA	0.612088752869166
3505_Gorai.009G172900.1_P1_Aza060	1788	1/1	2	15	NA	17	2614	16	12	88	NA	0.612088752869166
3505_Gorai.009G172900.1_P1_Aza060	1929	1/1	0	18	NA	18	2614	16	0	100	NA	0.612088752869166
3505_Gorai.009G172900.1_P1_Aza060	1973	1/1	0	17	NA	17	2614	16	0	100	NA	0.612088752869166
3505_Gorai.009G172900.1_P1_Aza060	1988	1/1	0	16	NA	16	2614	16	0	100	NA	0.612088752869166
3505_Gorai.009G172900.1_P1_Aza060	1995	1/1	0	15	NA	15	2614	16	0	100	NA	0.612088752869166
3505_Gorai.009G172900.1_P1_Aza060	2019	1/1	0	11	NA	11	2614	16	0	100	NA	0.612088752869166
3505_Gorai.009G172900.1_P1_Aza060	2071	1/1	0	14	NA	14	2614	16	0	100	NA	0.612088752869166
3505_Gorai.009G172900.1_P1_Aza060	2073	1/1	0	14	NA	14	2614	16	0	100	NA	0.612088752869166
3505_Gorai.009G172900.1_P1_Aza060	2103	1/1	0	15	NA	15	2614	16	0	100	NA	0.612088752869166
3505_Gorai.009G172900.1_P1_Aza060	2148	1/1	0	14	NA	14	2614	16	0	100	NA	0.612088752869166
3505_Gorai.009G172900.1_P1_Aza060	2151	1/1	0	14	NA	14	2614	16	0	100	NA	0.612088752869166
3505_Gorai.009G172900.1_P1_Aza060	2232	1/1	2	13	NA	15	2614	16	13	87	NA	0.612088752869166
3505_Gorai.009G172900.1_P2_Aza060	1359	1/1	1	4	NA	5	2851	12	20	80	NA	0.420904945633111
3505_Gorai.009G172900.1_P2_Aza060	1489	1/1	0	9	NA	9	2851	12	0	100	NA	0.420904945633111
3505_Gorai.009G172900.1_P2_Aza060	1501	1/1	0	9	NA	9	2851	12	0	100	NA	0.420904945633111
3505_Gorai.009G172900.1_P2_Aza060	1522	1/1	0	7	NA	7	2851	12	0	100	NA	0.420904945633111
3505_Gorai.009G172900.1_P2_Aza060	1552	1/1	0	7	NA	7	2851	12	0	100	NA	0.420904945633111
3505_Gorai.009G172900.1_P2_Aza060	1557	1/1	0	5	NA	5	2851	12	0	100	NA	0.420904945633111
3505_Gorai.009G172900.1_P2_Aza060	1558	1/1	0	5	NA	5	2851	12	0	100	NA	0.420904945633111
3505_Gorai.009G172900.1_P2_Aza060	1960	1/1	0	11	NA	11	2851	12	0	100	NA	0.420904945633111
3505_Gorai.009G172900.1_P2_Aza060	2170	1/1	2	17	NA	19	2851	12	11	89	NA	0.420904945633111
3505_Gorai.009G172900.1_P2_Aza060	2176	1/1	3	17	NA	20	2851	12	15	85	NA	0.420904945633111
3505_Gorai.009G172900.1_P2_Aza060	2189	1/1	3	16	NA	19	2851	12	16	84	NA	0.420904945633111
3505_Gorai.009G172900.1_P2_Aza060	2305	1/1	1	12	NA	13	2851	12	8	92	NA	0.420904945633111
3505_Gorai.009G172900.1_P2_Aza060_3	1954	1/1	0	19	NA	19	2851	6	0	100	NA	0.210452472816556
3505_Gorai.009G172900.1_P2_Aza060_3	2246	1/1	0	17	NA	17	2851	6	0	100	NA	0.210452472816556
3505_Gorai.009G172900.1_P2_Aza060_3	2278	1/1	0	15	NA	15	2851	6	0	100	NA	0.210452472816556
3505_Gorai.009G172900.1_P2_Aza060_3	2443	1/1	0	13	NA	13	2851	6	0	100	NA	0.210452472816556
3505_Gorai.009G172900.1_P2_Aza060_3	2518	1/1	2	5	NA	7	2851	6	29	71	NA	0.210452472816556
3505_Gorai.009G172900.1_P2_Aza060_3	2533	1/1	6	5	NA	11	2851	6	55	45	NA	0.210452472816556
4165_Gorai.005G207300.1_Aza060	715	1/1	1	17	NA	18	2593	3	6	94	NA	0.115696104897802
4165_Gorai.005G207300.1_Aza060	1053	1/1	4	20	NA	24	2593	3	17	83	NA	0.115696104897802
4165_Gorai.005G207300.1_Aza060	1494	1/1	3	12	NA	15	2593	3	20	80	NA	0.115696104897802
4165_Gorai.005G207300.1_Aza060_3	715	1/1	3	17	NA	20	2593	3	15	85	NA	0.115696104897802
4165_Gorai.005G207300.1_Aza060_3	1053	1/1	8	18	NA	26	2593	3	31	69	NA	0.115696104897802
4165_Gorai.005G207300.1_Aza060_3	1494	1/1	7	11	NA	18	2593	3	39	61	NA	0.115696104897802
4348_Gorai.013G260900.1_P1_Aza060	1156	1/1	0	11	NA	11	4751	4	0	100	NA	0.0841928015154704
4348_Gorai.013G260900.1_P1_Aza060	3394	1/1	0	4	NA	4	4751	4	0	100	NA	0.0841928015154704
4348_Gorai.013G260900.1_P1_Aza060	4005	1/1	0	9	NA	9	4751	4	0	100	NA	0.0841928015154704
4348_Gorai.013G260900.1_P1_Aza060	4163	1/1	2	8	NA	10	4751	4	20	80	NA	0.0841928015154704
4348_Gorai.013G260900.1_P1_Aza060_3	4005	1/1	0	8	NA	8	4751	2	0	100	NA	0.0420964007577352
4348_Gorai.013G260900.1_P1_Aza060_3	4163	1/1	4	9	NA	13	4751	2	31	69	NA	0.0420964007577352
4485_Gorai.004G191700.2_Aza060	1678	0/1	21	11	NA	32	3511	1	66	34	NA	0.0284819139846198
4771_Gorai.010G081600.1_P1_Aza060	2144	1/1	0	5	NA	5	2292	1	0	100	NA	0.043630017452007
4771_Gorai.010G081600.1_P1_Aza060_3	2144	1/1	0	6	NA	6	2292	1	0	100	NA	0.043630017452007
5533_Gorai.003G156900.1_P1_Aza060	1134	1/1	0	13	NA	13	2249	2	0	100	NA	0.0889284126278346
5533_Gorai.003G156900.1_P1_Aza060	1143	1/1	1	13	NA	14	2249	2	7	93	NA	0.0889284126278346
5533_Gorai.003G156900.1_P1_Aza060_3	1071	0/1	11	13	NA	24	2249	1	46	54	NA	0.0444642063139173
5691_Gorai.012G163300.2_P1_Aza060	2041	1/1	0	16	NA	16	2071	3	0	100	NA	0.144857556735876
5691_Gorai.012G163300.2_P1_Aza060	2044	1/1	0	14	NA	14	2071	3	0	100	NA	0.144857556735876
5691_Gorai.012G163300.2_P1_Aza060	2053	1/1	0	2	NA	2	2071	3	0	100	NA	0.144857556735876
5895_Gorai.004G031700.6_P1_Aza060	357	0/1	5	2	NA	7	1296	3	71	29	NA	0.231481481481481
5895_Gorai.004G031700.6_P1_Aza060	513	0/1	8	3	NA	11	1296	3	73	27	NA	0.231481481481481
5895_Gorai.004G031700.6_P1_Aza060	631	0/1	5	2	NA	7	1296	3	71	29	NA	0.231481481481481
5895_Gorai.004G031700.6_P2_Aza060	15	0/1	8	4	NA	12	1400	30	67	33	NA	2.14285714285714
5895_Gorai.004G031700.6_P2_Aza060	18	0/1	10	3	NA	13	1400	30	77	23	NA	2.14285714285714
5895_Gorai.004G031700.6_P2_Aza060	24	0/1	12	3	NA	15	1400	30	80	20	NA	2.14285714285714
5895_Gorai.004G031700.6_P2_Aza060	27	0/1	11	4	NA	15	1400	30	73	27	NA	2.14285714285714
5895_Gorai.004G031700.6_P2_Aza060	30	0/1	12	3	NA	15	1400	30	80	20	NA	2.14285714285714
5895_Gorai.004G031700.6_P2_Aza060	48	0/1	16	3	NA	19	1400	30	84	16	NA	2.14285714285714
5895_Gorai.004G031700.6_P2_Aza060	51	0/1	16	3	NA	19	1400	30	84	16	NA	2.14285714285714
5895_Gorai.004G031700.6_P2_Aza060	54	0/1	16	3	NA	19	1400	30	84	16	NA	2.14285714285714
5895_Gorai.004G031700.6_P2_Aza060	66	0/1	14	4	NA	18	1400	30	78	22	NA	2.14285714285714
5895_Gorai.004G031700.6_P2_Aza060	81	0/1	16	3	NA	19	1400	30	84	16	NA	2.14285714285714
5895_Gorai.004G031700.6_P2_Aza060	95	0/1	17	3	NA	20	1400	30	85	15	NA	2.14285714285714
5895_Gorai.004G031700.6_P2_Aza060	111	0/1	13	7	NA	20	1400	30	65	35	NA	2.14285714285714
5895_Gorai.004G031700.6_P2_Aza060	114	0/1	16	3	NA	19	1400	30	84	16	NA	2.14285714285714
5895_Gorai.004G031700.6_P2_Aza060	120	0/1	12	7	NA	19	1400	30	63	37	NA	2.14285714285714
5895_Gorai.004G031700.6_P2_Aza060	129	0/1	16	3	NA	19	1400	30	84	16	NA	2.14285714285714
5895_Gorai.004G031700.6_P2_Aza060	132	0/1	16	3	NA	19	1400	30	84	16	NA	2.14285714285714
5895_Gorai.004G031700.6_P2_Aza060	150	0/1	16	3	NA	19	1400	30	84	16	NA	2.14285714285714
5895_Gorai.004G031700.6_P2_Aza060	182	0/1	11	3	NA	14	1400	30	79	21	NA	2.14285714285714
5895_Gorai.004G031700.6_P2_Aza060	196	0/1	7	3	NA	10	1400	30	70	30	NA	2.14285714285714
5895_Gorai.004G031700.6_P2_Aza060	621	0/1	10	3	NA	13	1400	30	77	23	NA	2.14285714285714
5895_Gorai.004G031700.6_P2_Aza060	652	0/1	9	5	NA	14	1400	30	64	36	NA	2.14285714285714
5895_Gorai.004G031700.6_P2_Aza060	667	0/1	7	5	NA	12	1400	30	58	42	NA	2.14285714285714
5895_Gorai.004G031700.6_P2_Aza060	707	0/1	8	5	NA	13	1400	30	62	38	NA	2.14285714285714
5895_Gorai.004G031700.6_P2_Aza060	712	0/1	7	5	NA	12	1400	30	58	42	NA	2.14285714285714
5895_Gorai.004G031700.6_P2_Aza060	724	0/1	6	4	NA	10	1400	30	60	40	NA	2.14285714285714
5895_Gorai.004G031700.6_P2_Aza060	729	0/1	6	4	NA	10	1400	30	60	40	NA	2.14285714285714
5895_Gorai.004G031700.6_P2_Aza060	745	0/1	11	3	NA	14	1400	30	79	21	NA	2.14285714285714
5895_Gorai.004G031700.6_P2_Aza060	776	0/1	9	7	NA	16	1400	30	56	44	NA	2.14285714285714
5895_Gorai.004G031700.6_P2_Aza060	800	0/1	10	5	NA	15	1400	30	67	33	NA	2.14285714285714
5895_Gorai.004G031700.6_P2_Aza060	1205	0/1	6	4	NA	10	1400	30	60	40	NA	2.14285714285714
5978_Gorai.002G218100.6_P2_Aza060	789	1/1	7	8	NA	15	1820	6	47	53	NA	0.32967032967033
5978_Gorai.002G218100.6_P2_Aza060	803	1/1	7	10	NA	17	1820	6	41	59	NA	0.32967032967033
5978_Gorai.002G218100.6_P2_Aza060	1005	0/1	20	22	NA	42	1820	6	48	52	NA	0.32967032967033
5978_Gorai.002G218100.6_P2_Aza060	1010	0/1	23	20	NA	43	1820	6	53	47	NA	0.32967032967033
5978_Gorai.002G218100.6_P2_Aza060	1026	0/1	20	23	NA	43	1820	6	47	53	NA	0.32967032967033
5978_Gorai.002G218100.6_P2_Aza060	1251	0/1	17	9	NA	26	1820	6	65	35	NA	0.32967032967033
5978_Gorai.002G218100.6_P2_Aza060_3	777	1/1	9	2	NA	11	1820	43	82	18	NA	2.36263736263736
5978_Gorai.002G218100.6_P2_Aza060_3	779	1/1	9	2	NA	11	1820	43	82	18	NA	2.36263736263736
5978_Gorai.002G218100.6_P2_Aza060_3	794	1/1	9	2	NA	11	1820	43	82	18	NA	2.36263736263736
5978_Gorai.002G218100.6_P2_Aza060_3	798	1/1	8	2	NA	10	1820	43	80	20	NA	2.36263736263736
5978_Gorai.002G218100.6_P2_Aza060_3	825	1/1	5	5	NA	10	1820	43	50	50	NA	2.36263736263736
5978_Gorai.002G218100.6_P2_Aza060_3	887	1/1	4	14	NA	18	1820	43	22	78	NA	2.36263736263736
5978_Gorai.002G218100.6_P2_Aza060_3	900	0/1	17	5	NA	22	1820	43	77	23	NA	2.36263736263736
5978_Gorai.002G218100.6_P2_Aza060_3	903	1/1	5	17	NA	22	1820	43	23	77	NA	2.36263736263736
5978_Gorai.002G218100.6_P2_Aza060_3	942	1/1	3	6	NA	9	1820	43	33	67	NA	2.36263736263736
5978_Gorai.002G218100.6_P2_Aza060_3	952	0/1	11	16	NA	27	1820	43	41	59	NA	2.36263736263736
5978_Gorai.002G218100.6_P2_Aza060_3	970	0/1	10	19	NA	29	1820	43	34	66	NA	2.36263736263736
5978_Gorai.002G218100.6_P2_Aza060_3	981	0/1	21	9	NA	30	1820	43	70	30	NA	2.36263736263736
5978_Gorai.002G218100.6_P2_Aza060_3	984	0/1	11	20	NA	31	1820	43	35	65	NA	2.36263736263736
5978_Gorai.002G218100.6_P2_Aza060_3	987	0/1	21	9	NA	30	1820	43	70	30	NA	2.36263736263736
5978_Gorai.002G218100.6_P2_Aza060_3	990	0/1	22	8	NA	30	1820	43	73	27	NA	2.36263736263736
5978_Gorai.002G218100.6_P2_Aza060_3	998	0/1	10	21	NA	31	1820	43	32	68	NA	2.36263736263736
5978_Gorai.002G218100.6_P2_Aza060_3	1056	0/1	25	10	NA	35	1820	43	71	29	NA	2.36263736263736
5978_Gorai.002G218100.6_P2_Aza060_3	1061	0/1	25	10	NA	35	1820	43	71	29	NA	2.36263736263736
5978_Gorai.002G218100.6_P2_Aza060_3	1065	0/1	10	23	NA	33	1820	43	30	70	NA	2.36263736263736
5978_Gorai.002G218100.6_P2_Aza060_3	1068	0/1	22	10	NA	32	1820	43	69	31	NA	2.36263736263736
5978_Gorai.002G218100.6_P2_Aza060_3	1120	1/1	2	22	NA	24	1820	43	8	92	NA	2.36263736263736
5978_Gorai.002G218100.6_P2_Aza060_3	1122	0/1	17	7	NA	24	1820	43	71	29	NA	2.36263736263736
5978_Gorai.002G218100.6_P2_Aza060_3	1130	0/1	16	8	NA	24	1820	43	67	33	NA	2.36263736263736
5978_Gorai.002G218100.6_P2_Aza060_3	1131	0/1	16	8	NA	24	1820	43	67	33	NA	2.36263736263736
5978_Gorai.002G218100.6_P2_Aza060_3	1132	0/1	13	13	NA	26	1820	43	50	50	NA	2.36263736263736
5978_Gorai.002G218100.6_P2_Aza060_3	1142	1/1	5	17	NA	22	1820	43	23	77	NA	2.36263736263736
5978_Gorai.002G218100.6_P2_Aza060_3	1146	0/1	14	7	NA	21	1820	43	67	33	NA	2.36263736263736
5978_Gorai.002G218100.6_P2_Aza060_3	1148	0/1	12	9	NA	21	1820	43	57	43	NA	2.36263736263736
5978_Gorai.002G218100.6_P2_Aza060_3	1150	0/1	12	8	NA	20	1820	43	60	40	NA	2.36263736263736
5978_Gorai.002G218100.6_P2_Aza060_3	1151	1/1	5	15	NA	20	1820	43	25	75	NA	2.36263736263736
5978_Gorai.002G218100.6_P2_Aza060_3	1154	0/1	13	8	NA	21	1820	43	62	38	NA	2.36263736263736
5978_Gorai.002G218100.6_P2_Aza060_3	1156	0/1	17	4	NA	21	1820	43	81	19	NA	2.36263736263736
5978_Gorai.002G218100.6_P2_Aza060_3	1164	0/1	18	4	NA	22	1820	43	82	18	NA	2.36263736263736
5978_Gorai.002G218100.6_P2_Aza060_3	1170	1/1	8	14	NA	22	1820	43	36	64	NA	2.36263736263736
5978_Gorai.002G218100.6_P2_Aza060_3	1174	0/1	17	5	NA	22	1820	43	77	23	NA	2.36263736263736
5978_Gorai.002G218100.6_P2_Aza060_3	1181	1/1	11	12	NA	23	1820	43	48	52	NA	2.36263736263736
5978_Gorai.002G218100.6_P2_Aza060_3	1193	0/1	19	6	NA	25	1820	43	76	24	NA	2.36263736263736
5978_Gorai.002G218100.6_P2_Aza060_3	1199	0/1	20	6	NA	26	1820	43	77	23	NA	2.36263736263736
5978_Gorai.002G218100.6_P2_Aza060_3	1208	1/1	16	8	NA	24	1820	43	67	33	NA	2.36263736263736
5978_Gorai.002G218100.6_P2_Aza060_3	1211	1/1	16	3	NA	19	1820	43	84	16	NA	2.36263736263736
5978_Gorai.002G218100.6_P2_Aza060_3	1212	1/1	16	6	NA	22	1820	43	73	27	NA	2.36263736263736
5978_Gorai.002G218100.6_P2_Aza060_3	1220	1/1	18	6	NA	24	1820	43	75	25	NA	2.36263736263736
5978_Gorai.002G218100.6_P2_Aza060_3	1242	1/1	21	4	NA	25	1820	43	84	16	NA	2.36263736263736
608_Gorai.005G157100.1_Aza060	5135	1/1	0	7	NA	7	5439	4	0	100	NA	0.0735429306857878
608_Gorai.005G157100.1_Aza060	5139	1/1	0	6	NA	6	5439	4	0	100	NA	0.0735429306857878
608_Gorai.005G157100.1_Aza060	5150	1/1	0	6	NA	6	5439	4	0	100	NA	0.0735429306857878
608_Gorai.005G157100.1_Aza060	5171	1/1	0	6	NA	6	5439	4	0	100	NA	0.0735429306857878
608_Gorai.005G157100.1_Aza060_3	5061	1/1	6	3	NA	9	5439	9	67	33	NA	0.165471594043023
608_Gorai.005G157100.1_Aza060_3	5071	1/1	5	3	NA	8	5439	9	62	38	NA	0.165471594043023
608_Gorai.005G157100.1_Aza060_3	5092	1/1	7	5	NA	12	5439	9	58	42	NA	0.165471594043023
608_Gorai.005G157100.1_Aza060_3	5119	0/1	8	2	NA	10	5439	9	80	20	NA	0.165471594043023
608_Gorai.005G157100.1_Aza060_3	5135	1/1	3	6	NA	9	5439	9	33	67	NA	0.165471594043023
608_Gorai.005G157100.1_Aza060_3	5139	1/1	3	6	NA	9	5439	9	33	67	NA	0.165471594043023
608_Gorai.005G157100.1_Aza060_3	5150	0/1	3	4	NA	7	5439	9	43	57	NA	0.165471594043023
608_Gorai.005G157100.1_Aza060_3	5171	1/1	0	5	NA	5	5439	9	0	100	NA	0.165471594043023
608_Gorai.005G157100.1_Aza060_3	5173	0/1	2	3	NA	5	5439	9	40	60	NA	0.165471594043023
6171_Gorai.008G228900.3_P1_Aza060	1467	1/1	0	18	NA	18	2270	1	0	100	NA	0.0440528634361234
6171_Gorai.008G228900.3_P1_Aza060_3	1467	1/1	2	16	NA	18	2270	1	11	89	NA	0.0440528634361234
6171_Gorai.008G228900.3_P3_Aza060	93	1/1	0	5	NA	5	2098	17	0	100	NA	0.810295519542421
6171_Gorai.008G228900.3_P3_Aza060	102	1/1	0	9	NA	9	2098	17	0	100	NA	0.810295519542421
6171_Gorai.008G228900.3_P3_Aza060	108	1/1	0	8	NA	8	2098	17	0	100	NA	0.810295519542421
6171_Gorai.008G228900.3_P3_Aza060	120	1/1	0	10	NA	10	2098	17	0	100	NA	0.810295519542421
6171_Gorai.008G228900.3_P3_Aza060	127	1/1	0	11	NA	11	2098	17	0	100	NA	0.810295519542421
6171_Gorai.008G228900.3_P3_Aza060	148	1/1	0	12	NA	12	2098	17	0	100	NA	0.810295519542421
6171_Gorai.008G228900.3_P3_Aza060	240	1/1	1	17	NA	18	2098	17	6	94	NA	0.810295519542421
6171_Gorai.008G228900.3_P3_Aza060	315	1/1	1	14	NA	15	2098	17	7	93	NA	0.810295519542421
6171_Gorai.008G228900.3_P3_Aza060	342	1/1	1	9	NA	10	2098	17	10	90	NA	0.810295519542421
6171_Gorai.008G228900.3_P3_Aza060	345	1/1	1	9	NA	10	2098	17	10	90	NA	0.810295519542421
6171_Gorai.008G228900.3_P3_Aza060	1028	1/1	1	12	NA	13	2098	17	8	92	NA	0.810295519542421
6171_Gorai.008G228900.3_P3_Aza060	1320	1/1	0	2	NA	2	2098	17	0	100	NA	0.810295519542421
6171_Gorai.008G228900.3_P3_Aza060	1353	1/1	0	9	NA	9	2098	17	0	100	NA	0.810295519542421
6171_Gorai.008G228900.3_P3_Aza060	1447	1/1	1	22	NA	23	2098	17	4	96	NA	0.810295519542421
6171_Gorai.008G228900.3_P3_Aza060	1482	1/1	4	20	NA	24	2098	17	17	83	NA	0.810295519542421
6171_Gorai.008G228900.3_P3_Aza060	1515	0/1	15	8	NA	23	2098	17	65	35	NA	0.810295519542421
6171_Gorai.008G228900.3_P3_Aza060	1524	0/1	8	14	NA	22	2098	17	36	64	NA	0.810295519542421
6171_Gorai.008G228900.3_P3_Aza060_3	81	1/1	0	10	NA	10	2098	21	0	100	NA	1.00095328884652
6171_Gorai.008G228900.3_P3_Aza060_3	108	1/1	0	12	NA	12	2098	21	0	100	NA	1.00095328884652
6171_Gorai.008G228900.3_P3_Aza060_3	148	1/1	0	14	NA	14	2098	21	0	100	NA	1.00095328884652
6171_Gorai.008G228900.3_P3_Aza060_3	240	1/1	1	21	NA	22	2098	21	5	95	NA	1.00095328884652
6171_Gorai.008G228900.3_P3_Aza060_3	315	1/1	2	10	NA	12	2098	21	17	83	NA	1.00095328884652
6171_Gorai.008G228900.3_P3_Aza060_3	1028	1/1	4	11	NA	15	2098	21	27	73	NA	1.00095328884652
6171_Gorai.008G228900.3_P3_Aza060_3	1035	1/1	5	11	NA	16	2098	21	31	69	NA	1.00095328884652
6171_Gorai.008G228900.3_P3_Aza060_3	1036	1/1	5	11	NA	16	2098	21	31	69	NA	1.00095328884652
6171_Gorai.008G228900.3_P3_Aza060_3	1053	1/1	5	11	NA	16	2098	21	31	69	NA	1.00095328884652
6171_Gorai.008G228900.3_P3_Aza060_3	1056	1/1	5	11	NA	16	2098	21	31	69	NA	1.00095328884652
6171_Gorai.008G228900.3_P3_Aza060_3	1057	1/1	5	11	NA	16	2098	21	31	69	NA	1.00095328884652
6171_Gorai.008G228900.3_P3_Aza060_3	1058	1/1	5	11	NA	16	2098	21	31	69	NA	1.00095328884652
6171_Gorai.008G228900.3_P3_Aza060_3	1149	1/1	5	8	NA	13	2098	21	38	62	NA	1.00095328884652
6171_Gorai.008G228900.3_P3_Aza060_3	1166	1/1	5	6	NA	11	2098	21	45	55	NA	1.00095328884652
6171_Gorai.008G228900.3_P3_Aza060_3	1167	1/1	5	6	NA	11	2098	21	45	55	NA	1.00095328884652
6171_Gorai.008G228900.3_P3_Aza060_3	1178	1/1	5	6	NA	11	2098	21	45	55	NA	1.00095328884652
6171_Gorai.008G228900.3_P3_Aza060_3	1188	1/1	5	6	NA	11	2098	21	45	55	NA	1.00095328884652
6171_Gorai.008G228900.3_P3_Aza060_3	1353	1/1	0	7	NA	7	2098	21	0	100	NA	1.00095328884652
6171_Gorai.008G228900.3_P3_Aza060_3	1447	1/1	1	11	NA	12	2098	21	8	92	NA	1.00095328884652
6171_Gorai.008G228900.3_P3_Aza060_3	1482	1/1	2	8	NA	10	2098	21	20	80	NA	1.00095328884652
6171_Gorai.008G228900.3_P3_Aza060_3	1524	1/1	3	7	NA	10	2098	21	30	70	NA	1.00095328884652
6493_Gorai.008G218300.2_Aza060	161	0/1	5	3	NA	8	1922	3	62	38	NA	0.156087408949011
6493_Gorai.008G218300.2_Aza060	360	0/1	7	4	NA	11	1922	3	64	36	NA	0.156087408949011
6493_Gorai.008G218300.2_Aza060	651	0/1	5	5	NA	10	1922	3	50	50	NA	0.156087408949011
6530_Gorai.008G218300.1_Aza060	1253	0/1	6	5	NA	11	1311	1	55	45	NA	0.07627765064836
6794_Gorai.009G193900.2_Aza060	1410	1/1	0	4	NA	4	4679	2	0	100	NA	0.0427441761060056
6794_Gorai.009G193900.2_Aza060	1455	1/1	0	6	NA	6	4679	2	0	100	NA	0.0427441761060056
7126_Gorai.012G081300.2_Aza060	1136	1/1	0	3	NA	3	3014	1	0	100	NA	0.033178500331785
727_Gorai.011G026100.1_Aza060	3185	1/1	3	4	NA	7	5099	1	43	57	NA	0.0196116885663856
7271_Gorai.005G267000.2_P1_Aza060	1352	0/1	18	10	NA	28	2217	18	64	36	NA	0.81190798376184
7271_Gorai.005G267000.2_P1_Aza060	1376	1/1	2	26	NA	28	2217	18	7	93	NA	0.81190798376184
7271_Gorai.005G267000.2_P1_Aza060	1378	1/1	2	24	NA	26	2217	18	8	92	NA	0.81190798376184
7271_Gorai.005G267000.2_P1_Aza060	1410	1/1	2	24	NA	26	2217	18	8	92	NA	0.81190798376184
7271_Gorai.005G267000.2_P1_Aza060	1470	1/1	4	16	NA	20	2217	18	20	80	NA	0.81190798376184
7271_Gorai.005G267000.2_P1_Aza060	1934	1/1	0	10	NA	10	2217	18	0	100	NA	0.81190798376184
7271_Gorai.005G267000.2_P1_Aza060	1936	0/1	1	9	NA	10	2217	18	10	90	NA	0.81190798376184
7271_Gorai.005G267000.2_P1_Aza060	2019	0/1	3	16	NA	19	2217	18	16	84	NA	0.81190798376184
7271_Gorai.005G267000.2_P1_Aza060	2037	1/1	0	20	NA	20	2217	18	0	100	NA	0.81190798376184
7271_Gorai.005G267000.2_P1_Aza060	2079	1/1	0	18	NA	18	2217	18	0	100	NA	0.81190798376184
7271_Gorai.005G267000.2_P1_Aza060	2098	1/1	1	10	NA	11	2217	18	9	91	NA	0.81190798376184
7271_Gorai.005G267000.2_P1_Aza060	2099	1/1	1	12	NA	13	2217	18	8	92	NA	0.81190798376184
7271_Gorai.005G267000.2_P1_Aza060	2100	1/1	1	12	NA	13	2217	18	8	92	NA	0.81190798376184
7271_Gorai.005G267000.2_P1_Aza060	2112	1/1	1	10	NA	11	2217	18	9	91	NA	0.81190798376184
7271_Gorai.005G267000.2_P1_Aza060	2113	1/1	1	10	NA	11	2217	18	9	91	NA	0.81190798376184
7271_Gorai.005G267000.2_P1_Aza060	2114	1/1	1	10	NA	11	2217	18	9	91	NA	0.81190798376184
7271_Gorai.005G267000.2_P1_Aza060	2133	1/1	1	10	NA	11	2217	18	9	91	NA	0.81190798376184
7271_Gorai.005G267000.2_P1_Aza060	2154	1/1	1	9	NA	10	2217	18	10	90	NA	0.81190798376184
7271_Gorai.005G267000.2_P1_Aza060_3	1376	1/1	2	37	NA	39	2217	8	5	95	NA	0.36084799278304
7271_Gorai.005G267000.2_P1_Aza060_3	1378	1/1	2	37	NA	39	2217	8	5	95	NA	0.36084799278304
7271_Gorai.005G267000.2_P1_Aza060_3	1410	1/1	3	38	NA	41	2217	8	7	93	NA	0.36084799278304
7271_Gorai.005G267000.2_P1_Aza060_3	1470	1/1	3	33	NA	36	2217	8	8	92	NA	0.36084799278304
7271_Gorai.005G267000.2_P1_Aza060_3	1934	1/1	0	12	NA	12	2217	8	0	100	NA	0.36084799278304
7271_Gorai.005G267000.2_P1_Aza060_3	1936	1/1	0	13	NA	13	2217	8	0	100	NA	0.36084799278304
7271_Gorai.005G267000.2_P1_Aza060_3	2037	1/1	0	31	NA	31	2217	8	0	100	NA	0.36084799278304
7271_Gorai.005G267000.2_P1_Aza060_3	2079	1/1	0	28	NA	28	2217	8	0	100	NA	0.36084799278304
740_Gorai.007G132500.3_Aza060	1315	0/1	9	6	NA	15	4523	4	60	40	NA	0.0884368781782003
740_Gorai.007G132500.3_Aza060	1847	0/1	35	13	NA	48	4523	4	73	27	NA	0.0884368781782003
740_Gorai.007G132500.3_Aza060	2589	0/1	13	7	NA	20	4523	4	65	35	NA	0.0884368781782003
740_Gorai.007G132500.3_Aza060	3449	0/1	15	5	NA	20	4523	4	75	25	NA	0.0884368781782003
7442_Gorai.012G040400.1_P1_Aza060	205	1/1	0	9	NA	9	2057	2	0	100	NA	0.0972289742343218
7442_Gorai.012G040400.1_P1_Aza060	1792	1/1	8	12	NA	20	2057	2	40	60	NA	0.0972289742343218
7442_Gorai.012G040400.1_P1_Aza060_3	205	1/1	0	9	NA	9	2057	1	0	100	NA	0.0486144871171609
7606_Gorai.004G131300.1_Aza060_3	2999	1/1	0	10	NA	10	3486	1	0	100	NA	0.0286861732644865
7780_Gorai.002G102000.1_P3_Aza060	373	1/1	0	21	NA	21	1700	1	0	100	NA	0.0588235294117647
7798_Gorai.009G344900.1_Aza060	2615	1/1	0	26	NA	26	3085	1	0	100	NA	0.0324149108589951
7798_Gorai.009G344900.1_Aza060_3	2615	1/1	1	17	NA	18	3085	1	6	94	NA	0.0324149108589951
7856_Gorai.003G086000.1_P3_Aza060	30	1/1	0	9	NA	9	1792	8	0	100	NA	0.446428571428571
7856_Gorai.003G086000.1_P3_Aza060	712	1/1	14	17	NA	31	1792	8	45	55	NA	0.446428571428571
7856_Gorai.003G086000.1_P3_Aza060	996	1/1	0	35	NA	35	1792	8	0	100	NA	0.446428571428571
7856_Gorai.003G086000.1_P3_Aza060	1127	1/1	21	19	NA	40	1792	8	52	48	NA	0.446428571428571
7856_Gorai.003G086000.1_P3_Aza060	1397	0/1	17	10	NA	27	1792	8	63	37	NA	0.446428571428571
7856_Gorai.003G086000.1_P3_Aza060	1420	0/1	11	13	NA	24	1792	8	46	54	NA	0.446428571428571
7856_Gorai.003G086000.1_P3_Aza060	1436	0/1	10	14	NA	24	1792	8	42	58	NA	0.446428571428571
7856_Gorai.003G086000.1_P3_Aza060	1451	0/1	16	8	NA	24	1792	8	67	33	NA	0.446428571428571
7856_Gorai.003G086000.1_P3_Aza060_3	20	0/1	5	10	NA	15	1792	12	33	67	NA	0.669642857142857
7856_Gorai.003G086000.1_P3_Aza060_3	48	0/1	7	10	NA	17	1792	12	41	59	NA	0.669642857142857
7856_Gorai.003G086000.1_P3_Aza060_3	51	0/1	7	10	NA	17	1792	12	41	59	NA	0.669642857142857
7856_Gorai.003G086000.1_P3_Aza060_3	67	0/1	10	6	NA	16	1792	12	62	38	NA	0.669642857142857
7856_Gorai.003G086000.1_P3_Aza060_3	68	0/1	10	6	NA	16	1792	12	62	38	NA	0.669642857142857
7856_Gorai.003G086000.1_P3_Aza060_3	712	1/1	13	21	NA	34	1792	12	38	62	NA	0.669642857142857
7856_Gorai.003G086000.1_P3_Aza060_3	996	1/1	2	35	NA	37	1792	12	5	95	NA	0.669642857142857
7856_Gorai.003G086000.1_P3_Aza060_3	1127	1/1	18	18	NA	36	1792	12	50	50	NA	0.669642857142857
7856_Gorai.003G086000.1_P3_Aza060_3	1397	0/1	18	13	NA	31	1792	12	58	42	NA	0.669642857142857
7856_Gorai.003G086000.1_P3_Aza060_3	1420	0/1	11	16	NA	27	1792	12	41	59	NA	0.669642857142857
7856_Gorai.003G086000.1_P3_Aza060_3	1436	0/1	9	19	NA	28	1792	12	32	68	NA	0.669642857142857
7856_Gorai.003G086000.1_P3_Aza060_3	1451	0/1	19	8	NA	27	1792	12	70	30	NA	0.669642857142857
7887_Gorai.012G079600.3_Aza060	149	1/1	1	2	NA	3	2621	11	33	67	NA	0.419687142312095
7887_Gorai.012G079600.3_Aza060	153	1/1	1	2	NA	3	2621	11	33	67	NA	0.419687142312095
7887_Gorai.012G079600.3_Aza060	162	1/1	1	2	NA	3	2621	11	33	67	NA	0.419687142312095
7887_Gorai.012G079600.3_Aza060	165	1/1	1	2	NA	3	2621	11	33	67	NA	0.419687142312095
7887_Gorai.012G079600.3_Aza060	168	1/1	1	2	NA	3	2621	11	33	67	NA	0.419687142312095
7887_Gorai.012G079600.3_Aza060	184	1/1	1	4	NA	5	2621	11	20	80	NA	0.419687142312095
7887_Gorai.012G079600.3_Aza060	214	0/1	4	3	NA	7	2621	11	57	43	NA	0.419687142312095
7887_Gorai.012G079600.3_Aza060	270	1/1	0	6	NA	6	2621	11	0	100	NA	0.419687142312095
7887_Gorai.012G079600.3_Aza060	290	1/1	0	3	NA	3	2621	11	0	100	NA	0.419687142312095
7887_Gorai.012G079600.3_Aza060	292	1/1	0	3	NA	3	2621	11	0	100	NA	0.419687142312095
7887_Gorai.012G079600.3_Aza060	300	1/1	0	2	NA	2	2621	11	0	100	NA	0.419687142312095
7887_Gorai.012G079600.3_Aza060_3	264	0/1	6	3	NA	9	2621	2	67	33	NA	0.0763067531476536
7887_Gorai.012G079600.3_Aza060_3	270	1/1	0	8	NA	8	2621	2	0	100	NA	0.0763067531476536
8061_Gorai.002G118200.4_P1_Aza060	237	1/1	0	15	NA	15	1634	6	0	100	NA	0.367197062423501
8061_Gorai.002G118200.4_P1_Aza060	239	1/1	0	14	NA	14	1634	6	0	100	NA	0.367197062423501
8061_Gorai.002G118200.4_P1_Aza060	244	1/1	0	14	NA	14	1634	6	0	100	NA	0.367197062423501
8061_Gorai.002G118200.4_P1_Aza060	274	1/1	1	7	NA	8	1634	6	12	88	NA	0.367197062423501
8061_Gorai.002G118200.4_P1_Aza060	408	0/1	18	11	NA	29	1634	6	62	38	NA	0.367197062423501
8061_Gorai.002G118200.4_P1_Aza060	423	0/1	9	20	NA	29	1634	6	31	69	NA	0.367197062423501
8061_Gorai.002G118200.4_P1_Aza060_3	188	1/1	8	7	NA	15	1634	15	53	47	NA	0.917992656058752
8061_Gorai.002G118200.4_P1_Aza060_3	198	1/1	7	7	NA	14	1634	15	50	50	NA	0.917992656058752
8061_Gorai.002G118200.4_P1_Aza060_3	220	1/1	3	9	NA	12	1634	15	25	75	NA	0.917992656058752
8061_Gorai.002G118200.4_P1_Aza060_3	223	1/1	3	9	NA	12	1634	15	25	75	NA	0.917992656058752
8061_Gorai.002G118200.4_P1_Aza060_3	225	1/1	3	9	NA	12	1634	15	25	75	NA	0.917992656058752
8061_Gorai.002G118200.4_P1_Aza060_3	237	1/1	1	10	NA	11	1634	15	9	91	NA	0.917992656058752
8061_Gorai.002G118200.4_P1_Aza060_3	239	1/1	0	11	NA	11	1634	15	0	100	NA	0.917992656058752
8061_Gorai.002G118200.4_P1_Aza060_3	244	1/1	0	12	NA	12	1634	15	0	100	NA	0.917992656058752
8061_Gorai.002G118200.4_P1_Aza060_3	274	1/1	1	12	NA	13	1634	15	8	92	NA	0.917992656058752
8061_Gorai.002G118200.4_P1_Aza060_3	306	0/1	10	11	NA	21	1634	15	48	52	NA	0.917992656058752
8061_Gorai.002G118200.4_P1_Aza060_3	312	0/1	11	11	NA	22	1634	15	50	50	NA	0.917992656058752
8061_Gorai.002G118200.4_P1_Aza060_3	322	0/1	11	12	NA	23	1634	15	48	52	NA	0.917992656058752
8061_Gorai.002G118200.4_P1_Aza060_3	339	0/1	11	13	NA	24	1634	15	46	54	NA	0.917992656058752
8061_Gorai.002G118200.4_P1_Aza060_3	423	0/1	18	17	NA	35	1634	15	51	49	NA	0.917992656058752
8061_Gorai.002G118200.4_P1_Aza060_3	426	0/1	16	19	NA	35	1634	15	46	54	NA	0.917992656058752
8071_Gorai.002G129300.6_P1_Aza060	1142	1/1	0	5	NA	5	1703	1	0	100	NA	0.0587199060481503
8071_Gorai.002G129300.6_P3_Aza060	116	1/1	0	15	NA	15	2114	3	0	100	NA	0.141911069063387
8071_Gorai.002G129300.6_P3_Aza060	258	1/1	0	12	NA	12	2114	3	0	100	NA	0.141911069063387
8071_Gorai.002G129300.6_P3_Aza060	1279	1/1	1	22	NA	23	2114	3	4	96	NA	0.141911069063387
8071_Gorai.002G129300.6_P3_Aza060_3	1279	1/1	5	26	NA	31	2114	1	16	84	NA	0.0473036896877956
8313_Gorai.009G136600.1_Aza060_3	1055	1/1	0	16	NA	16	2794	2	0	100	NA	0.0715819613457409
8313_Gorai.009G136600.1_Aza060_3	1192	1/1	2	26	NA	28	2794	2	7	93	NA	0.0715819613457409
8902_Gorai.009G043400.2_P1_Aza060	171	0/1	9	10	NA	19	1367	5	47	53	NA	0.365764447695684
8902_Gorai.009G043400.2_P1_Aza060	232	1/1	0	20	NA	20	1367	5	0	100	NA	0.365764447695684
8902_Gorai.009G043400.2_P1_Aza060	284	1/1	0	26	NA	26	1367	5	0	100	NA	0.365764447695684
8902_Gorai.009G043400.2_P1_Aza060	345	1/1	0	31	NA	31	1367	5	0	100	NA	0.365764447695684
8902_Gorai.009G043400.2_P1_Aza060	448	1/1	0	21	NA	21	1367	5	0	100	NA	0.365764447695684
8902_Gorai.009G043400.2_P1_Aza060_3	43	1/1	0	2	NA	2	1367	18	0	100	NA	1.31675201170446
8902_Gorai.009G043400.2_P1_Aza060_3	51	1/1	0	2	NA	2	1367	18	0	100	NA	1.31675201170446
8902_Gorai.009G043400.2_P1_Aza060_3	54	1/1	0	2	NA	2	1367	18	0	100	NA	1.31675201170446
8902_Gorai.009G043400.2_P1_Aza060_3	64	1/1	0	2	NA	2	1367	18	0	100	NA	1.31675201170446
8902_Gorai.009G043400.2_P1_Aza060_3	75	1/1	0	6	NA	6	1367	18	0	100	NA	1.31675201170446
8902_Gorai.009G043400.2_P1_Aza060_3	224	0/1	9	13	NA	22	1367	18	41	59	NA	1.31675201170446
8902_Gorai.009G043400.2_P1_Aza060_3	232	1/1	0	23	NA	23	1367	18	0	100	NA	1.31675201170446
8902_Gorai.009G043400.2_P1_Aza060_3	284	1/1	0	31	NA	31	1367	18	0	100	NA	1.31675201170446
8902_Gorai.009G043400.2_P1_Aza060_3	344	0/1	15	10	NA	25	1367	18	60	40	NA	1.31675201170446
8902_Gorai.009G043400.2_P1_Aza060_3	345	1/1	1	24	NA	25	1367	18	4	96	NA	1.31675201170446
8902_Gorai.009G043400.2_P1_Aza060_3	393	0/1	11	8	NA	19	1367	18	58	42	NA	1.31675201170446
8902_Gorai.009G043400.2_P1_Aza060_3	440	1/1	2	15	NA	17	1367	18	12	88	NA	1.31675201170446
8902_Gorai.009G043400.2_P1_Aza060_3	448	1/1	2	14	NA	16	1367	18	12	88	NA	1.31675201170446
8902_Gorai.009G043400.2_P1_Aza060_3	474	1/1	3	12	NA	15	1367	18	20	80	NA	1.31675201170446
8902_Gorai.009G043400.2_P1_Aza060_3	492	0/1	8	5	NA	13	1367	18	62	38	NA	1.31675201170446
8902_Gorai.009G043400.2_P1_Aza060_3	493	1/1	3	11	NA	14	1367	18	21	79	NA	1.31675201170446
8902_Gorai.009G043400.2_P1_Aza060_3	506	1/1	3	9	NA	12	1367	18	25	75	NA	1.31675201170446
8902_Gorai.009G043400.2_P1_Aza060_3	519	1/1	3	6	NA	9	1367	18	33	67	NA	1.31675201170446
8902_Gorai.009G043400.2_P3_Aza060	80	1/1	1	14	NA	15	1204	10	7	93	NA	0.830564784053156
8902_Gorai.009G043400.2_P3_Aza060	82	1/1	1	12	NA	13	1204	10	8	92	NA	0.830564784053156
8902_Gorai.009G043400.2_P3_Aza060	94	1/1	6	12	NA	18	1204	10	33	67	NA	0.830564784053156
8902_Gorai.009G043400.2_P3_Aza060	184	1/1	7	16	NA	23	1204	10	30	70	NA	0.830564784053156
8902_Gorai.009G043400.2_P3_Aza060	217	1/1	0	21	NA	21	1204	10	0	100	NA	0.830564784053156
8902_Gorai.009G043400.2_P3_Aza060	319	0/1	12	9	NA	21	1204	10	57	43	NA	0.830564784053156
8902_Gorai.009G043400.2_P3_Aza060	370	0/1	11	8	NA	19	1204	10	58	42	NA	0.830564784053156
8902_Gorai.009G043400.2_P3_Aza060	405	0/1	11	15	NA	26	1204	10	42	58	NA	0.830564784053156
8902_Gorai.009G043400.2_P3_Aza060	490	0/1	8	8	NA	16	1204	10	50	50	NA	0.830564784053156
8902_Gorai.009G043400.2_P3_Aza060	580	1/1	2	7	NA	9	1204	10	22	78	NA	0.830564784053156
8902_Gorai.009G043400.2_P3_Aza060_3	49	1/1	0	5	NA	5	1204	11	0	100	NA	0.913621262458472
8902_Gorai.009G043400.2_P3_Aza060_3	80	1/1	0	8	NA	8	1204	11	0	100	NA	0.913621262458472
8902_Gorai.009G043400.2_P3_Aza060_3	82	1/1	0	9	NA	9	1204	11	0	100	NA	0.913621262458472
8902_Gorai.009G043400.2_P3_Aza060_3	94	1/1	0	10	NA	10	1204	11	0	100	NA	0.913621262458472
8902_Gorai.009G043400.2_P3_Aza060_3	184	1/1	0	15	NA	15	1204	11	0	100	NA	0.913621262458472
8902_Gorai.009G043400.2_P3_Aza060_3	217	1/1	0	16	NA	16	1204	11	0	100	NA	0.913621262458472
8902_Gorai.009G043400.2_P3_Aza060_3	280	1/1	5	9	NA	14	1204	11	36	64	NA	0.913621262458472
8902_Gorai.009G043400.2_P3_Aza060_3	319	1/1	5	10	NA	15	1204	11	33	67	NA	0.913621262458472
8902_Gorai.009G043400.2_P3_Aza060_3	328	1/1	5	6	NA	11	1204	11	45	55	NA	0.913621262458472
8902_Gorai.009G043400.2_P3_Aza060_3	343	0/1	10	7	NA	17	1204	11	59	41	NA	0.913621262458472
8902_Gorai.009G043400.2_P3_Aza060_3	911	1/1	2	19	NA	21	1204	11	10	90	NA	0.913621262458472
9057_Gorai.009G271600.2_P1_Aza060	1178	1/1	0	16	NA	16	1659	2	0	100	NA	0.120554550934298
9057_Gorai.009G271600.2_P1_Aza060	1291	1/1	4	4	NA	8	1659	2	50	50	NA	0.120554550934298
9057_Gorai.009G271600.2_P1_Aza060_3	1119	0/1	6	4	NA	10	1659	12	60	40	NA	0.723327305605787
9057_Gorai.009G271600.2_P1_Aza060_3	1158	0/1	9	7	NA	16	1659	12	56	44	NA	0.723327305605787
9057_Gorai.009G271600.2_P1_Aza060_3	1178	0/1	4	15	NA	19	1659	12	21	79	NA	0.723327305605787
9057_Gorai.009G271600.2_P1_Aza060_3	1184	0/1	10	7	NA	17	1659	12	59	41	NA	0.723327305605787
9057_Gorai.009G271600.2_P1_Aza060_3	1283	0/1	23	8	NA	31	1659	12	74	26	NA	0.723327305605787
9057_Gorai.009G271600.2_P1_Aza060_3	1291	0/1	15	18	NA	33	1659	12	45	55	NA	0.723327305605787
9057_Gorai.009G271600.2_P1_Aza060_3	1311	0/1	15	17	NA	32	1659	12	47	53	NA	0.723327305605787
9057_Gorai.009G271600.2_P1_Aza060_3	1312	0/1	15	17	NA	32	1659	12	47	53	NA	0.723327305605787
9057_Gorai.009G271600.2_P1_Aza060_3	1313	0/1	20	15	NA	35	1659	12	57	43	NA	0.723327305605787
9057_Gorai.009G271600.2_P1_Aza060_3	1321	0/1	21	14	NA	35	1659	12	60	40	NA	0.723327305605787
9057_Gorai.009G271600.2_P1_Aza060_3	1325	0/1	23	14	NA	37	1659	12	62	38	NA	0.723327305605787
9057_Gorai.009G271600.2_P1_Aza060_3	1335	0/1	26	12	NA	38	1659	12	68	32	NA	0.723327305605787
9057_Gorai.009G271600.2_P2_Aza060	67	1/1	1	5	NA	6	1019	7	17	83	NA	0.686947988223749
9057_Gorai.009G271600.2_P2_Aza060	72	1/1	0	6	NA	6	1019	7	0	100	NA	0.686947988223749
9057_Gorai.009G271600.2_P2_Aza060	101	0/1	1	6	NA	7	1019	7	14	86	NA	0.686947988223749
9057_Gorai.009G271600.2_P2_Aza060	119	0/1	4	4	NA	8	1019	7	50	50	NA	0.686947988223749
9057_Gorai.009G271600.2_P2_Aza060	120	0/1	1	7	NA	8	1019	7	12	88	NA	0.686947988223749
9057_Gorai.009G271600.2_P2_Aza060	209	0/1	9	6	NA	15	1019	7	60	40	NA	0.686947988223749
9057_Gorai.009G271600.2_P2_Aza060	221	1/1	0	15	NA	15	1019	7	0	100	NA	0.686947988223749
9057_Gorai.009G271600.2_P2_Aza060_3	101	1/1	0	8	NA	8	1019	10	0	100	NA	0.98135426889107
9057_Gorai.009G271600.2_P2_Aza060_3	120	1/1	0	9	NA	9	1019	10	0	100	NA	0.98135426889107
9057_Gorai.009G271600.2_P2_Aza060_3	221	1/1	0	14	NA	14	1019	10	0	100	NA	0.98135426889107
9057_Gorai.009G271600.2_P2_Aza060_3	248	1/1	2	11	NA	13	1019	10	15	85	NA	0.98135426889107
9057_Gorai.009G271600.2_P2_Aza060_3	257	1/1	3	9	NA	12	1019	10	25	75	NA	0.98135426889107
9057_Gorai.009G271600.2_P2_Aza060_3	284	1/1	4	8	NA	12	1019	10	33	67	NA	0.98135426889107
9057_Gorai.009G271600.2_P2_Aza060_3	287	1/1	4	8	NA	12	1019	10	33	67	NA	0.98135426889107
9057_Gorai.009G271600.2_P2_Aza060_3	293	1/1	5	7	NA	12	1019	10	42	58	NA	0.98135426889107
9057_Gorai.009G271600.2_P2_Aza060_3	296	1/1	5	7	NA	12	1019	10	42	58	NA	0.98135426889107
9057_Gorai.009G271600.2_P2_Aza060_3	321	1/1	6	5	NA	11	1019	10	55	45	NA	0.98135426889107
9156_Gorai.009G268200.2_P2_Aza060	183	1/1	0	10	NA	10	2374	26	0	100	NA	1.09519797809604
9156_Gorai.009G268200.2_P2_Aza060	1527	0/1	15	40	NA	55	2374	26	27	73	NA	1.09519797809604
9156_Gorai.009G268200.2_P2_Aza060	1584	0/1	33	34	NA	67	2374	26	49	51	NA	1.09519797809604
9156_Gorai.009G268200.2_P2_Aza060	1587	0/1	53	14	NA	67	2374	26	79	21	NA	1.09519797809604
9156_Gorai.009G268200.2_P2_Aza060	1608	0/1	54	17	NA	71	2374	26	76	24	NA	1.09519797809604
9156_Gorai.009G268200.2_P2_Aza060	1629	0/1	53	23	NA	76	2374	26	70	30	NA	1.09519797809604
9156_Gorai.009G268200.2_P2_Aza060	1641	0/1	44	29	NA	73	2374	26	60	40	NA	1.09519797809604
9156_Gorai.009G268200.2_P2_Aza060	1647	0/1	49	27	NA	76	2374	26	64	36	NA	1.09519797809604
9156_Gorai.009G268200.2_P2_Aza060	1650	0/1	57	19	NA	76	2374	26	75	25	NA	1.09519797809604
9156_Gorai.009G268200.2_P2_Aza060	1662	0/1	43	31	NA	74	2374	26	58	42	NA	1.09519797809604
9156_Gorai.009G268200.2_P2_Aza060	1686	0/1	46	30	NA	76	2374	26	61	39	NA	1.09519797809604
9156_Gorai.009G268200.2_P2_Aza060	1707	1/2	2	36	31	69	2374	26	3	52	45	1.09519797809604
9156_Gorai.009G268200.2_P2_Aza060	1755	0/1	41	29	NA	70	2374	26	59	41	NA	1.09519797809604
9156_Gorai.009G268200.2_P2_Aza060	1761	0/1	38	28	NA	66	2374	26	58	42	NA	1.09519797809604
9156_Gorai.009G268200.2_P2_Aza060	1767	0/1	39	28	NA	67	2374	26	58	42	NA	1.09519797809604
9156_Gorai.009G268200.2_P2_Aza060	1776	0/1	40	23	NA	63	2374	26	63	37	NA	1.09519797809604
9156_Gorai.009G268200.2_P2_Aza060	1794	0/1	33	22	NA	55	2374	26	60	40	NA	1.09519797809604
9156_Gorai.009G268200.2_P2_Aza060	1803	0/1	32	11	NA	43	2374	26	74	26	NA	1.09519797809604
9156_Gorai.009G268200.2_P2_Aza060	1824	0/1	28	15	NA	43	2374	26	65	35	NA	1.09519797809604
9156_Gorai.009G268200.2_P2_Aza060	1851	0/1	15	22	NA	37	2374	26	41	59	NA	1.09519797809604
9156_Gorai.009G268200.2_P2_Aza060	2031	0/1	7	5	NA	12	2374	26	58	42	NA	1.09519797809604
9156_Gorai.009G268200.2_P2_Aza060	2064	0/1	7	15	NA	22	2374	26	32	68	NA	1.09519797809604
9156_Gorai.009G268200.2_P2_Aza060	2098	0/1	7	23	NA	30	2374	26	23	77	NA	1.09519797809604
9156_Gorai.009G268200.2_P2_Aza060	2130	0/1	6	26	NA	32	2374	26	19	81	NA	1.09519797809604
9156_Gorai.009G268200.2_P2_Aza060	2178	1/1	2	33	NA	35	2374	26	6	94	NA	1.09519797809604
9156_Gorai.009G268200.2_P2_Aza060	2280	0/1	2	19	NA	21	2374	26	10	90	NA	1.09519797809604
9156_Gorai.009G268200.2_P2_Aza060_3	183	1/1	0	6	NA	6	2374	29	0	100	NA	1.22156697556866
9156_Gorai.009G268200.2_P2_Aza060_3	353	1/1	0	4	NA	4	2374	29	0	100	NA	1.22156697556866
9156_Gorai.009G268200.2_P2_Aza060_3	507	1/1	0	7	NA	7	2374	29	0	100	NA	1.22156697556866
9156_Gorai.009G268200.2_P2_Aza060_3	1458	1/1	5	10	NA	15	2374	29	33	67	NA	1.22156697556866
9156_Gorai.009G268200.2_P2_Aza060_3	1464	1/1	5	13	NA	18	2374	29	28	72	NA	1.22156697556866
9156_Gorai.009G268200.2_P2_Aza060_3	1488	1/1	3	16	NA	19	2374	29	16	84	NA	1.22156697556866
9156_Gorai.009G268200.2_P2_Aza060_3	1489	1/1	3	16	NA	19	2374	29	16	84	NA	1.22156697556866
9156_Gorai.009G268200.2_P2_Aza060_3	1500	1/1	4	19	NA	23	2374	29	17	83	NA	1.22156697556866
9156_Gorai.009G268200.2_P2_Aza060_3	1527	1/1	3	23	NA	26	2374	29	12	88	NA	1.22156697556866
9156_Gorai.009G268200.2_P2_Aza060_3	1584	0/1	21	14	NA	35	2374	29	60	40	NA	1.22156697556866
9156_Gorai.009G268200.2_P2_Aza060_3	1641	0/1	14	28	NA	42	2374	29	33	67	NA	1.22156697556866
9156_Gorai.009G268200.2_P2_Aza060_3	1692	0/1	32	15	NA	47	2374	29	68	32	NA	1.22156697556866
9156_Gorai.009G268200.2_P2_Aza060_3	1851	0/1	12	18	NA	30	2374	29	40	60	NA	1.22156697556866
9156_Gorai.009G268200.2_P2_Aza060_3	1998	0/1	10	5	NA	15	2374	29	67	33	NA	1.22156697556866
9156_Gorai.009G268200.2_P2_Aza060_3	2020	0/1	11	11	NA	22	2374	29	50	50	NA	1.22156697556866
9156_Gorai.009G268200.2_P2_Aza060_3	2022	0/1	12	11	NA	23	2374	29	52	48	NA	1.22156697556866
9156_Gorai.009G268200.2_P2_Aza060_3	2031	0/1	11	17	NA	28	2374	29	39	61	NA	1.22156697556866
9156_Gorai.009G268200.2_P2_Aza060_3	2064	0/1	23	18	NA	41	2374	29	56	44	NA	1.22156697556866
9156_Gorai.009G268200.2_P2_Aza060_3	2098	0/1	28	22	NA	50	2374	29	56	44	NA	1.22156697556866
9156_Gorai.009G268200.2_P2_Aza060_3	2130	0/1	28	27	NA	55	2374	29	51	49	NA	1.22156697556866
9156_Gorai.009G268200.2_P2_Aza060_3	2131	0/1	27	27	NA	54	2374	29	50	50	NA	1.22156697556866
9156_Gorai.009G268200.2_P2_Aza060_3	2169	0/1	39	14	NA	53	2374	29	74	26	NA	1.22156697556866
9156_Gorai.009G268200.2_P2_Aza060_3	2172	0/1	22	30	NA	52	2374	29	42	58	NA	1.22156697556866
9156_Gorai.009G268200.2_P2_Aza060_3	2178	1/2	1	32	21	54	2374	29	2	59	39	1.22156697556866
9156_Gorai.009G268200.2_P2_Aza060_3	2193	0/1	34	20	NA	54	2374	29	63	37	NA	1.22156697556866
9156_Gorai.009G268200.2_P2_Aza060_3	2196	0/1	34	19	NA	53	2374	29	64	36	NA	1.22156697556866
9156_Gorai.009G268200.2_P2_Aza060_3	2253	1/2	1	16	18	35	2374	29	3	46	51	1.22156697556866
9156_Gorai.009G268200.2_P2_Aza060_3	2271	0/1	17	11	NA	28	2374	29	61	39	NA	1.22156697556866
9156_Gorai.009G268200.2_P2_Aza060_3	2280	1/1	1	22	NA	23	2374	29	4	96	NA	1.22156697556866
923_Gorai.005G170300.2_P1_Aza060	944	1/1	15	26	NA	41	2892	1	37	63	NA	0.0345781466113416
9263_Gorai.004G098000.1_P1_Aza060	339	0/1	32	13	NA	45	1251	18	71	29	NA	1.43884892086331
9263_Gorai.004G098000.1_P1_Aza060	372	0/1	25	17	NA	42	1251	18	60	40	NA	1.43884892086331
9263_Gorai.004G098000.1_P1_Aza060	420	0/1	15	25	NA	40	1251	18	38	62	NA	1.43884892086331
9263_Gorai.004G098000.1_P1_Aza060	437	0/1	11	26	NA	37	1251	18	30	70	NA	1.43884892086331
9263_Gorai.004G098000.1_P1_Aza060	588	0/1	22	21	NA	43	1251	18	51	49	NA	1.43884892086331
9263_Gorai.004G098000.1_P1_Aza060	606	0/1	30	14	NA	44	1251	18	68	32	NA	1.43884892086331
9263_Gorai.004G098000.1_P1_Aza060	654	0/1	27	21	NA	48	1251	18	56	44	NA	1.43884892086331
9263_Gorai.004G098000.1_P1_Aza060	702	0/1	34	10	NA	44	1251	18	77	23	NA	1.43884892086331
9263_Gorai.004G098000.1_P1_Aza060	777	1/1	0	27	NA	27	1251	18	0	100	NA	1.43884892086331
9263_Gorai.004G098000.1_P1_Aza060	780	1/1	0	26	NA	26	1251	18	0	100	NA	1.43884892086331
9263_Gorai.004G098000.1_P1_Aza060	988	1/1	8	7	NA	15	1251	18	53	47	NA	1.43884892086331
9263_Gorai.004G098000.1_P1_Aza060	997	1/1	8	9	NA	17	1251	18	47	53	NA	1.43884892086331
9263_Gorai.004G098000.1_P1_Aza060	1006	1/1	8	11	NA	19	1251	18	42	58	NA	1.43884892086331
9263_Gorai.004G098000.1_P1_Aza060	1045	1/1	6	16	NA	22	1251	18	27	73	NA	1.43884892086331
9263_Gorai.004G098000.1_P1_Aza060	1075	1/1	5	16	NA	21	1251	18	24	76	NA	1.43884892086331
9263_Gorai.004G098000.1_P1_Aza060	1095	1/1	5	15	NA	20	1251	18	25	75	NA	1.43884892086331
9263_Gorai.004G098000.1_P1_Aza060	1182	1/1	2	7	NA	9	1251	18	22	78	NA	1.43884892086331
9263_Gorai.004G098000.1_P1_Aza060	1222	1/1	1	4	NA	5	1251	18	20	80	NA	1.43884892086331
9263_Gorai.004G098000.1_P1_Aza060_3	217	0/1	18	12	NA	30	1251	19	60	40	NA	1.51878497202238
9263_Gorai.004G098000.1_P1_Aza060_3	339	0/1	30	23	NA	53	1251	19	57	43	NA	1.51878497202238
9263_Gorai.004G098000.1_P1_Aza060_3	360	0/1	37	18	NA	55	1251	19	67	33	NA	1.51878497202238
9263_Gorai.004G098000.1_P1_Aza060_3	372	1/1	26	31	NA	57	1251	19	46	54	NA	1.51878497202238
9263_Gorai.004G098000.1_P1_Aza060_3	420	1/1	17	39	NA	56	1251	19	30	70	NA	1.51878497202238
9263_Gorai.004G098000.1_P1_Aza060_3	437	1/1	11	42	NA	53	1251	19	21	79	NA	1.51878497202238
9263_Gorai.004G098000.1_P1_Aza060_3	438	0/1	37	17	NA	54	1251	19	69	31	NA	1.51878497202238
9263_Gorai.004G098000.1_P1_Aza060_3	606	0/1	33	18	NA	51	1251	19	65	35	NA	1.51878497202238
9263_Gorai.004G098000.1_P1_Aza060_3	654	0/1	25	23	NA	48	1251	19	52	48	NA	1.51878497202238
9263_Gorai.004G098000.1_P1_Aza060_3	777	1/1	0	20	NA	20	1251	19	0	100	NA	1.51878497202238
9263_Gorai.004G098000.1_P1_Aza060_3	780	1/1	0	20	NA	20	1251	19	0	100	NA	1.51878497202238
9263_Gorai.004G098000.1_P1_Aza060_3	825	1/1	0	9	NA	9	1251	19	0	100	NA	1.51878497202238
9263_Gorai.004G098000.1_P1_Aza060_3	827	1/1	0	9	NA	9	1251	19	0	100	NA	1.51878497202238
9263_Gorai.004G098000.1_P1_Aza060_3	834	1/1	0	7	NA	7	1251	19	0	100	NA	1.51878497202238
9263_Gorai.004G098000.1_P1_Aza060_3	1045	1/1	0	13	NA	13	1251	19	0	100	NA	1.51878497202238
9263_Gorai.004G098000.1_P1_Aza060_3	1075	1/1	0	13	NA	13	1251	19	0	100	NA	1.51878497202238
9263_Gorai.004G098000.1_P1_Aza060_3	1095	1/1	0	11	NA	11	1251	19	0	100	NA	1.51878497202238
9263_Gorai.004G098000.1_P1_Aza060_3	1108	1/1	0	11	NA	11	1251	19	0	100	NA	1.51878497202238
9263_Gorai.004G098000.1_P1_Aza060_3	1182	1/1	1	8	NA	9	1251	19	11	89	NA	1.51878497202238
9516_Gorai.010G134100.1_Aza060	2204	1/1	0	16	NA	16	2359	3	0	100	NA	0.127172530733362
9516_Gorai.010G134100.1_Aza060	2308	1/1	0	6	NA	6	2359	3	0	100	NA	0.127172530733362
9516_Gorai.010G134100.1_Aza060	2332	1/1	0	3	NA	3	2359	3	0	100	NA	0.127172530733362
9516_Gorai.010G134100.1_Aza060_3	2204	1/1	1	13	NA	14	2359	2	7	93	NA	0.0847816871555744
9516_Gorai.010G134100.1_Aza060_3	2308	1/1	0	7	NA	7	2359	2	0	100	NA	0.0847816871555744
959_Gorai.001G017000.1_P2_Aza060	656	1/1	5	5	NA	10	1319	21	50	50	NA	1.59211523881729
959_Gorai.001G017000.1_P2_Aza060	684	1/1	5	7	NA	12	1319	21	42	58	NA	1.59211523881729
959_Gorai.001G017000.1_P2_Aza060	725	1/1	3	10	NA	13	1319	21	23	77	NA	1.59211523881729
959_Gorai.001G017000.1_P2_Aza060	754	1/1	3	12	NA	15	1319	21	20	80	NA	1.59211523881729
959_Gorai.001G017000.1_P2_Aza060	769	1/1	3	12	NA	15	1319	21	20	80	NA	1.59211523881729
959_Gorai.001G017000.1_P2_Aza060	787	1/1	2	12	NA	14	1319	21	14	86	NA	1.59211523881729
959_Gorai.001G017000.1_P2_Aza060	789	1/1	3	12	NA	15	1319	21	20	80	NA	1.59211523881729
959_Gorai.001G017000.1_P2_Aza060	805	1/1	2	13	NA	15	1319	21	13	87	NA	1.59211523881729
959_Gorai.001G017000.1_P2_Aza060	847	0/1	14	6	NA	20	1319	21	70	30	NA	1.59211523881729
959_Gorai.001G017000.1_P2_Aza060	862	0/1	8	13	NA	21	1319	21	38	62	NA	1.59211523881729
959_Gorai.001G017000.1_P2_Aza060	864	0/1	13	8	NA	21	1319	21	62	38	NA	1.59211523881729
959_Gorai.001G017000.1_P2_Aza060	867	0/1	13	9	NA	22	1319	21	59	41	NA	1.59211523881729
959_Gorai.001G017000.1_P2_Aza060	934	1/1	5	13	NA	18	1319	21	28	72	NA	1.59211523881729
959_Gorai.001G017000.1_P2_Aza060	955	1/1	5	16	NA	21	1319	21	24	76	NA	1.59211523881729
959_Gorai.001G017000.1_P2_Aza060	1042	1/1	0	13	NA	13	1319	21	0	100	NA	1.59211523881729
959_Gorai.001G017000.1_P2_Aza060	1086	1/1	0	9	NA	9	1319	21	0	100	NA	1.59211523881729
959_Gorai.001G017000.1_P2_Aza060	1117	1/1	0	6	NA	6	1319	21	0	100	NA	1.59211523881729
959_Gorai.001G017000.1_P2_Aza060	1132	1/1	0	6	NA	6	1319	21	0	100	NA	1.59211523881729
959_Gorai.001G017000.1_P2_Aza060	1141	1/1	0	6	NA	6	1319	21	0	100	NA	1.59211523881729
959_Gorai.001G017000.1_P2_Aza060	1148	1/1	0	6	NA	6	1319	21	0	100	NA	1.59211523881729
959_Gorai.001G017000.1_P2_Aza060	1152	1/1	0	6	NA	6	1319	21	0	100	NA	1.59211523881729
959_Gorai.001G017000.1_P2_Aza060_3	805	1/1	2	24	NA	26	1319	15	8	92	NA	1.13722517058378
959_Gorai.001G017000.1_P2_Aza060_3	862	1/1	3	18	NA	21	1319	15	14	86	NA	1.13722517058378
959_Gorai.001G017000.1_P2_Aza060_3	911	0/1	12	5	NA	17	1319	15	71	29	NA	1.13722517058378
959_Gorai.001G017000.1_P2_Aza060_3	912	0/1	11	6	NA	17	1319	15	65	35	NA	1.13722517058378
959_Gorai.001G017000.1_P2_Aza060_3	919	0/1	8	8	NA	16	1319	15	50	50	NA	1.13722517058378
959_Gorai.001G017000.1_P2_Aza060_3	934	0/1	8	11	NA	19	1319	15	42	58	NA	1.13722517058378
959_Gorai.001G017000.1_P2_Aza060_3	951	0/1	15	7	NA	22	1319	15	68	32	NA	1.13722517058378
959_Gorai.001G017000.1_P2_Aza060_3	955	1/1	6	15	NA	21	1319	15	29	71	NA	1.13722517058378
959_Gorai.001G017000.1_P2_Aza060_3	1042	1/1	0	16	NA	16	1319	15	0	100	NA	1.13722517058378
959_Gorai.001G017000.1_P2_Aza060_3	1086	1/1	2	10	NA	12	1319	15	17	83	NA	1.13722517058378
959_Gorai.001G017000.1_P2_Aza060_3	1117	1/1	0	11	NA	11	1319	15	0	100	NA	1.13722517058378
959_Gorai.001G017000.1_P2_Aza060_3	1132	0/1	2	6	NA	8	1319	15	25	75	NA	1.13722517058378
959_Gorai.001G017000.1_P2_Aza060_3	1141	0/1	2	6	NA	8	1319	15	25	75	NA	1.13722517058378
959_Gorai.001G017000.1_P2_Aza060_3	1148	1/1	0	8	NA	8	1319	15	0	100	NA	1.13722517058378
959_Gorai.001G017000.1_P2_Aza060_3	1152	1/1	0	8	NA	8	1319	15	0	100	NA	1.13722517058378
959_Gorai.001G017000.1_P3_Aza060	13	1/1	0	2	NA	2	1239	4	0	100	NA	0.322841000807102
959_Gorai.001G017000.1_P3_Aza060	15	1/1	0	2	NA	2	1239	4	0	100	NA	0.322841000807102
959_Gorai.001G017000.1_P3_Aza060	64	1/1	0	2	NA	2	1239	4	0	100	NA	0.322841000807102
959_Gorai.001G017000.1_P3_Aza060	518	1/1	0	22	NA	22	1239	4	0	100	NA	0.322841000807102
959_Gorai.001G017000.1_P3_Aza060_3	31	0/1	1	3	NA	4	1239	4	25	75	NA	0.322841000807102
959_Gorai.001G017000.1_P3_Aza060_3	49	0/1	1	3	NA	4	1239	4	25	75	NA	0.322841000807102
959_Gorai.001G017000.1_P3_Aza060_3	59	0/1	1	3	NA	4	1239	4	25	75	NA	0.322841000807102
959_Gorai.001G017000.1_P3_Aza060_3	518	1/1	0	13	NA	13	1239	4	0	100	NA	0.322841000807102
9657_Gorai.004G033500.2_Aza060	1973	1/1	4	7	NA	11	2301	6	36	64	NA	0.260756192959583
9657_Gorai.004G033500.2_Aza060	1975	1/1	4	7	NA	11	2301	6	36	64	NA	0.260756192959583
9657_Gorai.004G033500.2_Aza060	1990	1/1	3	7	NA	10	2301	6	30	70	NA	0.260756192959583
9657_Gorai.004G033500.2_Aza060	2046	1/1	1	8	NA	9	2301	6	11	89	NA	0.260756192959583
9657_Gorai.004G033500.2_Aza060	2066	1/1	0	8	NA	8	2301	6	0	100	NA	0.260756192959583
9657_Gorai.004G033500.2_Aza060	2111	1/1	0	7	NA	7	2301	6	0	100	NA	0.260756192959583
9657_Gorai.004G033500.2_Aza060_3	1949	1/1	2	7	NA	9	2301	7	22	78	NA	0.304215558452847
9657_Gorai.004G033500.2_Aza060_3	1973	1/1	2	7	NA	9	2301	7	22	78	NA	0.304215558452847
9657_Gorai.004G033500.2_Aza060_3	1975	1/1	2	8	NA	10	2301	7	20	80	NA	0.304215558452847
9657_Gorai.004G033500.2_Aza060_3	1990	1/1	2	10	NA	12	2301	7	17	83	NA	0.304215558452847
9657_Gorai.004G033500.2_Aza060_3	2046	1/1	2	12	NA	14	2301	7	14	86	NA	0.304215558452847
9657_Gorai.004G033500.2_Aza060_3	2066	1/1	2	10	NA	12	2301	7	17	83	NA	0.304215558452847
9657_Gorai.004G033500.2_Aza060_3	2111	1/1	0	11	NA	11	2301	7	0	100	NA	0.304215558452847
