allele	position	GT	ref.reads	alt1.reads	alt2.reads	total.reads	length	var_sites	perc_ref	perc_alt1	perc_alt2	perc_variant
10149_Gorai.006G244400.2_P2_Aza122_3	1172	1/1	3	17	NA	20	1602	1	15	85	NA	0.0624219725343321
1028_Gorai.013G094000.2_Aza122	715	1/1	0	50	NA	50	1767	1	0	100	NA	0.0565930956423316
1028_Gorai.013G094000.2_Aza122_3	715	1/1	0	32	NA	32	1767	1	0	100	NA	0.0565930956423316
10375_Gorai.003G120400.2_P1_Aza122	1936	1/1	0	9	NA	9	2208	1	0	100	NA	0.0452898550724638
10375_Gorai.003G120400.2_P2_Aza122	468	0/1	4	3	NA	7	1648	3	57	43	NA	0.182038834951456
10375_Gorai.003G120400.2_P2_Aza122	1030	0/1	7	4	NA	11	1648	3	64	36	NA	0.182038834951456
10375_Gorai.003G120400.2_P2_Aza122	1416	0/1	4	4	NA	8	1648	3	50	50	NA	0.182038834951456
10447_Gorai.007G227000.1_Aza122	1669	1/1	0	4	NA	4	2069	4	0	100	NA	0.193330111164814
10447_Gorai.007G227000.1_Aza122	1674	1/1	0	4	NA	4	2069	4	0	100	NA	0.193330111164814
10447_Gorai.007G227000.1_Aza122	1677	1/1	0	4	NA	4	2069	4	0	100	NA	0.193330111164814
10447_Gorai.007G227000.1_Aza122	1681	1/1	0	4	NA	4	2069	4	0	100	NA	0.193330111164814
10447_Gorai.007G227000.1_Aza122_3	1630	1/1	0	4	NA	4	2069	1	0	100	NA	0.0483325277912035
11201_Gorai.009G235000.3_Aza122	140	1/1	0	18	NA	18	1088	4	0	100	NA	0.367647058823529
11201_Gorai.009G235000.3_Aza122	152	1/1	0	17	NA	17	1088	4	0	100	NA	0.367647058823529
11201_Gorai.009G235000.3_Aza122	239	1/1	1	13	NA	14	1088	4	7	93	NA	0.367647058823529
11201_Gorai.009G235000.3_Aza122	254	1/1	1	12	NA	13	1088	4	8	92	NA	0.367647058823529
11201_Gorai.009G235000.3_Aza122_3	78	1/1	2	9	NA	11	1088	4	18	82	NA	0.367647058823529
11201_Gorai.009G235000.3_Aza122_3	140	0/1	3	13	NA	16	1088	4	19	81	NA	0.367647058823529
11201_Gorai.009G235000.3_Aza122_3	152	0/1	3	13	NA	16	1088	4	19	81	NA	0.367647058823529
11201_Gorai.009G235000.3_Aza122_3	239	1/1	0	10	NA	10	1088	4	0	100	NA	0.367647058823529
11217_Gorai.002G050300.2_P1_Aza122	325	1/1	3	13	NA	16	1365	12	19	81	NA	0.879120879120879
11217_Gorai.002G050300.2_P1_Aza122	549	0/1	8	6	NA	14	1365	12	57	43	NA	0.879120879120879
11217_Gorai.002G050300.2_P1_Aza122	631	1/1	0	28	NA	28	1365	12	0	100	NA	0.879120879120879
11217_Gorai.002G050300.2_P1_Aza122	670	1/1	0	34	NA	34	1365	12	0	100	NA	0.879120879120879
11217_Gorai.002G050300.2_P1_Aza122	773	1/1	1	28	NA	29	1365	12	3	97	NA	0.879120879120879
11217_Gorai.002G050300.2_P1_Aza122	799	1/1	1	26	NA	27	1365	12	4	96	NA	0.879120879120879
11217_Gorai.002G050300.2_P1_Aza122	1007	1/1	17	11	NA	28	1365	12	61	39	NA	0.879120879120879
11217_Gorai.002G050300.2_P1_Aza122	1027	1/1	17	15	NA	32	1365	12	53	47	NA	0.879120879120879
11217_Gorai.002G050300.2_P1_Aza122	1054	1/1	15	22	NA	37	1365	12	41	59	NA	0.879120879120879
11217_Gorai.002G050300.2_P1_Aza122	1060	1/1	14	24	NA	38	1365	12	37	63	NA	0.879120879120879
11217_Gorai.002G050300.2_P1_Aza122	1135	1/1	0	35	NA	35	1365	12	0	100	NA	0.879120879120879
11217_Gorai.002G050300.2_P1_Aza122	1198	1/1	0	37	NA	37	1365	12	0	100	NA	0.879120879120879
11217_Gorai.002G050300.2_P1_Aza122_3	325	1/1	2	21	NA	23	1365	19	9	91	NA	1.39194139194139
11217_Gorai.002G050300.2_P1_Aza122_3	631	1/1	4	19	NA	23	1365	19	17	83	NA	1.39194139194139
11217_Gorai.002G050300.2_P1_Aza122_3	670	1/1	5	23	NA	28	1365	19	18	82	NA	1.39194139194139
11217_Gorai.002G050300.2_P1_Aza122_3	773	0/1	7	19	NA	26	1365	19	27	73	NA	1.39194139194139
11217_Gorai.002G050300.2_P1_Aza122_3	799	0/1	9	17	NA	26	1365	19	35	65	NA	1.39194139194139
11217_Gorai.002G050300.2_P1_Aza122_3	808	0/1	16	9	NA	25	1365	19	64	36	NA	1.39194139194139
11217_Gorai.002G050300.2_P1_Aza122_3	835	0/1	9	11	NA	20	1365	19	45	55	NA	1.39194139194139
11217_Gorai.002G050300.2_P1_Aza122_3	850	0/1	9	6	NA	15	1365	19	60	40	NA	1.39194139194139
11217_Gorai.002G050300.2_P1_Aza122_3	854	0/1	8	6	NA	14	1365	19	57	43	NA	1.39194139194139
11217_Gorai.002G050300.2_P1_Aza122_3	934	1/1	5	7	NA	12	1365	19	42	58	NA	1.39194139194139
11217_Gorai.002G050300.2_P1_Aza122_3	1051	0/1	16	12	NA	28	1365	19	57	43	NA	1.39194139194139
11217_Gorai.002G050300.2_P1_Aza122_3	1060	1/1	1	28	NA	29	1365	19	3	97	NA	1.39194139194139
11217_Gorai.002G050300.2_P1_Aza122_3	1135	1/1	0	39	NA	39	1365	19	0	100	NA	1.39194139194139
11217_Gorai.002G050300.2_P1_Aza122_3	1198	1/1	0	36	NA	36	1365	19	0	100	NA	1.39194139194139
11217_Gorai.002G050300.2_P1_Aza122_3	1204	0/1	14	23	NA	37	1365	19	38	62	NA	1.39194139194139
11217_Gorai.002G050300.2_P1_Aza122_3	1258	0/1	14	11	NA	25	1365	19	56	44	NA	1.39194139194139
11217_Gorai.002G050300.2_P1_Aza122_3	1261	0/1	11	14	NA	25	1365	19	44	56	NA	1.39194139194139
11217_Gorai.002G050300.2_P1_Aza122_3	1303	0/1	10	7	NA	17	1365	19	59	41	NA	1.39194139194139
11217_Gorai.002G050300.2_P1_Aza122_3	1312	0/1	8	6	NA	14	1365	19	57	43	NA	1.39194139194139
11382_Gorai.009G038200.1_Aza122_3	1237	1/1	3	5	NA	8	2362	1	38	62	NA	0.0423370025402202
1189_Gorai.008G016300.1_P1_Aza122	125	1/1	0	23	NA	23	3823	10	0	100	NA	0.261574679571018
1189_Gorai.008G016300.1_P1_Aza122	176	1/1	0	33	NA	33	3823	10	0	100	NA	0.261574679571018
1189_Gorai.008G016300.1_P1_Aza122	214	1/1	0	42	NA	42	3823	10	0	100	NA	0.261574679571018
1189_Gorai.008G016300.1_P1_Aza122	234	0/1	21	21	NA	42	3823	10	50	50	NA	0.261574679571018
1189_Gorai.008G016300.1_P1_Aza122	237	0/1	21	21	NA	42	3823	10	50	50	NA	0.261574679571018
1189_Gorai.008G016300.1_P1_Aza122	260	1/1	0	41	NA	41	3823	10	0	100	NA	0.261574679571018
1189_Gorai.008G016300.1_P1_Aza122	274	0/1	19	20	NA	39	3823	10	49	51	NA	0.261574679571018
1189_Gorai.008G016300.1_P1_Aza122	275	1/1	0	39	NA	39	3823	10	0	100	NA	0.261574679571018
1189_Gorai.008G016300.1_P1_Aza122	1708	1/1	25	25	NA	50	3823	10	50	50	NA	0.261574679571018
1189_Gorai.008G016300.1_P1_Aza122	2847	1/1	3	28	NA	31	3823	10	10	90	NA	0.261574679571018
1189_Gorai.008G016300.1_P1_Aza122_3	38	1/1	0	5	NA	5	3823	11	0	100	NA	0.287732147528119
1189_Gorai.008G016300.1_P1_Aza122_3	110	1/1	0	8	NA	8	3823	11	0	100	NA	0.287732147528119
1189_Gorai.008G016300.1_P1_Aza122_3	134	1/1	0	8	NA	8	3823	11	0	100	NA	0.287732147528119
1189_Gorai.008G016300.1_P1_Aza122_3	317	1/1	0	27	NA	27	3823	11	0	100	NA	0.287732147528119
1189_Gorai.008G016300.1_P1_Aza122_3	356	1/1	0	41	NA	41	3823	11	0	100	NA	0.287732147528119
1189_Gorai.008G016300.1_P1_Aza122_3	400	1/1	0	53	NA	53	3823	11	0	100	NA	0.287732147528119
1189_Gorai.008G016300.1_P1_Aza122_3	419	0/1	33	30	NA	63	3823	11	52	48	NA	0.287732147528119
1189_Gorai.008G016300.1_P1_Aza122_3	467	1/1	0	68	NA	68	3823	11	0	100	NA	0.287732147528119
1189_Gorai.008G016300.1_P1_Aza122_3	563	1/1	17	37	NA	54	3823	11	31	69	NA	0.287732147528119
1189_Gorai.008G016300.1_P1_Aza122_3	1708	1/1	19	11	NA	30	3823	11	63	37	NA	0.287732147528119
1189_Gorai.008G016300.1_P1_Aza122_3	2847	1/1	0	20	NA	20	3823	11	0	100	NA	0.287732147528119
12126_Gorai.001G182500.1_Aza122	889	0/1	6	3	NA	9	1131	2	67	33	NA	0.17683465959328
12126_Gorai.001G182500.1_Aza122	890	0/1	6	3	NA	9	1131	2	67	33	NA	0.17683465959328
12182_Gorai.001G115500.2_Aza122	2233	1/1	0	6	NA	6	2411	3	0	100	NA	0.12442969722107
12182_Gorai.001G115500.2_Aza122	2257	1/1	0	4	NA	4	2411	3	0	100	NA	0.12442969722107
12182_Gorai.001G115500.2_Aza122	2270	1/1	0	4	NA	4	2411	3	0	100	NA	0.12442969722107
1316_Gorai.010G255400.1_Aza122	1036	1/1	0	6	NA	6	6082	4	0	100	NA	0.0657678395264716
1316_Gorai.010G255400.1_Aza122	1039	1/1	0	6	NA	6	6082	4	0	100	NA	0.0657678395264716
1316_Gorai.010G255400.1_Aza122	1040	1/1	0	6	NA	6	6082	4	0	100	NA	0.0657678395264716
1316_Gorai.010G255400.1_Aza122	1661	1/1	0	14	NA	14	6082	4	0	100	NA	0.0657678395264716
1316_Gorai.010G255400.1_Aza122_3	3864	1/1	0	6	NA	6	6082	1	0	100	NA	0.0164419598816179
13380_Gorai.012G123900.8_Aza122	1169	1/1	0	6	NA	6	1773	1	0	100	NA	0.0564015792442188
13692_Gorai.005G223700.2_P1_Aza122_3	1388	1/1	0	9	NA	9	1445	4	0	100	NA	0.27681660899654
13692_Gorai.005G223700.2_P1_Aza122_3	1404	0/1	4	6	NA	10	1445	4	40	60	NA	0.27681660899654
13692_Gorai.005G223700.2_P1_Aza122_3	1412	0/1	4	6	NA	10	1445	4	40	60	NA	0.27681660899654
13692_Gorai.005G223700.2_P1_Aza122_3	1437	0/1	4	6	NA	10	1445	4	40	60	NA	0.27681660899654
13692_Gorai.005G223700.2_P2_Aza122	780	0/1	5	3	NA	8	1345	11	62	38	NA	0.817843866171004
13692_Gorai.005G223700.2_P2_Aza122	900	1/1	2	14	NA	16	1345	11	12	88	NA	0.817843866171004
13692_Gorai.005G223700.2_P2_Aza122	922	0/1	10	7	NA	17	1345	11	59	41	NA	0.817843866171004
13692_Gorai.005G223700.2_P2_Aza122	949	0/1	9	7	NA	16	1345	11	56	44	NA	0.817843866171004
13692_Gorai.005G223700.2_P2_Aza122	964	0/1	8	6	NA	14	1345	11	57	43	NA	0.817843866171004
13692_Gorai.005G223700.2_P2_Aza122	971	0/1	4	9	NA	13	1345	11	31	69	NA	0.817843866171004
13692_Gorai.005G223700.2_P2_Aza122	978	0/1	4	8	NA	12	1345	11	33	67	NA	0.817843866171004
13692_Gorai.005G223700.2_P2_Aza122	981	0/1	4	8	NA	12	1345	11	33	67	NA	0.817843866171004
13692_Gorai.005G223700.2_P2_Aza122	987	0/1	4	8	NA	12	1345	11	33	67	NA	0.817843866171004
13692_Gorai.005G223700.2_P2_Aza122	990	0/1	4	8	NA	12	1345	11	33	67	NA	0.817843866171004
13692_Gorai.005G223700.2_P2_Aza122	1008	0/1	4	7	NA	11	1345	11	36	64	NA	0.817843866171004
13692_Gorai.005G223700.2_P2_Aza122_3	810	0/1	8	3	NA	11	1345	6	73	27	NA	0.446096654275093
13692_Gorai.005G223700.2_P2_Aza122_3	894	0/1	4	8	NA	12	1345	6	33	67	NA	0.446096654275093
13692_Gorai.005G223700.2_P2_Aza122_3	900	1/1	0	11	NA	11	1345	6	0	100	NA	0.446096654275093
13692_Gorai.005G223700.2_P2_Aza122_3	957	0/1	4	4	NA	8	1345	6	50	50	NA	0.446096654275093
13692_Gorai.005G223700.2_P2_Aza122_3	971	1/1	0	7	NA	7	1345	6	0	100	NA	0.446096654275093
13692_Gorai.005G223700.2_P2_Aza122_3	990	1/1	0	5	NA	5	1345	6	0	100	NA	0.446096654275093
13787_Gorai.004G162900.1_Aza122	516	1/1	0	15	NA	15	1176	2	0	100	NA	0.170068027210884
13787_Gorai.004G162900.1_Aza122	522	1/1	0	15	NA	15	1176	2	0	100	NA	0.170068027210884
1379_Gorai.007G259700.2_P2_Aza122_3	1192	1/1	3	7	NA	10	3578	1	30	70	NA	0.0279485746226942
1413_Gorai.001G037900.1_P2_Aza122	217	1/1	5	31	NA	36	3048	52	14	86	NA	1.70603674540682
1413_Gorai.001G037900.1_P2_Aza122	224	1/1	5	31	NA	36	3048	52	14	86	NA	1.70603674540682
1413_Gorai.001G037900.1_P2_Aza122	225	1/1	5	31	NA	36	3048	52	14	86	NA	1.70603674540682
1413_Gorai.001G037900.1_P2_Aza122	293	1/1	3	37	NA	40	3048	52	8	92	NA	1.70603674540682
1413_Gorai.001G037900.1_P2_Aza122	335	1/1	1	35	NA	36	3048	52	3	97	NA	1.70603674540682
1413_Gorai.001G037900.1_P2_Aza122	392	1/1	0	28	NA	28	3048	52	0	100	NA	1.70603674540682
1413_Gorai.001G037900.1_P2_Aza122	404	1/1	0	26	NA	26	3048	52	0	100	NA	1.70603674540682
1413_Gorai.001G037900.1_P2_Aza122	439	1/1	0	21	NA	21	3048	52	0	100	NA	1.70603674540682
1413_Gorai.001G037900.1_P2_Aza122	475	1/1	0	19	NA	19	3048	52	0	100	NA	1.70603674540682
1413_Gorai.001G037900.1_P2_Aza122	482	1/2	0	10	8	18	3048	52	0	56	44	1.70603674540682
1413_Gorai.001G037900.1_P2_Aza122	491	1/1	0	15	NA	15	3048	52	0	100	NA	1.70603674540682
1413_Gorai.001G037900.1_P2_Aza122	497	0/1	7	7	NA	14	3048	52	50	50	NA	1.70603674540682
1413_Gorai.001G037900.1_P2_Aza122	507	1/1	0	14	NA	14	3048	52	0	100	NA	1.70603674540682
1413_Gorai.001G037900.1_P2_Aza122	514	1/1	0	13	NA	13	3048	52	0	100	NA	1.70603674540682
1413_Gorai.001G037900.1_P2_Aza122	565	1/1	0	8	NA	8	3048	52	0	100	NA	1.70603674540682
1413_Gorai.001G037900.1_P2_Aza122	717	1/1	0	10	NA	10	3048	52	0	100	NA	1.70603674540682
1413_Gorai.001G037900.1_P2_Aza122	764	1/1	0	11	NA	11	3048	52	0	100	NA	1.70603674540682
1413_Gorai.001G037900.1_P2_Aza122	1926	0/1	30	26	NA	56	3048	52	54	46	NA	1.70603674540682
1413_Gorai.001G037900.1_P2_Aza122	1934	1/1	1	54	NA	55	3048	52	2	98	NA	1.70603674540682
1413_Gorai.001G037900.1_P2_Aza122	2090	1/1	0	26	NA	26	3048	52	0	100	NA	1.70603674540682
1413_Gorai.001G037900.1_P2_Aza122	2113	0/1	10	10	NA	20	3048	52	50	50	NA	1.70603674540682
1413_Gorai.001G037900.1_P2_Aza122	2120	0/1	10	10	NA	20	3048	52	50	50	NA	1.70603674540682
1413_Gorai.001G037900.1_P2_Aza122	2135	1/1	0	18	NA	18	3048	52	0	100	NA	1.70603674540682
1413_Gorai.001G037900.1_P2_Aza122	2140	0/1	7	9	NA	16	3048	52	44	56	NA	1.70603674540682
1413_Gorai.001G037900.1_P2_Aza122	2147	0/1	7	6	NA	13	3048	52	54	46	NA	1.70603674540682
1413_Gorai.001G037900.1_P2_Aza122	2158	1/1	3	13	NA	16	3048	52	19	81	NA	1.70603674540682
1413_Gorai.001G037900.1_P2_Aza122	2176	0/1	9	4	NA	13	3048	52	69	31	NA	1.70603674540682
1413_Gorai.001G037900.1_P2_Aza122	2185	1/1	3	7	NA	10	3048	52	30	70	NA	1.70603674540682
1413_Gorai.001G037900.1_P2_Aza122	2195	1/1	3	6	NA	9	3048	52	33	67	NA	1.70603674540682
1413_Gorai.001G037900.1_P2_Aza122	2221	1/1	4	10	NA	14	3048	52	29	71	NA	1.70603674540682
1413_Gorai.001G037900.1_P2_Aza122	2225	1/1	4	10	NA	14	3048	52	29	71	NA	1.70603674540682
1413_Gorai.001G037900.1_P2_Aza122	2233	1/1	5	10	NA	15	3048	52	33	67	NA	1.70603674540682
1413_Gorai.001G037900.1_P2_Aza122	2275	1/1	10	11	NA	21	3048	52	48	52	NA	1.70603674540682
1413_Gorai.001G037900.1_P2_Aza122	2282	1/1	10	11	NA	21	3048	52	48	52	NA	1.70603674540682
1413_Gorai.001G037900.1_P2_Aza122	2288	1/1	10	11	NA	21	3048	52	48	52	NA	1.70603674540682
1413_Gorai.001G037900.1_P2_Aza122	2301	1/1	9	13	NA	22	3048	52	41	59	NA	1.70603674540682
1413_Gorai.001G037900.1_P2_Aza122	2323	1/1	11	15	NA	26	3048	52	42	58	NA	1.70603674540682
1413_Gorai.001G037900.1_P2_Aza122	2341	1/1	12	17	NA	29	3048	52	41	59	NA	1.70603674540682
1413_Gorai.001G037900.1_P2_Aza122	2360	1/1	11	20	NA	31	3048	52	35	65	NA	1.70603674540682
1413_Gorai.001G037900.1_P2_Aza122	2432	1/1	8	21	NA	29	3048	52	28	72	NA	1.70603674540682
1413_Gorai.001G037900.1_P2_Aza122	2459	1/1	8	17	NA	25	3048	52	32	68	NA	1.70603674540682
1413_Gorai.001G037900.1_P2_Aza122	2469	1/1	8	17	NA	25	3048	52	32	68	NA	1.70603674540682
1413_Gorai.001G037900.1_P2_Aza122	2471	1/1	8	18	NA	26	3048	52	31	69	NA	1.70603674540682
1413_Gorai.001G037900.1_P2_Aza122	2687	1/1	0	6	NA	6	3048	52	0	100	NA	1.70603674540682
1413_Gorai.001G037900.1_P2_Aza122	2692	1/1	0	7	NA	7	3048	52	0	100	NA	1.70603674540682
1413_Gorai.001G037900.1_P2_Aza122	2705	1/1	0	7	NA	7	3048	52	0	100	NA	1.70603674540682
1413_Gorai.001G037900.1_P2_Aza122	2720	1/1	0	7	NA	7	3048	52	0	100	NA	1.70603674540682
1413_Gorai.001G037900.1_P2_Aza122	2768	1/1	1	12	NA	13	3048	52	8	92	NA	1.70603674540682
1413_Gorai.001G037900.1_P2_Aza122	2809	0/1	5	16	NA	21	3048	52	24	76	NA	1.70603674540682
1413_Gorai.001G037900.1_P2_Aza122	2877	0/1	6	14	NA	20	3048	52	30	70	NA	1.70603674540682
1413_Gorai.001G037900.1_P2_Aza122	2923	0/1	6	8	NA	14	3048	52	43	57	NA	1.70603674540682
1413_Gorai.001G037900.1_P2_Aza122	2937	0/1	6	7	NA	13	3048	52	46	54	NA	1.70603674540682
1413_Gorai.001G037900.1_P2_Aza122_3	169	0/1	22	11	NA	33	3048	50	67	33	NA	1.64041994750656
1413_Gorai.001G037900.1_P2_Aza122_3	217	1/1	2	29	NA	31	3048	50	6	94	NA	1.64041994750656
1413_Gorai.001G037900.1_P2_Aza122_3	224	1/1	2	25	NA	27	3048	50	7	93	NA	1.64041994750656
1413_Gorai.001G037900.1_P2_Aza122_3	225	1/1	2	26	NA	28	3048	50	7	93	NA	1.64041994750656
1413_Gorai.001G037900.1_P2_Aza122_3	293	1/1	1	34	NA	35	3048	50	3	97	NA	1.64041994750656
1413_Gorai.001G037900.1_P2_Aza122_3	323	0/1	10	19	NA	29	3048	50	34	66	NA	1.64041994750656
1413_Gorai.001G037900.1_P2_Aza122_3	335	1/1	0	29	NA	29	3048	50	0	100	NA	1.64041994750656
1413_Gorai.001G037900.1_P2_Aza122_3	392	1/1	0	25	NA	25	3048	50	0	100	NA	1.64041994750656
1413_Gorai.001G037900.1_P2_Aza122_3	404	1/1	0	24	NA	24	3048	50	0	100	NA	1.64041994750656
1413_Gorai.001G037900.1_P2_Aza122_3	439	1/1	0	19	NA	19	3048	50	0	100	NA	1.64041994750656
1413_Gorai.001G037900.1_P2_Aza122_3	475	1/1	0	15	NA	15	3048	50	0	100	NA	1.64041994750656
1413_Gorai.001G037900.1_P2_Aza122_3	491	1/1	0	12	NA	12	3048	50	0	100	NA	1.64041994750656
1413_Gorai.001G037900.1_P2_Aza122_3	507	1/1	0	9	NA	9	3048	50	0	100	NA	1.64041994750656
1413_Gorai.001G037900.1_P2_Aza122_3	514	1/1	0	9	NA	9	3048	50	0	100	NA	1.64041994750656
1413_Gorai.001G037900.1_P2_Aza122_3	558	0/1	4	4	NA	8	3048	50	50	50	NA	1.64041994750656
1413_Gorai.001G037900.1_P2_Aza122_3	565	1/1	0	8	NA	8	3048	50	0	100	NA	1.64041994750656
1413_Gorai.001G037900.1_P2_Aza122_3	593	1/1	0	4	NA	4	3048	50	0	100	NA	1.64041994750656
1413_Gorai.001G037900.1_P2_Aza122_3	594	1/1	0	4	NA	4	3048	50	0	100	NA	1.64041994750656
1413_Gorai.001G037900.1_P2_Aza122_3	699	1/1	0	4	NA	4	3048	50	0	100	NA	1.64041994750656
1413_Gorai.001G037900.1_P2_Aza122_3	703	1/1	0	4	NA	4	3048	50	0	100	NA	1.64041994750656
1413_Gorai.001G037900.1_P2_Aza122_3	717	1/1	0	5	NA	5	3048	50	0	100	NA	1.64041994750656
1413_Gorai.001G037900.1_P2_Aza122_3	764	1/1	0	7	NA	7	3048	50	0	100	NA	1.64041994750656
1413_Gorai.001G037900.1_P2_Aza122_3	835	1/1	5	7	NA	12	3048	50	42	58	NA	1.64041994750656
1413_Gorai.001G037900.1_P2_Aza122_3	856	1/1	8	6	NA	14	3048	50	57	43	NA	1.64041994750656
1413_Gorai.001G037900.1_P2_Aza122_3	1857	1/1	0	32	NA	32	3048	50	0	100	NA	1.64041994750656
1413_Gorai.001G037900.1_P2_Aza122_3	1866	0/1	15	16	NA	31	3048	50	48	52	NA	1.64041994750656
1413_Gorai.001G037900.1_P2_Aza122_3	1934	1/1	0	37	NA	37	3048	50	0	100	NA	1.64041994750656
1413_Gorai.001G037900.1_P2_Aza122_3	2090	1/1	0	27	NA	27	3048	50	0	100	NA	1.64041994750656
1413_Gorai.001G037900.1_P2_Aza122_3	2135	1/1	0	18	NA	18	3048	50	0	100	NA	1.64041994750656
1413_Gorai.001G037900.1_P2_Aza122_3	2158	1/1	0	14	NA	14	3048	50	0	100	NA	1.64041994750656
1413_Gorai.001G037900.1_P2_Aza122_3	2185	1/1	0	9	NA	9	3048	50	0	100	NA	1.64041994750656
1413_Gorai.001G037900.1_P2_Aza122_3	2221	1/1	3	10	NA	13	3048	50	23	77	NA	1.64041994750656
1413_Gorai.001G037900.1_P2_Aza122_3	2225	1/1	3	10	NA	13	3048	50	23	77	NA	1.64041994750656
1413_Gorai.001G037900.1_P2_Aza122_3	2233	1/1	4	9	NA	13	3048	50	31	69	NA	1.64041994750656
1413_Gorai.001G037900.1_P2_Aza122_3	2307	0/1	11	14	NA	25	3048	50	44	56	NA	1.64041994750656
1413_Gorai.001G037900.1_P2_Aza122_3	2310	0/1	11	14	NA	25	3048	50	44	56	NA	1.64041994750656
1413_Gorai.001G037900.1_P2_Aza122_3	2341	0/1	13	15	NA	28	3048	50	46	54	NA	1.64041994750656
1413_Gorai.001G037900.1_P2_Aza122_3	2360	0/1	12	16	NA	28	3048	50	43	57	NA	1.64041994750656
1413_Gorai.001G037900.1_P2_Aza122_3	2432	1/1	8	19	NA	27	3048	50	30	70	NA	1.64041994750656
1413_Gorai.001G037900.1_P2_Aza122_3	2459	1/1	8	14	NA	22	3048	50	36	64	NA	1.64041994750656
1413_Gorai.001G037900.1_P2_Aza122_3	2469	1/1	6	13	NA	19	3048	50	32	68	NA	1.64041994750656
1413_Gorai.001G037900.1_P2_Aza122_3	2471	1/1	6	13	NA	19	3048	50	32	68	NA	1.64041994750656
1413_Gorai.001G037900.1_P2_Aza122_3	2705	1/1	0	8	NA	8	3048	50	0	100	NA	1.64041994750656
1413_Gorai.001G037900.1_P2_Aza122_3	2720	1/1	0	11	NA	11	3048	50	0	100	NA	1.64041994750656
1413_Gorai.001G037900.1_P2_Aza122_3	2768	1/1	4	16	NA	20	3048	50	20	80	NA	1.64041994750656
1413_Gorai.001G037900.1_P2_Aza122_3	2809	1/1	7	18	NA	25	3048	50	28	72	NA	1.64041994750656
1413_Gorai.001G037900.1_P2_Aza122_3	2877	1/1	9	16	NA	25	3048	50	36	64	NA	1.64041994750656
1413_Gorai.001G037900.1_P2_Aza122_3	2923	0/1	9	7	NA	16	3048	50	56	44	NA	1.64041994750656
1413_Gorai.001G037900.1_P2_Aza122_3	2937	0/1	9	5	NA	14	3048	50	64	36	NA	1.64041994750656
1413_Gorai.001G037900.1_P2_Aza122_3	2958	0/1	9	5	NA	14	3048	50	64	36	NA	1.64041994750656
14654_Gorai.005G220300.2_Aza122	1470	0/1	5	3	NA	8	3482	6	62	38	NA	0.172314761631246
14654_Gorai.005G220300.2_Aza122	1806	0/1	5	4	NA	9	3482	6	56	44	NA	0.172314761631246
14654_Gorai.005G220300.2_Aza122	2110	0/1	9	3	NA	12	3482	6	75	25	NA	0.172314761631246
14654_Gorai.005G220300.2_Aza122	2519	0/1	12	5	NA	17	3482	6	71	29	NA	0.172314761631246
14654_Gorai.005G220300.2_Aza122	2521	0/1	12	5	NA	17	3482	6	71	29	NA	0.172314761631246
14654_Gorai.005G220300.2_Aza122	2943	0/1	12	5	NA	17	3482	6	71	29	NA	0.172314761631246
1609_Gorai.007G247300.1_P1_Aza122_3	62	1/1	0	8	NA	8	2572	9	0	100	NA	0.349922239502333
1609_Gorai.007G247300.1_P1_Aza122_3	63	1/1	0	9	NA	9	2572	9	0	100	NA	0.349922239502333
1609_Gorai.007G247300.1_P1_Aza122_3	74	1/1	0	9	NA	9	2572	9	0	100	NA	0.349922239502333
1609_Gorai.007G247300.1_P1_Aza122_3	75	1/1	0	9	NA	9	2572	9	0	100	NA	0.349922239502333
1609_Gorai.007G247300.1_P1_Aza122_3	86	1/1	0	10	NA	10	2572	9	0	100	NA	0.349922239502333
1609_Gorai.007G247300.1_P1_Aza122_3	87	1/1	0	10	NA	10	2572	9	0	100	NA	0.349922239502333
1609_Gorai.007G247300.1_P1_Aza122_3	179	1/1	5	11	NA	16	2572	9	31	69	NA	0.349922239502333
1609_Gorai.007G247300.1_P1_Aza122_3	183	1/1	6	11	NA	17	2572	9	35	65	NA	0.349922239502333
1609_Gorai.007G247300.1_P1_Aza122_3	197	1/1	6	11	NA	17	2572	9	35	65	NA	0.349922239502333
1609_Gorai.007G247300.1_P2_Aza122_3	61	1/1	0	12	NA	12	2301	4	0	100	NA	0.173837461973055
1609_Gorai.007G247300.1_P2_Aza122_3	68	1/1	0	12	NA	12	2301	4	0	100	NA	0.173837461973055
1609_Gorai.007G247300.1_P2_Aza122_3	69	1/1	0	12	NA	12	2301	4	0	100	NA	0.173837461973055
1609_Gorai.007G247300.1_P2_Aza122_3	71	1/1	0	12	NA	12	2301	4	0	100	NA	0.173837461973055
16337_Gorai.002G065000.4_Aza122	1422	1/1	0	16	NA	16	1766	1	0	100	NA	0.0566251415628539
16337_Gorai.002G065000.4_Aza122_3	1422	1/1	0	12	NA	12	1766	1	0	100	NA	0.0566251415628539
16799_Gorai.001G133200.2_Aza122_3	1438	1/1	0	7	NA	7	2376	2	0	100	NA	0.0841750841750842
16799_Gorai.001G133200.2_Aza122_3	1441	1/1	0	7	NA	7	2376	2	0	100	NA	0.0841750841750842
180_Gorai.004G293400.1_Aza122_3	6788	1/1	0	10	NA	10	6842	4	0	100	NA	0.0584624378836597
180_Gorai.004G293400.1_Aza122_3	6792	1/1	0	10	NA	10	6842	4	0	100	NA	0.0584624378836597
180_Gorai.004G293400.1_Aza122_3	6795	1/1	0	10	NA	10	6842	4	0	100	NA	0.0584624378836597
180_Gorai.004G293400.1_Aza122_3	6798	1/1	0	10	NA	10	6842	4	0	100	NA	0.0584624378836597
18821_Gorai.009G001000.2_Aza122	1697	0/1	6	2	NA	8	1848	1	75	25	NA	0.0541125541125541
18825_Gorai.004G127500.3_Aza122	285	0/1	28	26	NA	54	1259	5	52	48	NA	0.39714058776807
18825_Gorai.004G127500.3_Aza122	338	1/1	24	34	NA	58	1259	5	41	59	NA	0.39714058776807
18825_Gorai.004G127500.3_Aza122	453	1/1	10	41	NA	51	1259	5	20	80	NA	0.39714058776807
18825_Gorai.004G127500.3_Aza122	600	0/1	16	23	NA	39	1259	5	41	59	NA	0.39714058776807
18825_Gorai.004G127500.3_Aza122	883	1/1	0	51	NA	51	1259	5	0	100	NA	0.39714058776807
18825_Gorai.004G127500.3_Aza122_3	378	1/1	16	24	NA	40	1259	47	40	60	NA	3.73312152501986
18825_Gorai.004G127500.3_Aza122_3	403	0/1	32	13	NA	45	1259	47	71	29	NA	3.73312152501986
18825_Gorai.004G127500.3_Aza122_3	426	0/1	35	14	NA	49	1259	47	71	29	NA	3.73312152501986
18825_Gorai.004G127500.3_Aza122_3	453	1/1	7	49	NA	56	1259	47	12	88	NA	3.73312152501986
18825_Gorai.004G127500.3_Aza122_3	465	1/2	7	26	19	52	1259	47	13	50	37	3.73312152501986
18825_Gorai.004G127500.3_Aza122_3	466	0/1	33	19	NA	52	1259	47	63	37	NA	3.73312152501986
18825_Gorai.004G127500.3_Aza122_3	467	0/1	33	19	NA	52	1259	47	63	37	NA	3.73312152501986
18825_Gorai.004G127500.3_Aza122_3	480	0/1	26	24	NA	50	1259	47	52	48	NA	3.73312152501986
18825_Gorai.004G127500.3_Aza122_3	483	0/1	25	23	NA	48	1259	47	52	48	NA	3.73312152501986
18825_Gorai.004G127500.3_Aza122_3	492	0/1	26	25	NA	51	1259	47	51	49	NA	3.73312152501986
18825_Gorai.004G127500.3_Aza122_3	513	0/1	29	24	NA	53	1259	47	55	45	NA	3.73312152501986
18825_Gorai.004G127500.3_Aza122_3	521	0/1	24	27	NA	51	1259	47	47	53	NA	3.73312152501986
18825_Gorai.004G127500.3_Aza122_3	531	0/1	29	24	NA	53	1259	47	55	45	NA	3.73312152501986
18825_Gorai.004G127500.3_Aza122_3	534	0/1	29	23	NA	52	1259	47	56	44	NA	3.73312152501986
18825_Gorai.004G127500.3_Aza122_3	551	0/1	25	20	NA	45	1259	47	56	44	NA	3.73312152501986
18825_Gorai.004G127500.3_Aza122_3	552	1/2	0	14	25	39	1259	47	0	36	64	3.73312152501986
18825_Gorai.004G127500.3_Aza122_3	573	0/1	19	25	NA	44	1259	47	43	57	NA	3.73312152501986
18825_Gorai.004G127500.3_Aza122_3	591	0/1	15	24	NA	39	1259	47	38	62	NA	3.73312152501986
18825_Gorai.004G127500.3_Aza122_3	627	0/1	10	17	NA	27	1259	47	37	63	NA	3.73312152501986
18825_Gorai.004G127500.3_Aza122_3	630	0/1	17	10	NA	27	1259	47	63	37	NA	3.73312152501986
18825_Gorai.004G127500.3_Aza122_3	642	0/1	10	14	NA	24	1259	47	42	58	NA	3.73312152501986
18825_Gorai.004G127500.3_Aza122_3	648	1/1	2	21	NA	23	1259	47	9	91	NA	3.73312152501986
18825_Gorai.004G127500.3_Aza122_3	651	0/1	8	13	NA	21	1259	47	38	62	NA	3.73312152501986
18825_Gorai.004G127500.3_Aza122_3	685	1/1	4	8	NA	12	1259	47	33	67	NA	3.73312152501986
18825_Gorai.004G127500.3_Aza122_3	781	1/1	3	15	NA	18	1259	47	17	83	NA	3.73312152501986
18825_Gorai.004G127500.3_Aza122_3	819	0/1	19	8	NA	27	1259	47	70	30	NA	3.73312152501986
18825_Gorai.004G127500.3_Aza122_3	820	0/1	9	18	NA	27	1259	47	33	67	NA	3.73312152501986
18825_Gorai.004G127500.3_Aza122_3	829	0/1	14	14	NA	28	1259	47	50	50	NA	3.73312152501986
18825_Gorai.004G127500.3_Aza122_3	859	0/1	17	17	NA	34	1259	47	50	50	NA	3.73312152501986
18825_Gorai.004G127500.3_Aza122_3	880	0/1	16	18	NA	34	1259	47	47	53	NA	3.73312152501986
18825_Gorai.004G127500.3_Aza122_3	883	1/1	0	34	NA	34	1259	47	0	100	NA	3.73312152501986
18825_Gorai.004G127500.3_Aza122_3	889	0/1	18	19	NA	37	1259	47	49	51	NA	3.73312152501986
18825_Gorai.004G127500.3_Aza122_3	910	0/1	21	21	NA	42	1259	47	50	50	NA	3.73312152501986
18825_Gorai.004G127500.3_Aza122_3	955	0/1	23	22	NA	45	1259	47	51	49	NA	3.73312152501986
18825_Gorai.004G127500.3_Aza122_3	970	0/1	23	22	NA	45	1259	47	51	49	NA	3.73312152501986
18825_Gorai.004G127500.3_Aza122_3	979	0/1	23	21	NA	44	1259	47	52	48	NA	3.73312152501986
18825_Gorai.004G127500.3_Aza122_3	994	0/1	20	23	NA	43	1259	47	47	53	NA	3.73312152501986
18825_Gorai.004G127500.3_Aza122_3	997	0/1	22	20	NA	42	1259	47	52	48	NA	3.73312152501986
18825_Gorai.004G127500.3_Aza122_3	1033	0/1	15	14	NA	29	1259	47	52	48	NA	3.73312152501986
18825_Gorai.004G127500.3_Aza122_3	1039	0/1	15	12	NA	27	1259	47	56	44	NA	3.73312152501986
18825_Gorai.004G127500.3_Aza122_3	1060	1/1	1	22	NA	23	1259	47	4	96	NA	3.73312152501986
18825_Gorai.004G127500.3_Aza122_3	1066	0/1	5	8	NA	13	1259	47	38	62	NA	3.73312152501986
18825_Gorai.004G127500.3_Aza122_3	1075	1/1	2	16	NA	18	1259	47	11	89	NA	3.73312152501986
18825_Gorai.004G127500.3_Aza122_3	1081	1/2	2	6	7	15	1259	47	13	40	47	3.73312152501986
18825_Gorai.004G127500.3_Aza122_3	1096	0/1	6	5	NA	11	1259	47	55	45	NA	3.73312152501986
18825_Gorai.004G127500.3_Aza122_3	1102	0/1	5	4	NA	9	1259	47	56	44	NA	3.73312152501986
18825_Gorai.004G127500.3_Aza122_3	1135	0/1	3	3	NA	6	1259	47	50	50	NA	3.73312152501986
18966_Gorai.006G049000.1_P1_Aza122	33	0/1	6	4	NA	10	1705	21	60	40	NA	1.2316715542522
18966_Gorai.006G049000.1_P1_Aza122	36	0/1	6	4	NA	10	1705	21	60	40	NA	1.2316715542522
18966_Gorai.006G049000.1_P1_Aza122	90	1/1	2	19	NA	21	1705	21	10	90	NA	1.2316715542522
18966_Gorai.006G049000.1_P1_Aza122	93	0/1	13	8	NA	21	1705	21	62	38	NA	1.2316715542522
18966_Gorai.006G049000.1_P1_Aza122	99	0/1	13	8	NA	21	1705	21	62	38	NA	1.2316715542522
18966_Gorai.006G049000.1_P1_Aza122	102	1/1	2	8	NA	10	1705	21	20	80	NA	1.2316715542522
18966_Gorai.006G049000.1_P1_Aza122	108	0/1	14	8	NA	22	1705	21	64	36	NA	1.2316715542522
18966_Gorai.006G049000.1_P1_Aza122	114	0/1	14	8	NA	22	1705	21	64	36	NA	1.2316715542522
18966_Gorai.006G049000.1_P1_Aza122	123	0/1	14	8	NA	22	1705	21	64	36	NA	1.2316715542522
18966_Gorai.006G049000.1_P1_Aza122	144	0/1	16	10	NA	26	1705	21	62	38	NA	1.2316715542522
18966_Gorai.006G049000.1_P1_Aza122	180	0/1	17	11	NA	28	1705	21	61	39	NA	1.2316715542522
18966_Gorai.006G049000.1_P1_Aza122	189	0/1	12	15	NA	27	1705	21	44	56	NA	1.2316715542522
18966_Gorai.006G049000.1_P1_Aza122	225	1/1	16	11	NA	27	1705	21	59	41	NA	1.2316715542522
18966_Gorai.006G049000.1_P1_Aza122	740	0/1	11	6	NA	17	1705	21	65	35	NA	1.2316715542522
18966_Gorai.006G049000.1_P1_Aza122	748	0/1	7	10	NA	17	1705	21	41	59	NA	1.2316715542522
18966_Gorai.006G049000.1_P1_Aza122	760	0/1	8	11	NA	19	1705	21	42	58	NA	1.2316715542522
18966_Gorai.006G049000.1_P1_Aza122	769	0/1	3	11	NA	14	1705	21	21	79	NA	1.2316715542522
18966_Gorai.006G049000.1_P1_Aza122	1441	1/1	53	24	NA	77	1705	21	69	31	NA	1.2316715542522
18966_Gorai.006G049000.1_P1_Aza122	1457	0/1	61	15	NA	76	1705	21	80	20	NA	1.2316715542522
18966_Gorai.006G049000.1_P1_Aza122	1603	1/1	19	26	NA	45	1705	21	42	58	NA	1.2316715542522
18966_Gorai.006G049000.1_P1_Aza122	1636	0/1	9	19	NA	28	1705	21	32	68	NA	1.2316715542522
18966_Gorai.006G049000.1_P1_Aza122_3	90	1/1	1	13	NA	14	1705	17	7	93	NA	0.997067448680352
18966_Gorai.006G049000.1_P1_Aza122_3	132	0/1	7	13	NA	20	1705	17	35	65	NA	0.997067448680352
18966_Gorai.006G049000.1_P1_Aza122_3	769	1/1	2	14	NA	16	1705	17	12	88	NA	0.997067448680352
18966_Gorai.006G049000.1_P1_Aza122_3	820	0/1	14	10	NA	24	1705	17	58	42	NA	0.997067448680352
18966_Gorai.006G049000.1_P1_Aza122_3	835	0/1	14	11	NA	25	1705	17	56	44	NA	0.997067448680352
18966_Gorai.006G049000.1_P1_Aza122_3	939	0/1	16	9	NA	25	1705	17	64	36	NA	0.997067448680352
18966_Gorai.006G049000.1_P1_Aza122_3	950	0/1	12	10	NA	22	1705	17	55	45	NA	0.997067448680352
18966_Gorai.006G049000.1_P1_Aza122_3	985	0/1	12	11	NA	23	1705	17	52	48	NA	0.997067448680352
18966_Gorai.006G049000.1_P1_Aza122_3	1099	1/1	9	24	NA	33	1705	17	27	73	NA	0.997067448680352
18966_Gorai.006G049000.1_P1_Aza122_3	1393	1/1	41	25	NA	66	1705	17	62	38	NA	0.997067448680352
18966_Gorai.006G049000.1_P1_Aza122_3	1402	1/1	41	28	NA	69	1705	17	59	41	NA	0.997067448680352
18966_Gorai.006G049000.1_P1_Aza122_3	1451	1/1	38	35	NA	73	1705	17	52	48	NA	0.997067448680352
18966_Gorai.006G049000.1_P1_Aza122_3	1483	1/1	36	36	NA	72	1705	17	50	50	NA	0.997067448680352
18966_Gorai.006G049000.1_P1_Aza122_3	1495	1/1	17	37	NA	54	1705	17	31	69	NA	0.997067448680352
18966_Gorai.006G049000.1_P1_Aza122_3	1552	0/1	23	35	NA	58	1705	17	40	60	NA	0.997067448680352
18966_Gorai.006G049000.1_P1_Aza122_3	1612	0/1	16	23	NA	39	1705	17	41	59	NA	0.997067448680352
18966_Gorai.006G049000.1_P1_Aza122_3	1628	0/1	15	21	NA	36	1705	17	42	58	NA	0.997067448680352
19864_Gorai.001G236500.2_P3_Aza122	878	1/1	0	12	NA	12	1320	12	0	100	NA	0.909090909090909
19864_Gorai.001G236500.2_P3_Aza122	937	0/1	9	8	NA	17	1320	12	53	47	NA	0.909090909090909
19864_Gorai.001G236500.2_P3_Aza122	969	0/1	10	11	NA	21	1320	12	48	52	NA	0.909090909090909
19864_Gorai.001G236500.2_P3_Aza122	996	1/1	0	22	NA	22	1320	12	0	100	NA	0.909090909090909
19864_Gorai.001G236500.2_P3_Aza122	1013	0/1	10	13	NA	23	1320	12	43	57	NA	0.909090909090909
19864_Gorai.001G236500.2_P3_Aza122	1047	0/1	10	10	NA	20	1320	12	50	50	NA	0.909090909090909
19864_Gorai.001G236500.2_P3_Aza122	1103	0/1	19	7	NA	26	1320	12	73	27	NA	0.909090909090909
19864_Gorai.001G236500.2_P3_Aza122	1104	0/1	9	17	NA	26	1320	12	35	65	NA	0.909090909090909
19864_Gorai.001G236500.2_P3_Aza122	1110	0/1	9	17	NA	26	1320	12	35	65	NA	0.909090909090909
19864_Gorai.001G236500.2_P3_Aza122	1116	0/1	9	18	NA	27	1320	12	33	67	NA	0.909090909090909
19864_Gorai.001G236500.2_P3_Aza122	1170	0/1	17	6	NA	23	1320	12	74	26	NA	0.909090909090909
19864_Gorai.001G236500.2_P3_Aza122	1218	0/1	8	9	NA	17	1320	12	47	53	NA	0.909090909090909
19864_Gorai.001G236500.2_P3_Aza122_3	878	1/1	0	7	NA	7	1320	21	0	100	NA	1.59090909090909
19864_Gorai.001G236500.2_P3_Aza122_3	879	1/1	0	5	NA	5	1320	21	0	100	NA	1.59090909090909
19864_Gorai.001G236500.2_P3_Aza122_3	911	0/1	6	6	NA	12	1320	21	50	50	NA	1.59090909090909
19864_Gorai.001G236500.2_P3_Aza122_3	930	0/1	8	6	NA	14	1320	21	57	43	NA	1.59090909090909
19864_Gorai.001G236500.2_P3_Aza122_3	939	0/1	6	10	NA	16	1320	21	38	62	NA	1.59090909090909
19864_Gorai.001G236500.2_P3_Aza122_3	948	0/1	5	10	NA	15	1320	21	33	67	NA	1.59090909090909
19864_Gorai.001G236500.2_P3_Aza122_3	960	0/1	11	6	NA	17	1320	21	65	35	NA	1.59090909090909
19864_Gorai.001G236500.2_P3_Aza122_3	963	0/1	6	11	NA	17	1320	21	35	65	NA	1.59090909090909
19864_Gorai.001G236500.2_P3_Aza122_3	972	1/2	0	5	12	17	1320	21	0	29	71	1.59090909090909
19864_Gorai.001G236500.2_P3_Aza122_3	981	0/1	5	12	NA	17	1320	21	29	71	NA	1.59090909090909
19864_Gorai.001G236500.2_P3_Aza122_3	987	0/1	12	6	NA	18	1320	21	67	33	NA	1.59090909090909
19864_Gorai.001G236500.2_P3_Aza122_3	990	0/1	12	6	NA	18	1320	21	67	33	NA	1.59090909090909
19864_Gorai.001G236500.2_P3_Aza122_3	996	1/1	0	19	NA	19	1320	21	0	100	NA	1.59090909090909
19864_Gorai.001G236500.2_P3_Aza122_3	1011	0/1	6	15	NA	21	1320	21	29	71	NA	1.59090909090909
19864_Gorai.001G236500.2_P3_Aza122_3	1026	0/1	9	16	NA	25	1320	21	36	64	NA	1.59090909090909
19864_Gorai.001G236500.2_P3_Aza122_3	1041	0/1	17	10	NA	27	1320	21	63	37	NA	1.59090909090909
19864_Gorai.001G236500.2_P3_Aza122_3	1068	0/1	19	12	NA	31	1320	21	61	39	NA	1.59090909090909
19864_Gorai.001G236500.2_P3_Aza122_3	1073	0/1	19	12	NA	31	1320	21	61	39	NA	1.59090909090909
19864_Gorai.001G236500.2_P3_Aza122_3	1104	0/1	13	13	NA	26	1320	21	50	50	NA	1.59090909090909
19864_Gorai.001G236500.2_P3_Aza122_3	1110	1/1	2	22	NA	24	1320	21	8	92	NA	1.59090909090909
19864_Gorai.001G236500.2_P3_Aza122_3	1116	0/1	13	9	NA	22	1320	21	59	41	NA	1.59090909090909
19901_Gorai.012G089500.2_P2_Aza122_3	918	1/1	8	3	NA	11	1169	8	73	27	NA	0.684345594525235
19901_Gorai.012G089500.2_P2_Aza122_3	921	1/1	8	3	NA	11	1169	8	73	27	NA	0.684345594525235
19901_Gorai.012G089500.2_P2_Aza122_3	933	1/1	8	3	NA	11	1169	8	73	27	NA	0.684345594525235
19901_Gorai.012G089500.2_P2_Aza122_3	946	1/1	8	3	NA	11	1169	8	73	27	NA	0.684345594525235
19901_Gorai.012G089500.2_P2_Aza122_3	963	1/1	7	4	NA	11	1169	8	64	36	NA	0.684345594525235
19901_Gorai.012G089500.2_P2_Aza122_3	990	0/1	9	2	NA	11	1169	8	82	18	NA	0.684345594525235
19901_Gorai.012G089500.2_P2_Aza122_3	1002	1/1	7	2	NA	9	1169	8	78	22	NA	0.684345594525235
19901_Gorai.012G089500.2_P2_Aza122_3	1017	1/1	7	2	NA	9	1169	8	78	22	NA	0.684345594525235
20128_Gorai.004G000900.2_P2_Aza122	553	0/1	12	5	NA	17	1642	2	71	29	NA	0.121802679658953
20128_Gorai.004G000900.2_P2_Aza122	1475	0/1	9	5	NA	14	1642	2	64	36	NA	0.121802679658953
20686_Gorai.013G120800.2_P1_Aza122	909	1/1	10	7	NA	17	1773	3	59	41	NA	0.169204737732657
20686_Gorai.013G120800.2_P1_Aza122	931	1/1	14	6	NA	20	1773	3	70	30	NA	0.169204737732657
20686_Gorai.013G120800.2_P1_Aza122	1109	1/1	2	23	NA	25	1773	3	8	92	NA	0.169204737732657
20686_Gorai.013G120800.2_P1_Aza122_3	1109	1/1	0	20	NA	20	1773	1	0	100	NA	0.0564015792442188
20686_Gorai.013G120800.2_P2_Aza122_3	222	1/1	1	8	NA	9	1560	2	11	89	NA	0.128205128205128
20686_Gorai.013G120800.2_P2_Aza122_3	268	1/1	1	8	NA	9	1560	2	11	89	NA	0.128205128205128
20698_Gorai.012G015200.1_Aza122	1242	1/1	1	9	NA	10	2080	1	10	90	NA	0.0480769230769231
20698_Gorai.012G015200.1_Aza122_3	1242	0/1	3	6	NA	9	2080	1	33	67	NA	0.0480769230769231
2174_Gorai.008G218700.1_Aza122	3339	1/1	5	5	NA	10	3920	23	50	50	NA	0.586734693877551
2174_Gorai.008G218700.1_Aza122	3352	1/1	5	9	NA	14	3920	23	36	64	NA	0.586734693877551
2174_Gorai.008G218700.1_Aza122	3358	1/1	5	10	NA	15	3920	23	33	67	NA	0.586734693877551
2174_Gorai.008G218700.1_Aza122	3370	1/1	4	11	NA	15	3920	23	27	73	NA	0.586734693877551
2174_Gorai.008G218700.1_Aza122	3394	1/1	5	13	NA	18	3920	23	28	72	NA	0.586734693877551
2174_Gorai.008G218700.1_Aza122	3412	1/1	4	14	NA	18	3920	23	22	78	NA	0.586734693877551
2174_Gorai.008G218700.1_Aza122	3432	1/1	1	14	NA	15	3920	23	7	93	NA	0.586734693877551
2174_Gorai.008G218700.1_Aza122	3433	1/1	1	14	NA	15	3920	23	7	93	NA	0.586734693877551
2174_Gorai.008G218700.1_Aza122	3436	1/1	1	14	NA	15	3920	23	7	93	NA	0.586734693877551
2174_Gorai.008G218700.1_Aza122	3438	1/1	1	14	NA	15	3920	23	7	93	NA	0.586734693877551
2174_Gorai.008G218700.1_Aza122	3439	1/1	1	14	NA	15	3920	23	7	93	NA	0.586734693877551
2174_Gorai.008G218700.1_Aza122	3445	1/1	1	15	NA	16	3920	23	6	94	NA	0.586734693877551
2174_Gorai.008G218700.1_Aza122	3502	1/1	5	19	NA	24	3920	23	21	79	NA	0.586734693877551
2174_Gorai.008G218700.1_Aza122	3606	0/1	18	14	NA	32	3920	23	56	44	NA	0.586734693877551
2174_Gorai.008G218700.1_Aza122	3613	0/1	14	19	NA	33	3920	23	42	58	NA	0.586734693877551
2174_Gorai.008G218700.1_Aza122	3616	0/1	14	19	NA	33	3920	23	42	58	NA	0.586734693877551
2174_Gorai.008G218700.1_Aza122	3625	0/1	20	12	NA	32	3920	23	62	38	NA	0.586734693877551
2174_Gorai.008G218700.1_Aza122	3634	0/1	20	12	NA	32	3920	23	62	38	NA	0.586734693877551
2174_Gorai.008G218700.1_Aza122	3673	0/1	10	22	NA	32	3920	23	31	69	NA	0.586734693877551
2174_Gorai.008G218700.1_Aza122	3688	0/1	17	13	NA	30	3920	23	57	43	NA	0.586734693877551
2174_Gorai.008G218700.1_Aza122	3742	1/1	2	22	NA	24	3920	23	8	92	NA	0.586734693877551
2174_Gorai.008G218700.1_Aza122	3756	1/1	1	22	NA	23	3920	23	4	96	NA	0.586734693877551
2174_Gorai.008G218700.1_Aza122	3796	1/1	0	17	NA	17	3920	23	0	100	NA	0.586734693877551
2174_Gorai.008G218700.1_Aza122_3	3502	1/1	1	26	NA	27	3920	13	4	96	NA	0.331632653061224
2174_Gorai.008G218700.1_Aza122_3	3606	0/1	12	16	NA	28	3920	13	43	57	NA	0.331632653061224
2174_Gorai.008G218700.1_Aza122_3	3613	0/1	16	13	NA	29	3920	13	55	45	NA	0.331632653061224
2174_Gorai.008G218700.1_Aza122_3	3616	0/1	16	14	NA	30	3920	13	53	47	NA	0.331632653061224
2174_Gorai.008G218700.1_Aza122_3	3625	0/1	14	15	NA	29	3920	13	48	52	NA	0.331632653061224
2174_Gorai.008G218700.1_Aza122_3	3634	0/1	14	12	NA	26	3920	13	54	46	NA	0.331632653061224
2174_Gorai.008G218700.1_Aza122_3	3673	0/1	11	18	NA	29	3920	13	38	62	NA	0.331632653061224
2174_Gorai.008G218700.1_Aza122_3	3742	1/1	3	16	NA	19	3920	13	16	84	NA	0.331632653061224
2174_Gorai.008G218700.1_Aza122_3	3756	1/1	3	14	NA	17	3920	13	18	82	NA	0.331632653061224
2174_Gorai.008G218700.1_Aza122_3	3796	1/1	1	12	NA	13	3920	13	8	92	NA	0.331632653061224
2174_Gorai.008G218700.1_Aza122_3	3835	1/1	1	6	NA	7	3920	13	14	86	NA	0.331632653061224
2174_Gorai.008G218700.1_Aza122_3	3838	1/1	1	6	NA	7	3920	13	14	86	NA	0.331632653061224
2174_Gorai.008G218700.1_Aza122_3	3865	1/1	1	3	NA	4	3920	13	25	75	NA	0.331632653061224
22470_Gorai.008G061000.1_P1_Aza122	1350	0/1	8	10	NA	18	1452	5	44	56	NA	0.34435261707989
22470_Gorai.008G061000.1_P1_Aza122	1372	1/1	0	15	NA	15	1452	5	0	100	NA	0.34435261707989
22470_Gorai.008G061000.1_P1_Aza122	1374	1/1	0	11	NA	11	1452	5	0	100	NA	0.34435261707989
22470_Gorai.008G061000.1_P1_Aza122	1397	1/1	0	13	NA	13	1452	5	0	100	NA	0.34435261707989
22470_Gorai.008G061000.1_P1_Aza122	1414	0/1	2	10	NA	12	1452	5	17	83	NA	0.34435261707989
22470_Gorai.008G061000.1_P1_Aza122_3	1377	1/1	0	5	NA	5	1452	1	0	100	NA	0.068870523415978
22470_Gorai.008G061000.1_P2_Aza122	471	1/1	5	7	NA	12	1017	3	42	58	NA	0.294985250737463
22470_Gorai.008G061000.1_P2_Aza122	564	0/1	5	8	NA	13	1017	3	38	62	NA	0.294985250737463
22470_Gorai.008G061000.1_P2_Aza122	621	0/1	2	8	NA	10	1017	3	20	80	NA	0.294985250737463
22470_Gorai.008G061000.1_P2_Aza122_3	471	1/1	0	9	NA	9	1017	5	0	100	NA	0.491642084562439
22470_Gorai.008G061000.1_P2_Aza122_3	485	1/1	1	8	NA	9	1017	5	11	89	NA	0.491642084562439
22470_Gorai.008G061000.1_P2_Aza122_3	492	1/1	1	7	NA	8	1017	5	12	88	NA	0.491642084562439
22470_Gorai.008G061000.1_P2_Aza122_3	515	1/1	2	7	NA	9	1017	5	22	78	NA	0.491642084562439
22470_Gorai.008G061000.1_P2_Aza122_3	564	1/1	1	5	NA	6	1017	5	17	83	NA	0.491642084562439
23196_Gorai.007G238700.2_P1_Aza122	474	0/1	7	3	NA	10	1384	2	70	30	NA	0.144508670520231
23196_Gorai.007G238700.2_P1_Aza122	509	0/1	6	3	NA	9	1384	2	67	33	NA	0.144508670520231
23196_Gorai.007G238700.2_P2_Aza122	844	1/1	9	5	NA	14	1535	1	64	36	NA	0.0651465798045603
23196_Gorai.007G238700.2_P2_Aza122_3	844	1/1	9	6	NA	15	1535	1	60	40	NA	0.0651465798045603
23608_Gorai.007G137300.2_Aza122	221	1/1	3	6	NA	9	1312	1	33	67	NA	0.0762195121951219
23627_Gorai.009G068200.1_P1_Aza122_3	466	1/1	5	11	NA	16	1324	1	31	69	NA	0.0755287009063444
23627_Gorai.009G068200.1_P3_Aza122	572	1/1	0	9	NA	9	1383	1	0	100	NA	0.0723065798987708
259_Gorai.007G088700.1_Aza122_3	4432	1/1	1	4	NA	5	6428	1	20	80	NA	0.015556938394524
26587_Gorai.010G051000.1_Aza122	418	1/1	0	4	NA	4	1377	1	0	100	NA	0.0726216412490922
2712_Gorai.002G185300.2_Aza122	665	0/1	7	3	NA	10	3415	1	70	30	NA	0.0292825768667643
28497_Gorai.012G187500.1_Aza122	763	1/1	0	12	NA	12	1142	3	0	100	NA	0.262697022767075
28497_Gorai.012G187500.1_Aza122	767	1/1	0	12	NA	12	1142	3	0	100	NA	0.262697022767075
28497_Gorai.012G187500.1_Aza122	770	1/1	0	12	NA	12	1142	3	0	100	NA	0.262697022767075
3084_Gorai.009G072000.2_Aza122	2021	1/1	2	11	NA	13	2185	1	15	85	NA	0.045766590389016
3168_Gorai.013G033700.2_P1_Aza122	958	1/1	0	7	NA	7	2496	1	0	100	NA	0.0400641025641026
3168_Gorai.013G033700.2_P1_Aza122_3	958	1/1	0	5	NA	5	2496	1	0	100	NA	0.0400641025641026
3180_Gorai.004G175500.1_P1_Aza122	293	1/1	0	18	NA	18	1393	3	0	100	NA	0.215362526920316
3180_Gorai.004G175500.1_P1_Aza122	413	1/1	1	23	NA	24	1393	3	4	96	NA	0.215362526920316
3180_Gorai.004G175500.1_P1_Aza122	1020	0/1	11	30	NA	41	1393	3	27	73	NA	0.215362526920316
3180_Gorai.004G175500.1_P1_Aza122_3	293	1/1	0	14	NA	14	1393	3	0	100	NA	0.215362526920316
3180_Gorai.004G175500.1_P1_Aza122_3	413	1/1	15	27	NA	42	1393	3	36	64	NA	0.215362526920316
3180_Gorai.004G175500.1_P1_Aza122_3	977	1/1	23	16	NA	39	1393	3	59	41	NA	0.215362526920316
3351_Gorai.012G128100.3_P2_Aza122	236	0/1	9	5	NA	14	914	28	64	36	NA	3.06345733041575
3351_Gorai.012G128100.3_P2_Aza122	242	0/1	9	5	NA	14	914	28	64	36	NA	3.06345733041575
3351_Gorai.012G128100.3_P2_Aza122	275	0/1	14	6	NA	20	914	28	70	30	NA	3.06345733041575
3351_Gorai.012G128100.3_P2_Aza122	278	0/1	15	6	NA	21	914	28	71	29	NA	3.06345733041575
3351_Gorai.012G128100.3_P2_Aza122	284	0/1	15	6	NA	21	914	28	71	29	NA	3.06345733041575
3351_Gorai.012G128100.3_P2_Aza122	311	0/1	15	8	NA	23	914	28	65	35	NA	3.06345733041575
3351_Gorai.012G128100.3_P2_Aza122	339	0/1	17	9	NA	26	914	28	65	35	NA	3.06345733041575
3351_Gorai.012G128100.3_P2_Aza122	354	0/1	17	9	NA	26	914	28	65	35	NA	3.06345733041575
3351_Gorai.012G128100.3_P2_Aza122	361	0/1	18	9	NA	27	914	28	67	33	NA	3.06345733041575
3351_Gorai.012G128100.3_P2_Aza122	365	0/1	18	9	NA	27	914	28	67	33	NA	3.06345733041575
3351_Gorai.012G128100.3_P2_Aza122	377	0/1	21	10	NA	31	914	28	68	32	NA	3.06345733041575
3351_Gorai.012G128100.3_P2_Aza122	378	0/1	21	10	NA	31	914	28	68	32	NA	3.06345733041575
3351_Gorai.012G128100.3_P2_Aza122	437	0/1	22	9	NA	31	914	28	71	29	NA	3.06345733041575
3351_Gorai.012G128100.3_P2_Aza122	443	0/1	21	8	NA	29	914	28	72	28	NA	3.06345733041575
3351_Gorai.012G128100.3_P2_Aza122	465	0/1	16	4	NA	20	914	28	80	20	NA	3.06345733041575
3351_Gorai.012G128100.3_P2_Aza122	467	0/1	16	4	NA	20	914	28	80	20	NA	3.06345733041575
3351_Gorai.012G128100.3_P2_Aza122	468	0/1	16	4	NA	20	914	28	80	20	NA	3.06345733041575
3351_Gorai.012G128100.3_P2_Aza122	611	0/1	6	3	NA	9	914	28	67	33	NA	3.06345733041575
3351_Gorai.012G128100.3_P2_Aza122	618	0/1	7	3	NA	10	914	28	70	30	NA	3.06345733041575
3351_Gorai.012G128100.3_P2_Aza122	626	0/1	8	3	NA	11	914	28	73	27	NA	3.06345733041575
3351_Gorai.012G128100.3_P2_Aza122	627	0/1	8	3	NA	11	914	28	73	27	NA	3.06345733041575
3351_Gorai.012G128100.3_P2_Aza122	644	0/1	10	3	NA	13	914	28	77	23	NA	3.06345733041575
3351_Gorai.012G128100.3_P2_Aza122	645	0/1	10	3	NA	13	914	28	77	23	NA	3.06345733041575
3351_Gorai.012G128100.3_P2_Aza122	658	0/1	15	3	NA	18	914	28	83	17	NA	3.06345733041575
3351_Gorai.012G128100.3_P2_Aza122	668	0/1	14	6	NA	20	914	28	70	30	NA	3.06345733041575
3351_Gorai.012G128100.3_P2_Aza122	669	0/1	17	3	NA	20	914	28	85	15	NA	3.06345733041575
3351_Gorai.012G128100.3_P2_Aza122	670	0/1	17	3	NA	20	914	28	85	15	NA	3.06345733041575
3351_Gorai.012G128100.3_P2_Aza122	856	0/1	8	5	NA	13	914	28	62	38	NA	3.06345733041575
3505_Gorai.009G172900.1_P1_Aza122	1872	1/1	5	9	NA	14	2614	8	36	64	NA	0.306044376434583
3505_Gorai.009G172900.1_P1_Aza122	1896	1/1	2	10	NA	12	2614	8	17	83	NA	0.306044376434583
3505_Gorai.009G172900.1_P1_Aza122	1929	1/1	1	10	NA	11	2614	8	9	91	NA	0.306044376434583
3505_Gorai.009G172900.1_P1_Aza122	1973	1/1	0	11	NA	11	2614	8	0	100	NA	0.306044376434583
3505_Gorai.009G172900.1_P1_Aza122	1988	1/1	0	10	NA	10	2614	8	0	100	NA	0.306044376434583
3505_Gorai.009G172900.1_P1_Aza122	1995	1/1	0	9	NA	9	2614	8	0	100	NA	0.306044376434583
3505_Gorai.009G172900.1_P1_Aza122	2019	1/1	1	7	NA	8	2614	8	12	88	NA	0.306044376434583
3505_Gorai.009G172900.1_P1_Aza122	2040	1/1	3	6	NA	9	2614	8	33	67	NA	0.306044376434583
3505_Gorai.009G172900.1_P2_Aza122	343	1/1	1	7	NA	8	2851	2	12	88	NA	0.0701508242721852
3505_Gorai.009G172900.1_P2_Aza122	352	1/1	2	8	NA	10	2851	2	20	80	NA	0.0701508242721852
3505_Gorai.009G172900.1_P2_Aza122_3	322	0/1	9	9	NA	18	2851	1	50	50	NA	0.0350754121360926
4143_Gorai.008G286900.1_Aza122	44	0/1	5	2	NA	7	1762	4	71	29	NA	0.227014755959137
4143_Gorai.008G286900.1_Aza122	47	1/1	0	7	NA	7	1762	4	0	100	NA	0.227014755959137
4143_Gorai.008G286900.1_Aza122	55	1/1	0	11	NA	11	1762	4	0	100	NA	0.227014755959137
4143_Gorai.008G286900.1_Aza122	162	0/1	19	6	NA	25	1762	4	76	24	NA	0.227014755959137
4143_Gorai.008G286900.1_Aza122_3	47	1/1	0	7	NA	7	1762	3	0	100	NA	0.170261066969353
4143_Gorai.008G286900.1_Aza122_3	55	1/1	0	7	NA	7	1762	3	0	100	NA	0.170261066969353
4143_Gorai.008G286900.1_Aza122_3	276	1/1	0	12	NA	12	1762	3	0	100	NA	0.170261066969353
4165_Gorai.005G207300.1_Aza122	144	1/1	0	12	NA	12	2593	1	0	100	NA	0.0385653682992673
4165_Gorai.005G207300.1_Aza122_3	144	1/1	2	15	NA	17	2593	1	12	88	NA	0.0385653682992673
4306_Gorai.007G049400.1_Aza122	841	1/1	0	9	NA	9	5132	1	0	100	NA	0.019485580670304
4306_Gorai.007G049400.1_Aza122_3	841	1/1	0	11	NA	11	5132	1	0	100	NA	0.019485580670304
4453_Gorai.002G114100.1_Aza122	970	0/1	15	7	NA	22	3227	1	68	32	NA	0.0309885342423303
4485_Gorai.004G191700.2_Aza122	1514	1/1	3	20	NA	23	3511	1	13	87	NA	0.0284819139846198
4485_Gorai.004G191700.2_Aza122_3	1514	1/1	2	17	NA	19	3511	1	11	89	NA	0.0284819139846198
4950_Gorai.001G237200.2_Aza122_3	1570	0/1	3	21	NA	24	2350	1	12	88	NA	0.0425531914893617
5533_Gorai.003G156900.1_P1_Aza122	1170	1/1	10	16	NA	26	2249	1	38	62	NA	0.0444642063139173
5533_Gorai.003G156900.1_P1_Aza122_3	1170	1/1	4	15	NA	19	2249	3	21	79	NA	0.133392618941752
5533_Gorai.003G156900.1_P1_Aza122_3	2196	1/1	2	4	NA	6	2249	3	33	67	NA	0.133392618941752
5533_Gorai.003G156900.1_P1_Aza122_3	2212	0/1	3	2	NA	5	2249	3	60	40	NA	0.133392618941752
5691_Gorai.012G163300.2_P1_Aza122	1316	1/1	0	37	NA	37	2071	3	0	100	NA	0.144857556735876
5691_Gorai.012G163300.2_P1_Aza122	1340	1/1	0	40	NA	40	2071	3	0	100	NA	0.144857556735876
5691_Gorai.012G163300.2_P1_Aza122	2041	1/1	0	21	NA	21	2071	3	0	100	NA	0.144857556735876
5691_Gorai.012G163300.2_P1_Aza122_3	1166	1/1	8	20	NA	28	2071	24	29	71	NA	1.15886045388701
5691_Gorai.012G163300.2_P1_Aza122_3	1188	1/1	8	20	NA	28	2071	24	29	71	NA	1.15886045388701
5691_Gorai.012G163300.2_P1_Aza122_3	1207	1/1	4	24	NA	28	2071	24	14	86	NA	1.15886045388701
5691_Gorai.012G163300.2_P1_Aza122_3	1211	1/1	4	24	NA	28	2071	24	14	86	NA	1.15886045388701
5691_Gorai.012G163300.2_P1_Aza122_3	1220	1/1	4	25	NA	29	2071	24	14	86	NA	1.15886045388701
5691_Gorai.012G163300.2_P1_Aza122_3	1235	1/1	2	24	NA	26	2071	24	8	92	NA	1.15886045388701
5691_Gorai.012G163300.2_P1_Aza122_3	1316	1/1	0	25	NA	25	2071	24	0	100	NA	1.15886045388701
5691_Gorai.012G163300.2_P1_Aza122_3	1340	1/1	0	29	NA	29	2071	24	0	100	NA	1.15886045388701
5691_Gorai.012G163300.2_P1_Aza122_3	1409	1/1	0	23	NA	23	2071	24	0	100	NA	1.15886045388701
5691_Gorai.012G163300.2_P1_Aza122_3	1415	1/1	0	23	NA	23	2071	24	0	100	NA	1.15886045388701
5691_Gorai.012G163300.2_P1_Aza122_3	1448	1/1	0	19	NA	19	2071	24	0	100	NA	1.15886045388701
5691_Gorai.012G163300.2_P1_Aza122_3	1475	1/1	2	16	NA	18	2071	24	11	89	NA	1.15886045388701
5691_Gorai.012G163300.2_P1_Aza122_3	1498	1/1	7	13	NA	20	2071	24	35	65	NA	1.15886045388701
5691_Gorai.012G163300.2_P1_Aza122_3	1505	1/1	8	12	NA	20	2071	24	40	60	NA	1.15886045388701
5691_Gorai.012G163300.2_P1_Aza122_3	1520	1/1	9	9	NA	18	2071	24	50	50	NA	1.15886045388701
5691_Gorai.012G163300.2_P1_Aza122_3	1525	1/1	11	8	NA	19	2071	24	58	42	NA	1.15886045388701
5691_Gorai.012G163300.2_P1_Aza122_3	1526	1/1	11	7	NA	18	2071	24	61	39	NA	1.15886045388701
5691_Gorai.012G163300.2_P1_Aza122_3	1529	1/1	11	7	NA	18	2071	24	61	39	NA	1.15886045388701
5691_Gorai.012G163300.2_P1_Aza122_3	1530	1/1	11	7	NA	18	2071	24	61	39	NA	1.15886045388701
5691_Gorai.012G163300.2_P1_Aza122_3	1541	1/1	13	7	NA	20	2071	24	65	35	NA	1.15886045388701
5691_Gorai.012G163300.2_P1_Aza122_3	1544	1/1	14	7	NA	21	2071	24	67	33	NA	1.15886045388701
5691_Gorai.012G163300.2_P1_Aza122_3	1558	1/1	16	6	NA	22	2071	24	73	27	NA	1.15886045388701
5691_Gorai.012G163300.2_P1_Aza122_3	1564	1/1	17	6	NA	23	2071	24	74	26	NA	1.15886045388701
5691_Gorai.012G163300.2_P1_Aza122_3	1565	1/1	17	6	NA	23	2071	24	74	26	NA	1.15886045388701
5691_Gorai.012G163300.2_P2_Aza122	1283	0/1	29	8	NA	37	2305	11	78	22	NA	0.477223427331887
5691_Gorai.012G163300.2_P2_Aza122	1298	0/1	31	9	NA	40	2305	11	78	22	NA	0.477223427331887
5691_Gorai.012G163300.2_P2_Aza122	1304	0/1	32	9	NA	41	2305	11	78	22	NA	0.477223427331887
5691_Gorai.012G163300.2_P2_Aza122	1344	0/1	39	9	NA	48	2305	11	81	19	NA	0.477223427331887
5691_Gorai.012G163300.2_P2_Aza122	1345	0/1	41	9	NA	50	2305	11	82	18	NA	0.477223427331887
5691_Gorai.012G163300.2_P2_Aza122	1353	0/1	41	9	NA	50	2305	11	82	18	NA	0.477223427331887
5691_Gorai.012G163300.2_P2_Aza122	1363	0/1	41	8	NA	49	2305	11	84	16	NA	0.477223427331887
5691_Gorai.012G163300.2_P2_Aza122	1372	0/1	38	9	NA	47	2305	11	81	19	NA	0.477223427331887
5691_Gorai.012G163300.2_P2_Aza122	1379	0/1	37	10	NA	47	2305	11	79	21	NA	0.477223427331887
5691_Gorai.012G163300.2_P2_Aza122	1402	0/1	35	10	NA	45	2305	11	78	22	NA	0.477223427331887
5691_Gorai.012G163300.2_P2_Aza122	1409	0/1	36	10	NA	46	2305	11	78	22	NA	0.477223427331887
5895_Gorai.004G031700.6_P1_Aza122	513	0/1	7	3	NA	10	1296	2	70	30	NA	0.154320987654321
5895_Gorai.004G031700.6_P1_Aza122	564	0/1	6	3	NA	9	1296	2	67	33	NA	0.154320987654321
5895_Gorai.004G031700.6_P2_Aza122	722	1/1	0	4	NA	4	1400	3	0	100	NA	0.214285714285714
5895_Gorai.004G031700.6_P2_Aza122	733	1/1	1	4	NA	5	1400	3	20	80	NA	0.214285714285714
5895_Gorai.004G031700.6_P2_Aza122	748	1/1	3	4	NA	7	1400	3	43	57	NA	0.214285714285714
5895_Gorai.004G031700.6_P2_Aza122_3	592	1/1	2	2	NA	4	1400	5	50	50	NA	0.357142857142857
5895_Gorai.004G031700.6_P2_Aza122_3	621	1/1	2	3	NA	5	1400	5	40	60	NA	0.357142857142857
5895_Gorai.004G031700.6_P2_Aza122_3	729	1/1	0	6	NA	6	1400	5	0	100	NA	0.357142857142857
5895_Gorai.004G031700.6_P2_Aza122_3	745	0/1	4	3	NA	7	1400	5	57	43	NA	0.357142857142857
5895_Gorai.004G031700.6_P2_Aza122_3	748	0/1	5	3	NA	8	1400	5	62	38	NA	0.357142857142857
5895_Gorai.004G031700.6_P3_Aza122	252	0/1	14	4	NA	18	1579	29	78	22	NA	1.83660544648512
5895_Gorai.004G031700.6_P3_Aza122	270	0/1	16	4	NA	20	1579	29	80	20	NA	1.83660544648512
5895_Gorai.004G031700.6_P3_Aza122	279	0/1	16	5	NA	21	1579	29	76	24	NA	1.83660544648512
5895_Gorai.004G031700.6_P3_Aza122	294	0/1	16	5	NA	21	1579	29	76	24	NA	1.83660544648512
5895_Gorai.004G031700.6_P3_Aza122	300	0/1	16	5	NA	21	1579	29	76	24	NA	1.83660544648512
5895_Gorai.004G031700.6_P3_Aza122	309	0/1	16	4	NA	20	1579	29	80	20	NA	1.83660544648512
5895_Gorai.004G031700.6_P3_Aza122	363	0/1	15	5	NA	20	1579	29	75	25	NA	1.83660544648512
5895_Gorai.004G031700.6_P3_Aza122	396	0/1	12	5	NA	17	1579	29	71	29	NA	1.83660544648512
5895_Gorai.004G031700.6_P3_Aza122	405	0/1	11	5	NA	16	1579	29	69	31	NA	1.83660544648512
5895_Gorai.004G031700.6_P3_Aza122	410	0/1	10	5	NA	15	1579	29	67	33	NA	1.83660544648512
5895_Gorai.004G031700.6_P3_Aza122	420	0/1	10	5	NA	15	1579	29	67	33	NA	1.83660544648512
5895_Gorai.004G031700.6_P3_Aza122	435	0/1	8	3	NA	11	1579	29	73	27	NA	1.83660544648512
5895_Gorai.004G031700.6_P3_Aza122	1055	0/1	7	3	NA	10	1579	29	70	30	NA	1.83660544648512
5895_Gorai.004G031700.6_P3_Aza122	1087	0/1	7	3	NA	10	1579	29	70	30	NA	1.83660544648512
5895_Gorai.004G031700.6_P3_Aza122	1120	0/1	7	3	NA	10	1579	29	70	30	NA	1.83660544648512
5895_Gorai.004G031700.6_P3_Aza122	1342	0/1	6	3	NA	9	1579	29	67	33	NA	1.83660544648512
5895_Gorai.004G031700.6_P3_Aza122	1363	0/1	7	3	NA	10	1579	29	70	30	NA	1.83660544648512
5895_Gorai.004G031700.6_P3_Aza122	1367	0/1	7	3	NA	10	1579	29	70	30	NA	1.83660544648512
5895_Gorai.004G031700.6_P3_Aza122	1376	0/1	7	3	NA	10	1579	29	70	30	NA	1.83660544648512
5895_Gorai.004G031700.6_P3_Aza122	1378	0/1	7	3	NA	10	1579	29	70	30	NA	1.83660544648512
5895_Gorai.004G031700.6_P3_Aza122	1386	0/1	7	3	NA	10	1579	29	70	30	NA	1.83660544648512
5895_Gorai.004G031700.6_P3_Aza122	1392	0/1	6	3	NA	9	1579	29	67	33	NA	1.83660544648512
5895_Gorai.004G031700.6_P3_Aza122	1395	0/1	6	3	NA	9	1579	29	67	33	NA	1.83660544648512
5895_Gorai.004G031700.6_P3_Aza122	1399	0/1	7	3	NA	10	1579	29	70	30	NA	1.83660544648512
5895_Gorai.004G031700.6_P3_Aza122	1408	0/1	6	3	NA	9	1579	29	67	33	NA	1.83660544648512
5895_Gorai.004G031700.6_P3_Aza122	1418	0/1	5	3	NA	8	1579	29	62	38	NA	1.83660544648512
5895_Gorai.004G031700.6_P3_Aza122	1434	0/1	7	3	NA	10	1579	29	70	30	NA	1.83660544648512
5895_Gorai.004G031700.6_P3_Aza122	1446	0/1	7	3	NA	10	1579	29	70	30	NA	1.83660544648512
5895_Gorai.004G031700.6_P3_Aza122	1461	0/1	7	3	NA	10	1579	29	70	30	NA	1.83660544648512
5978_Gorai.002G218100.6_P2_Aza122	304	1/1	0	5	NA	5	1820	3	0	100	NA	0.164835164835165
5978_Gorai.002G218100.6_P2_Aza122	1098	1/1	3	22	NA	25	1820	3	12	88	NA	0.164835164835165
5978_Gorai.002G218100.6_P2_Aza122	1768	1/1	0	4	NA	4	1820	3	0	100	NA	0.164835164835165
5978_Gorai.002G218100.6_P2_Aza122_3	481	1/1	6	10	NA	16	1820	3	38	62	NA	0.164835164835165
5978_Gorai.002G218100.6_P2_Aza122_3	498	1/1	6	8	NA	14	1820	3	43	57	NA	0.164835164835165
5978_Gorai.002G218100.6_P2_Aza122_3	1091	1/1	13	25	NA	38	1820	3	34	66	NA	0.164835164835165
608_Gorai.005G157100.1_Aza122	323	1/1	0	2	NA	2	5439	7	0	100	NA	0.128700128700129
608_Gorai.005G157100.1_Aza122	5071	1/1	3	9	NA	12	5439	7	25	75	NA	0.128700128700129
608_Gorai.005G157100.1_Aza122	5092	1/1	3	9	NA	12	5439	7	25	75	NA	0.128700128700129
608_Gorai.005G157100.1_Aza122	5135	1/1	3	8	NA	11	5439	7	27	73	NA	0.128700128700129
608_Gorai.005G157100.1_Aza122	5139	1/1	3	6	NA	9	5439	7	33	67	NA	0.128700128700129
608_Gorai.005G157100.1_Aza122	5142	1/1	3	3	NA	6	5439	7	50	50	NA	0.128700128700129
608_Gorai.005G157100.1_Aza122	5171	1/1	1	6	NA	7	5439	7	14	86	NA	0.128700128700129
608_Gorai.005G157100.1_Aza122_3	5135	1/1	2	6	NA	8	5439	3	25	75	NA	0.0551571980143409
608_Gorai.005G157100.1_Aza122_3	5139	1/1	2	6	NA	8	5439	3	25	75	NA	0.0551571980143409
608_Gorai.005G157100.1_Aza122_3	5171	1/1	0	6	NA	6	5439	3	0	100	NA	0.0551571980143409
6153_Gorai.004G131200.1_Aza122	2177	1/1	0	5	NA	5	3558	1	0	100	NA	0.0281056773468241
6171_Gorai.008G228900.3_P1_Aza122	80	1/1	0	2	NA	2	2270	9	0	100	NA	0.39647577092511
6171_Gorai.008G228900.3_P1_Aza122	89	1/1	0	2	NA	2	2270	9	0	100	NA	0.39647577092511
6171_Gorai.008G228900.3_P1_Aza122	93	1/1	0	2	NA	2	2270	9	0	100	NA	0.39647577092511
6171_Gorai.008G228900.3_P1_Aza122	101	1/1	0	2	NA	2	2270	9	0	100	NA	0.39647577092511
6171_Gorai.008G228900.3_P1_Aza122	102	1/1	0	2	NA	2	2270	9	0	100	NA	0.39647577092511
6171_Gorai.008G228900.3_P1_Aza122	116	1/1	0	5	NA	5	2270	9	0	100	NA	0.39647577092511
6171_Gorai.008G228900.3_P1_Aza122	131	1/1	0	5	NA	5	2270	9	0	100	NA	0.39647577092511
6171_Gorai.008G228900.3_P1_Aza122	138	0/1	2	3	NA	5	2270	9	40	60	NA	0.39647577092511
6171_Gorai.008G228900.3_P1_Aza122	1467	1/1	0	17	NA	17	2270	9	0	100	NA	0.39647577092511
6171_Gorai.008G228900.3_P1_Aza122_3	131	1/1	0	7	NA	7	2270	2	0	100	NA	0.0881057268722467
6171_Gorai.008G228900.3_P1_Aza122_3	1467	1/1	0	15	NA	15	2270	2	0	100	NA	0.0881057268722467
6171_Gorai.008G228900.3_P3_Aza122_3	58	1/1	0	11	NA	11	2098	16	0	100	NA	0.762631077216397
6171_Gorai.008G228900.3_P3_Aza122_3	60	1/1	0	11	NA	11	2098	16	0	100	NA	0.762631077216397
6171_Gorai.008G228900.3_P3_Aza122_3	66	1/1	0	11	NA	11	2098	16	0	100	NA	0.762631077216397
6171_Gorai.008G228900.3_P3_Aza122_3	67	1/1	0	11	NA	11	2098	16	0	100	NA	0.762631077216397
6171_Gorai.008G228900.3_P3_Aza122_3	74	1/1	0	11	NA	11	2098	16	0	100	NA	0.762631077216397
6171_Gorai.008G228900.3_P3_Aza122_3	75	1/1	0	11	NA	11	2098	16	0	100	NA	0.762631077216397
6171_Gorai.008G228900.3_P3_Aza122_3	79	1/1	0	11	NA	11	2098	16	0	100	NA	0.762631077216397
6171_Gorai.008G228900.3_P3_Aza122_3	83	1/1	0	11	NA	11	2098	16	0	100	NA	0.762631077216397
6171_Gorai.008G228900.3_P3_Aza122_3	94	1/1	0	11	NA	11	2098	16	0	100	NA	0.762631077216397
6171_Gorai.008G228900.3_P3_Aza122_3	103	1/1	0	11	NA	11	2098	16	0	100	NA	0.762631077216397
6171_Gorai.008G228900.3_P3_Aza122_3	109	1/1	0	10	NA	10	2098	16	0	100	NA	0.762631077216397
6171_Gorai.008G228900.3_P3_Aza122_3	116	1/1	0	11	NA	11	2098	16	0	100	NA	0.762631077216397
6171_Gorai.008G228900.3_P3_Aza122_3	122	1/1	0	11	NA	11	2098	16	0	100	NA	0.762631077216397
6171_Gorai.008G228900.3_P3_Aza122_3	125	1/1	0	11	NA	11	2098	16	0	100	NA	0.762631077216397
6171_Gorai.008G228900.3_P3_Aza122_3	129	1/1	0	11	NA	11	2098	16	0	100	NA	0.762631077216397
6171_Gorai.008G228900.3_P3_Aza122_3	240	1/1	6	13	NA	19	2098	16	32	68	NA	0.762631077216397
6252_Gorai.013G105000.3_Aza122	2559	1/1	0	4	NA	4	3310	1	0	100	NA	0.0302114803625378
6252_Gorai.013G105000.3_Aza122_3	1407	1/1	0	5	NA	5	3310	3	0	100	NA	0.0906344410876133
6252_Gorai.013G105000.3_Aza122_3	1416	1/1	0	4	NA	4	3310	3	0	100	NA	0.0906344410876133
6252_Gorai.013G105000.3_Aza122_3	1431	1/1	0	4	NA	4	3310	3	0	100	NA	0.0906344410876133
704_Gorai.012G017400.1_Aza122	711	1/1	3	22	NA	25	4049	1	12	88	NA	0.0246974561620153
704_Gorai.012G017400.1_Aza122_3	711	1/1	4	18	NA	22	4049	1	18	82	NA	0.0246974561620153
7126_Gorai.012G081300.2_Aza122	1894	0/1	8	6	NA	14	3014	1	57	43	NA	0.033178500331785
7271_Gorai.005G267000.2_P1_Aza122	1934	1/1	0	9	NA	9	2217	11	0	100	NA	0.49616599007668
7271_Gorai.005G267000.2_P1_Aza122	1977	1/1	0	15	NA	15	2217	11	0	100	NA	0.49616599007668
7271_Gorai.005G267000.2_P1_Aza122	2037	1/1	0	22	NA	22	2217	11	0	100	NA	0.49616599007668
7271_Gorai.005G267000.2_P1_Aza122	2043	0/1	12	10	NA	22	2217	11	55	45	NA	0.49616599007668
7271_Gorai.005G267000.2_P1_Aza122	2079	1/1	0	20	NA	20	2217	11	0	100	NA	0.49616599007668
7271_Gorai.005G267000.2_P1_Aza122	2083	0/1	10	10	NA	20	2217	11	50	50	NA	0.49616599007668
7271_Gorai.005G267000.2_P1_Aza122	2100	1/1	0	20	NA	20	2217	11	0	100	NA	0.49616599007668
7271_Gorai.005G267000.2_P1_Aza122	2113	1/1	0	16	NA	16	2217	11	0	100	NA	0.49616599007668
7271_Gorai.005G267000.2_P1_Aza122	2133	1/1	0	14	NA	14	2217	11	0	100	NA	0.49616599007668
7271_Gorai.005G267000.2_P1_Aza122	2193	0/1	2	3	NA	5	2217	11	40	60	NA	0.49616599007668
7271_Gorai.005G267000.2_P1_Aza122	2194	1/1	0	4	NA	4	2217	11	0	100	NA	0.49616599007668
7271_Gorai.005G267000.2_P1_Aza122_3	1934	1/1	0	9	NA	9	2217	8	0	100	NA	0.36084799278304
7271_Gorai.005G267000.2_P1_Aza122_3	1977	1/1	0	18	NA	18	2217	8	0	100	NA	0.36084799278304
7271_Gorai.005G267000.2_P1_Aza122_3	2037	1/1	0	28	NA	28	2217	8	0	100	NA	0.36084799278304
7271_Gorai.005G267000.2_P1_Aza122_3	2079	1/1	0	23	NA	23	2217	8	0	100	NA	0.36084799278304
7271_Gorai.005G267000.2_P1_Aza122_3	2080	0/1	9	14	NA	23	2217	8	39	61	NA	0.36084799278304
7271_Gorai.005G267000.2_P1_Aza122_3	2100	1/1	0	22	NA	22	2217	8	0	100	NA	0.36084799278304
7271_Gorai.005G267000.2_P1_Aza122_3	2113	1/1	0	18	NA	18	2217	8	0	100	NA	0.36084799278304
7271_Gorai.005G267000.2_P1_Aza122_3	2133	1/1	0	12	NA	12	2217	8	0	100	NA	0.36084799278304
7442_Gorai.012G040400.1_P1_Aza122	667	1/1	1	6	NA	7	2057	6	14	86	NA	0.291686922702965
7442_Gorai.012G040400.1_P1_Aza122	694	1/1	1	6	NA	7	2057	6	14	86	NA	0.291686922702965
7442_Gorai.012G040400.1_P1_Aza122	697	1/1	1	5	NA	6	2057	6	17	83	NA	0.291686922702965
7442_Gorai.012G040400.1_P1_Aza122	709	1/1	1	4	NA	5	2057	6	20	80	NA	0.291686922702965
7442_Gorai.012G040400.1_P1_Aza122	727	1/1	1	3	NA	4	2057	6	25	75	NA	0.291686922702965
7442_Gorai.012G040400.1_P1_Aza122	730	1/1	1	3	NA	4	2057	6	25	75	NA	0.291686922702965
7442_Gorai.012G040400.1_P1_Aza122_3	667	1/1	0	12	NA	12	2057	1	0	100	NA	0.0486144871171609
7798_Gorai.009G344900.1_Aza122	2931	1/1	0	12	NA	12	3085	1	0	100	NA	0.0324149108589951
7798_Gorai.009G344900.1_Aza122_3	2931	1/1	0	9	NA	9	3085	1	0	100	NA	0.0324149108589951
7848_Gorai.001G047000.1_P2_Aza122	1643	1/1	2	30	NA	32	2994	1	6	94	NA	0.0334001336005344
7848_Gorai.001G047000.1_P2_Aza122_3	1643	1/1	2	27	NA	29	2994	1	7	93	NA	0.0334001336005344
7856_Gorai.003G086000.1_P1_Aza122_3	1046	1/1	17	19	NA	36	1798	1	47	53	NA	0.0556173526140156
7856_Gorai.003G086000.1_P3_Aza122	766	1/1	5	22	NA	27	1792	3	19	81	NA	0.167410714285714
7856_Gorai.003G086000.1_P3_Aza122	1451	1/1	10	12	NA	22	1792	3	45	55	NA	0.167410714285714
7856_Gorai.003G086000.1_P3_Aza122	1490	0/1	8	13	NA	21	1792	3	38	62	NA	0.167410714285714
7856_Gorai.003G086000.1_P3_Aza122_3	766	1/1	9	25	NA	34	1792	3	26	74	NA	0.167410714285714
7856_Gorai.003G086000.1_P3_Aza122_3	1451	0/1	15	8	NA	23	1792	3	65	35	NA	0.167410714285714
7856_Gorai.003G086000.1_P3_Aza122_3	1490	1/1	5	24	NA	29	1792	3	17	83	NA	0.167410714285714
8047_Gorai.004G175700.3_Aza122	488	0/1	7	3	NA	10	2193	2	70	30	NA	0.0911992704058368
8047_Gorai.004G175700.3_Aza122	558	0/1	4	2	NA	6	2193	2	67	33	NA	0.0911992704058368
8061_Gorai.002G118200.4_P1_Aza122	359	1/1	20	13	NA	33	1634	9	61	39	NA	0.550795593635251
8061_Gorai.002G118200.4_P1_Aza122	410	1/1	22	18	NA	40	1634	9	55	45	NA	0.550795593635251
8061_Gorai.002G118200.4_P1_Aza122	426	1/1	18	19	NA	37	1634	9	49	51	NA	0.550795593635251
8061_Gorai.002G118200.4_P1_Aza122	475	1/1	17	17	NA	34	1634	9	50	50	NA	0.550795593635251
8061_Gorai.002G118200.4_P1_Aza122	482	1/1	16	17	NA	33	1634	9	48	52	NA	0.550795593635251
8061_Gorai.002G118200.4_P1_Aza122	483	1/1	16	17	NA	33	1634	9	48	52	NA	0.550795593635251
8061_Gorai.002G118200.4_P1_Aza122	498	1/1	16	17	NA	33	1634	9	48	52	NA	0.550795593635251
8061_Gorai.002G118200.4_P1_Aza122	510	1/1	16	15	NA	31	1634	9	52	48	NA	0.550795593635251
8061_Gorai.002G118200.4_P1_Aza122	540	1/1	19	12	NA	31	1634	9	61	39	NA	0.550795593635251
8061_Gorai.002G118200.4_P1_Aza122_3	359	0/1	12	11	NA	23	1634	5	52	48	NA	0.305997552019584
8061_Gorai.002G118200.4_P1_Aza122_3	390	0/1	11	13	NA	24	1634	5	46	54	NA	0.305997552019584
8061_Gorai.002G118200.4_P1_Aza122_3	398	0/1	10	16	NA	26	1634	5	38	62	NA	0.305997552019584
8061_Gorai.002G118200.4_P1_Aza122_3	410	0/1	9	20	NA	29	1634	5	31	69	NA	0.305997552019584
8061_Gorai.002G118200.4_P1_Aza122_3	426	1/1	9	25	NA	34	1634	5	26	74	NA	0.305997552019584
8902_Gorai.009G043400.2_P1_Aza122	284	1/1	0	24	NA	24	1367	3	0	100	NA	0.21945866861741
8902_Gorai.009G043400.2_P1_Aza122	295	1/1	0	28	NA	28	1367	3	0	100	NA	0.21945866861741
8902_Gorai.009G043400.2_P1_Aza122	345	1/1	0	28	NA	28	1367	3	0	100	NA	0.21945866861741
8902_Gorai.009G043400.2_P3_Aza122	142	0/1	4	11	NA	15	1204	10	27	73	NA	0.830564784053156
8902_Gorai.009G043400.2_P3_Aza122	184	0/1	3	14	NA	17	1204	10	18	82	NA	0.830564784053156
8902_Gorai.009G043400.2_P3_Aza122	199	0/1	3	14	NA	17	1204	10	18	82	NA	0.830564784053156
8902_Gorai.009G043400.2_P3_Aza122	202	0/1	2	14	NA	16	1204	10	12	88	NA	0.830564784053156
8902_Gorai.009G043400.2_P3_Aza122	217	1/1	0	19	NA	19	1204	10	0	100	NA	0.830564784053156
8902_Gorai.009G043400.2_P3_Aza122	319	0/1	15	3	NA	18	1204	10	83	17	NA	0.830564784053156
8902_Gorai.009G043400.2_P3_Aza122	328	0/1	7	3	NA	10	1204	10	70	30	NA	0.830564784053156
8902_Gorai.009G043400.2_P3_Aza122	388	1/1	6	11	NA	17	1204	10	35	65	NA	0.830564784053156
8902_Gorai.009G043400.2_P3_Aza122	403	1/1	4	14	NA	18	1204	10	22	78	NA	0.830564784053156
8902_Gorai.009G043400.2_P3_Aza122	902	0/1	6	8	NA	14	1204	10	43	57	NA	0.830564784053156
8902_Gorai.009G043400.2_P3_Aza122_3	217	1/1	0	26	NA	26	1204	6	0	100	NA	0.498338870431894
8902_Gorai.009G043400.2_P3_Aza122_3	343	1/1	13	15	NA	28	1204	6	46	54	NA	0.498338870431894
8902_Gorai.009G043400.2_P3_Aza122_3	869	1/1	7	4	NA	11	1204	6	64	36	NA	0.498338870431894
8902_Gorai.009G043400.2_P3_Aza122_3	881	1/1	7	4	NA	11	1204	6	64	36	NA	0.498338870431894
8902_Gorai.009G043400.2_P3_Aza122_3	893	1/1	9	4	NA	13	1204	6	69	31	NA	0.498338870431894
8902_Gorai.009G043400.2_P3_Aza122_3	902	1/1	4	9	NA	13	1204	6	31	69	NA	0.498338870431894
9057_Gorai.009G271600.2_P1_Aza122	1178	1/1	0	10	NA	10	1659	8	0	100	NA	0.482218203737191
9057_Gorai.009G271600.2_P1_Aza122	1229	0/1	10	7	NA	17	1659	8	59	41	NA	0.482218203737191
9057_Gorai.009G271600.2_P1_Aza122	1291	1/1	4	19	NA	23	1659	8	17	83	NA	0.482218203737191
9057_Gorai.009G271600.2_P1_Aza122	1467	0/1	8	16	NA	24	1659	8	33	67	NA	0.482218203737191
9057_Gorai.009G271600.2_P1_Aza122	1516	1/1	0	14	NA	14	1659	8	0	100	NA	0.482218203737191
9057_Gorai.009G271600.2_P1_Aza122	1517	1/1	0	14	NA	14	1659	8	0	100	NA	0.482218203737191
9057_Gorai.009G271600.2_P1_Aza122	1524	1/1	0	13	NA	13	1659	8	0	100	NA	0.482218203737191
9057_Gorai.009G271600.2_P1_Aza122	1530	1/1	0	12	NA	12	1659	8	0	100	NA	0.482218203737191
9057_Gorai.009G271600.2_P1_Aza122_3	774	1/1	2	4	NA	6	1659	10	33	67	NA	0.602772754671489
9057_Gorai.009G271600.2_P1_Aza122_3	925	1/1	1	3	NA	4	1659	10	25	75	NA	0.602772754671489
9057_Gorai.009G271600.2_P1_Aza122_3	928	1/1	1	3	NA	4	1659	10	25	75	NA	0.602772754671489
9057_Gorai.009G271600.2_P1_Aza122_3	1178	0/1	2	8	NA	10	1659	10	20	80	NA	0.602772754671489
9057_Gorai.009G271600.2_P1_Aza122_3	1291	1/1	7	8	NA	15	1659	10	47	53	NA	0.602772754671489
9057_Gorai.009G271600.2_P1_Aza122_3	1467	1/1	1	13	NA	14	1659	10	7	93	NA	0.602772754671489
9057_Gorai.009G271600.2_P1_Aza122_3	1516	1/1	0	10	NA	10	1659	10	0	100	NA	0.602772754671489
9057_Gorai.009G271600.2_P1_Aza122_3	1517	1/1	0	10	NA	10	1659	10	0	100	NA	0.602772754671489
9057_Gorai.009G271600.2_P1_Aza122_3	1524	1/1	0	10	NA	10	1659	10	0	100	NA	0.602772754671489
9057_Gorai.009G271600.2_P1_Aza122_3	1530	1/1	0	10	NA	10	1659	10	0	100	NA	0.602772754671489
9156_Gorai.009G268200.2_P2_Aza122	730	0/1	4	3	NA	7	2374	29	57	43	NA	1.22156697556866
9156_Gorai.009G268200.2_P2_Aza122	760	0/1	3	4	NA	7	2374	29	43	57	NA	1.22156697556866
9156_Gorai.009G268200.2_P2_Aza122	769	0/1	3	4	NA	7	2374	29	43	57	NA	1.22156697556866
9156_Gorai.009G268200.2_P2_Aza122	784	0/1	3	5	NA	8	2374	29	38	62	NA	1.22156697556866
9156_Gorai.009G268200.2_P2_Aza122	793	0/1	3	5	NA	8	2374	29	38	62	NA	1.22156697556866
9156_Gorai.009G268200.2_P2_Aza122	829	0/1	3	3	NA	6	2374	29	50	50	NA	1.22156697556866
9156_Gorai.009G268200.2_P2_Aza122	1458	1/1	1	19	NA	20	2374	29	5	95	NA	1.22156697556866
9156_Gorai.009G268200.2_P2_Aza122	1464	1/1	1	19	NA	20	2374	29	5	95	NA	1.22156697556866
9156_Gorai.009G268200.2_P2_Aza122	1527	1/1	5	31	NA	36	2374	29	14	86	NA	1.22156697556866
9156_Gorai.009G268200.2_P2_Aza122	1650	1/1	17	37	NA	54	2374	29	31	69	NA	1.22156697556866
9156_Gorai.009G268200.2_P2_Aza122	1662	1/1	2	46	NA	48	2374	29	4	96	NA	1.22156697556866
9156_Gorai.009G268200.2_P2_Aza122	1692	1/1	20	36	NA	56	2374	29	36	64	NA	1.22156697556866
9156_Gorai.009G268200.2_P2_Aza122	1695	1/1	20	38	NA	58	2374	29	34	66	NA	1.22156697556866
9156_Gorai.009G268200.2_P2_Aza122	1710	1/1	20	41	NA	61	2374	29	33	67	NA	1.22156697556866
9156_Gorai.009G268200.2_P2_Aza122	1752	1/1	18	36	NA	54	2374	29	33	67	NA	1.22156697556866
9156_Gorai.009G268200.2_P2_Aza122	2031	1/1	9	5	NA	14	2374	29	64	36	NA	1.22156697556866
9156_Gorai.009G268200.2_P2_Aza122	2098	0/1	5	29	NA	34	2374	29	15	85	NA	1.22156697556866
9156_Gorai.009G268200.2_P2_Aza122	2124	0/1	21	22	NA	43	2374	29	49	51	NA	1.22156697556866
9156_Gorai.009G268200.2_P2_Aza122	2130	1/1	3	41	NA	44	2374	29	7	93	NA	1.22156697556866
9156_Gorai.009G268200.2_P2_Aza122	2178	1/2	1	27	17	45	2374	29	2	60	38	1.22156697556866
9156_Gorai.009G268200.2_P2_Aza122	2181	0/1	18	27	NA	45	2374	29	40	60	NA	1.22156697556866
9156_Gorai.009G268200.2_P2_Aza122	2184	0/1	18	27	NA	45	2374	29	40	60	NA	1.22156697556866
9156_Gorai.009G268200.2_P2_Aza122	2193	0/1	28	16	NA	44	2374	29	64	36	NA	1.22156697556866
9156_Gorai.009G268200.2_P2_Aza122	2196	0/1	28	16	NA	44	2374	29	64	36	NA	1.22156697556866
9156_Gorai.009G268200.2_P2_Aza122	2205	0/1	27	13	NA	40	2374	29	68	32	NA	1.22156697556866
9156_Gorai.009G268200.2_P2_Aza122	2253	1/2	1	13	18	32	2374	29	3	41	56	1.22156697556866
9156_Gorai.009G268200.2_P2_Aza122	2280	0/1	12	17	NA	29	2374	29	41	59	NA	1.22156697556866
9156_Gorai.009G268200.2_P2_Aza122	2311	0/1	9	5	NA	14	2374	29	64	36	NA	1.22156697556866
9156_Gorai.009G268200.2_P2_Aza122	2315	0/1	6	7	NA	13	2374	29	46	54	NA	1.22156697556866
9156_Gorai.009G268200.2_P2_Aza122_3	1418	0/1	7	7	NA	14	2374	27	50	50	NA	1.13732097725358
9156_Gorai.009G268200.2_P2_Aza122_3	1455	0/1	19	9	NA	28	2374	27	68	32	NA	1.13732097725358
9156_Gorai.009G268200.2_P2_Aza122_3	1458	0/1	6	24	NA	30	2374	27	20	80	NA	1.13732097725358
9156_Gorai.009G268200.2_P2_Aza122_3	1464	0/1	5	26	NA	31	2374	27	16	84	NA	1.13732097725358
9156_Gorai.009G268200.2_P2_Aza122_3	1491	0/1	20	16	NA	36	2374	27	56	44	NA	1.13732097725358
9156_Gorai.009G268200.2_P2_Aza122_3	1527	1/1	0	44	NA	44	2374	27	0	100	NA	1.13732097725358
9156_Gorai.009G268200.2_P2_Aza122_3	1587	0/1	37	17	NA	54	2374	27	69	31	NA	1.13732097725358
9156_Gorai.009G268200.2_P2_Aza122_3	1608	0/1	40	16	NA	56	2374	27	71	29	NA	1.13732097725358
9156_Gorai.009G268200.2_P2_Aza122_3	1629	0/1	45	17	NA	62	2374	27	73	27	NA	1.13732097725358
9156_Gorai.009G268200.2_P2_Aza122_3	1641	0/1	48	18	NA	66	2374	27	73	27	NA	1.13732097725358
9156_Gorai.009G268200.2_P2_Aza122_3	1647	0/1	46	17	NA	63	2374	27	73	27	NA	1.13732097725358
9156_Gorai.009G268200.2_P2_Aza122_3	1662	0/1	10	49	NA	59	2374	27	17	83	NA	1.13732097725358
9156_Gorai.009G268200.2_P2_Aza122_3	1710	1/1	0	59	NA	59	2374	27	0	100	NA	1.13732097725358
9156_Gorai.009G268200.2_P2_Aza122_3	1818	1/1	11	27	NA	38	2374	27	29	71	NA	1.13732097725358
9156_Gorai.009G268200.2_P2_Aza122_3	1857	1/1	11	18	NA	29	2374	27	38	62	NA	1.13732097725358
9156_Gorai.009G268200.2_P2_Aza122_3	1887	0/1	7	11	NA	18	2374	27	39	61	NA	1.13732097725358
9156_Gorai.009G268200.2_P2_Aza122_3	1890	0/1	6	11	NA	17	2374	27	35	65	NA	1.13732097725358
9156_Gorai.009G268200.2_P2_Aza122_3	1915	0/1	5	4	NA	9	2374	27	56	44	NA	1.13732097725358
9156_Gorai.009G268200.2_P2_Aza122_3	1917	1/1	0	8	NA	8	2374	27	0	100	NA	1.13732097725358
9156_Gorai.009G268200.2_P2_Aza122_3	1923	0/1	3	3	NA	6	2374	27	50	50	NA	1.13732097725358
9156_Gorai.009G268200.2_P2_Aza122_3	2031	0/1	11	9	NA	20	2374	27	55	45	NA	1.13732097725358
9156_Gorai.009G268200.2_P2_Aza122_3	2098	0/1	13	29	NA	42	2374	27	31	69	NA	1.13732097725358
9156_Gorai.009G268200.2_P2_Aza122_3	2130	0/1	12	36	NA	48	2374	27	25	75	NA	1.13732097725358
9156_Gorai.009G268200.2_P2_Aza122_3	2280	1/1	4	16	NA	20	2374	27	20	80	NA	1.13732097725358
9156_Gorai.009G268200.2_P2_Aza122_3	2313	1/1	3	4	NA	7	2374	27	43	57	NA	1.13732097725358
9156_Gorai.009G268200.2_P2_Aza122_3	2315	1/1	3	4	NA	7	2374	27	43	57	NA	1.13732097725358
9156_Gorai.009G268200.2_P2_Aza122_3	2319	1/1	3	4	NA	7	2374	27	43	57	NA	1.13732097725358
923_Gorai.005G170300.2_P2_Aza122_3	2859	0/1	2	3	NA	5	3035	1	40	60	NA	0.0329489291598023
9263_Gorai.004G098000.1_P1_Aza122	339	0/1	34	14	NA	48	1251	9	71	29	NA	0.719424460431655
9263_Gorai.004G098000.1_P1_Aza122	372	0/1	25	22	NA	47	1251	9	53	47	NA	0.719424460431655
9263_Gorai.004G098000.1_P1_Aza122	420	1/1	12	26	NA	38	1251	9	32	68	NA	0.719424460431655
9263_Gorai.004G098000.1_P1_Aza122	437	1/1	8	27	NA	35	1251	9	23	77	NA	0.719424460431655
9263_Gorai.004G098000.1_P1_Aza122	654	0/1	30	10	NA	40	1251	9	75	25	NA	0.719424460431655
9263_Gorai.004G098000.1_P1_Aza122	777	1/1	0	21	NA	21	1251	9	0	100	NA	0.719424460431655
9263_Gorai.004G098000.1_P1_Aza122	780	1/1	0	21	NA	21	1251	9	0	100	NA	0.719424460431655
9263_Gorai.004G098000.1_P1_Aza122	783	1/1	8	13	NA	21	1251	9	38	62	NA	0.719424460431655
9263_Gorai.004G098000.1_P1_Aza122	825	1/1	0	15	NA	15	1251	9	0	100	NA	0.719424460431655
9263_Gorai.004G098000.1_P1_Aza122_3	217	0/1	27	13	NA	40	1251	15	68	32	NA	1.19904076738609
9263_Gorai.004G098000.1_P1_Aza122_3	249	0/1	31	14	NA	45	1251	15	69	31	NA	1.19904076738609
9263_Gorai.004G098000.1_P1_Aza122_3	339	0/1	35	17	NA	52	1251	15	67	33	NA	1.19904076738609
9263_Gorai.004G098000.1_P1_Aza122_3	360	0/1	43	10	NA	53	1251	15	81	19	NA	1.19904076738609
9263_Gorai.004G098000.1_P1_Aza122_3	372	0/1	30	23	NA	53	1251	15	57	43	NA	1.19904076738609
9263_Gorai.004G098000.1_P1_Aza122_3	417	0/1	30	17	NA	47	1251	15	64	36	NA	1.19904076738609
9263_Gorai.004G098000.1_P1_Aza122_3	420	1/1	17	29	NA	46	1251	15	37	63	NA	1.19904076738609
9263_Gorai.004G098000.1_P1_Aza122_3	437	1/1	10	33	NA	43	1251	15	23	77	NA	1.19904076738609
9263_Gorai.004G098000.1_P1_Aza122_3	606	0/1	20	7	NA	27	1251	15	74	26	NA	1.19904076738609
9263_Gorai.004G098000.1_P1_Aza122_3	654	0/1	29	12	NA	41	1251	15	71	29	NA	1.19904076738609
9263_Gorai.004G098000.1_P1_Aza122_3	777	1/1	2	23	NA	25	1251	15	8	92	NA	1.19904076738609
9263_Gorai.004G098000.1_P1_Aza122_3	780	1/1	2	23	NA	25	1251	15	8	92	NA	1.19904076738609
9263_Gorai.004G098000.1_P1_Aza122_3	825	1/1	1	10	NA	11	1251	15	9	91	NA	1.19904076738609
9263_Gorai.004G098000.1_P1_Aza122_3	975	1/1	3	8	NA	11	1251	15	27	73	NA	1.19904076738609
9263_Gorai.004G098000.1_P1_Aza122_3	988	1/1	4	8	NA	12	1251	15	33	67	NA	1.19904076738609
959_Gorai.001G017000.1_P2_Aza122	915	0/1	13	9	NA	22	1319	11	59	41	NA	0.833965125094769
959_Gorai.001G017000.1_P2_Aza122	934	1/1	0	19	NA	19	1319	11	0	100	NA	0.833965125094769
959_Gorai.001G017000.1_P2_Aza122	955	1/1	0	19	NA	19	1319	11	0	100	NA	0.833965125094769
959_Gorai.001G017000.1_P2_Aza122	1042	1/1	0	12	NA	12	1319	11	0	100	NA	0.833965125094769
959_Gorai.001G017000.1_P2_Aza122	1086	1/1	0	7	NA	7	1319	11	0	100	NA	0.833965125094769
959_Gorai.001G017000.1_P2_Aza122	1089	0/1	4	3	NA	7	1319	11	57	43	NA	0.833965125094769
959_Gorai.001G017000.1_P2_Aza122	1117	1/1	0	6	NA	6	1319	11	0	100	NA	0.833965125094769
959_Gorai.001G017000.1_P2_Aza122	1132	1/1	0	6	NA	6	1319	11	0	100	NA	0.833965125094769
959_Gorai.001G017000.1_P2_Aza122	1141	1/1	0	6	NA	6	1319	11	0	100	NA	0.833965125094769
959_Gorai.001G017000.1_P2_Aza122	1148	1/1	0	6	NA	6	1319	11	0	100	NA	0.833965125094769
959_Gorai.001G017000.1_P2_Aza122	1161	0/1	3	2	NA	5	1319	11	60	40	NA	0.833965125094769
959_Gorai.001G017000.1_P2_Aza122_3	847	1/1	4	11	NA	15	1319	19	27	73	NA	1.44048521607278
959_Gorai.001G017000.1_P2_Aza122_3	862	1/1	4	10	NA	14	1319	19	29	71	NA	1.44048521607278
959_Gorai.001G017000.1_P2_Aza122_3	864	1/1	4	10	NA	14	1319	19	29	71	NA	1.44048521607278
959_Gorai.001G017000.1_P2_Aza122_3	867	1/1	4	10	NA	14	1319	19	29	71	NA	1.44048521607278
959_Gorai.001G017000.1_P2_Aza122_3	900	1/1	0	12	NA	12	1319	19	0	100	NA	1.44048521607278
959_Gorai.001G017000.1_P2_Aza122_3	911	1/1	0	11	NA	11	1319	19	0	100	NA	1.44048521607278
959_Gorai.001G017000.1_P2_Aza122_3	912	1/1	0	12	NA	12	1319	19	0	100	NA	1.44048521607278
959_Gorai.001G017000.1_P2_Aza122_3	919	1/1	0	13	NA	13	1319	19	0	100	NA	1.44048521607278
959_Gorai.001G017000.1_P2_Aza122_3	934	1/1	0	14	NA	14	1319	19	0	100	NA	1.44048521607278
959_Gorai.001G017000.1_P2_Aza122_3	951	0/1	9	4	NA	13	1319	19	69	31	NA	1.44048521607278
959_Gorai.001G017000.1_P2_Aza122_3	955	1/1	0	13	NA	13	1319	19	0	100	NA	1.44048521607278
959_Gorai.001G017000.1_P2_Aza122_3	1042	1/1	0	12	NA	12	1319	19	0	100	NA	1.44048521607278
959_Gorai.001G017000.1_P2_Aza122_3	1086	1/1	0	7	NA	7	1319	19	0	100	NA	1.44048521607278
959_Gorai.001G017000.1_P2_Aza122_3	1117	1/1	0	4	NA	4	1319	19	0	100	NA	1.44048521607278
959_Gorai.001G017000.1_P2_Aza122_3	1128	0/1	2	2	NA	4	1319	19	50	50	NA	1.44048521607278
959_Gorai.001G017000.1_P2_Aza122_3	1132	1/1	0	4	NA	4	1319	19	0	100	NA	1.44048521607278
959_Gorai.001G017000.1_P2_Aza122_3	1141	1/1	0	4	NA	4	1319	19	0	100	NA	1.44048521607278
959_Gorai.001G017000.1_P2_Aza122_3	1148	1/1	0	4	NA	4	1319	19	0	100	NA	1.44048521607278
959_Gorai.001G017000.1_P2_Aza122_3	1152	1/1	0	3	NA	3	1319	19	0	100	NA	1.44048521607278
