allele	position	GT	ref.reads	alt1.reads	alt2.reads	total.reads	length	var_sites	perc_ref	perc_alt1	perc_alt2	perc_variant
10100_Gorai.010G161400.1_Aza143	233	1/1	0	7	NA	7	2477	7	0	100	NA	0.282599919257166
10100_Gorai.010G161400.1_Aza143	391	1/1	0	11	NA	11	2477	7	0	100	NA	0.282599919257166
10100_Gorai.010G161400.1_Aza143	1028	1/1	1	22	NA	23	2477	7	4	96	NA	0.282599919257166
10100_Gorai.010G161400.1_Aza143	1124	1/1	0	4	NA	4	2477	7	0	100	NA	0.282599919257166
10100_Gorai.010G161400.1_Aza143	1743	1/1	0	13	NA	13	2477	7	0	100	NA	0.282599919257166
10100_Gorai.010G161400.1_Aza143	1992	0/1	8	11	NA	19	2477	7	42	58	NA	0.282599919257166
10100_Gorai.010G161400.1_Aza143	2063	0/1	12	12	NA	24	2477	7	50	50	NA	0.282599919257166
10100_Gorai.010G161400.1_Aza143_3	305	1/1	1	4	NA	5	2477	11	20	80	NA	0.444085587404118
10100_Gorai.010G161400.1_Aza143_3	311	1/1	1	4	NA	5	2477	11	20	80	NA	0.444085587404118
10100_Gorai.010G161400.1_Aza143_3	323	1/1	1	5	NA	6	2477	11	17	83	NA	0.444085587404118
10100_Gorai.010G161400.1_Aza143_3	391	1/1	1	11	NA	12	2477	11	8	92	NA	0.444085587404118
10100_Gorai.010G161400.1_Aza143_3	1028	1/1	2	17	NA	19	2477	11	11	89	NA	0.444085587404118
10100_Gorai.010G161400.1_Aza143_3	1068	1/1	0	14	NA	14	2477	11	0	100	NA	0.444085587404118
10100_Gorai.010G161400.1_Aza143_3	1069	1/1	0	14	NA	14	2477	11	0	100	NA	0.444085587404118
10100_Gorai.010G161400.1_Aza143_3	1124	1/1	0	9	NA	9	2477	11	0	100	NA	0.444085587404118
10100_Gorai.010G161400.1_Aza143_3	1743	1/1	0	9	NA	9	2477	11	0	100	NA	0.444085587404118
10100_Gorai.010G161400.1_Aza143_3	1953	1/1	6	5	NA	11	2477	11	55	45	NA	0.444085587404118
10100_Gorai.010G161400.1_Aza143_3	2063	1/1	6	23	NA	29	2477	11	21	79	NA	0.444085587404118
1014_Gorai.013G160900.2_Aza143	4280	1/1	0	8	NA	8	5981	2	0	100	NA	0.0334392242099983
1014_Gorai.013G160900.2_Aza143	4551	1/1	3	14	NA	17	5981	2	18	82	NA	0.0334392242099983
1014_Gorai.013G160900.2_Aza143_3	4279	1/1	0	6	NA	6	5981	1	0	100	NA	0.0167196121049992
10375_Gorai.003G120400.2_P1_Aza143	1936	1/1	0	7	NA	7	2208	1	0	100	NA	0.0452898550724638
10375_Gorai.003G120400.2_P1_Aza143_3	1936	1/1	0	15	NA	15	2208	2	0	100	NA	0.0905797101449275
10375_Gorai.003G120400.2_P1_Aza143_3	2163	1/1	0	7	NA	7	2208	2	0	100	NA	0.0905797101449275
10375_Gorai.003G120400.2_P2_Aza143_3	702	1/1	5	2	NA	7	1648	5	71	29	NA	0.303398058252427
10375_Gorai.003G120400.2_P2_Aza143_3	708	1/1	6	2	NA	8	1648	5	75	25	NA	0.303398058252427
10375_Gorai.003G120400.2_P2_Aza143_3	717	1/1	6	2	NA	8	1648	5	75	25	NA	0.303398058252427
10375_Gorai.003G120400.2_P2_Aza143_3	739	1/1	6	2	NA	8	1648	5	75	25	NA	0.303398058252427
10375_Gorai.003G120400.2_P2_Aza143_3	758	1/1	8	2	NA	10	1648	5	80	20	NA	0.303398058252427
10378_Gorai.008G223500.4_P2_Aza143_3	1698	1/1	0	10	NA	10	2114	3	0	100	NA	0.141911069063387
10378_Gorai.008G223500.4_P2_Aza143_3	1738	1/1	0	13	NA	13	2114	3	0	100	NA	0.141911069063387
10378_Gorai.008G223500.4_P2_Aza143_3	1836	1/1	0	20	NA	20	2114	3	0	100	NA	0.141911069063387
10569_Gorai.002G141200.1_Aza143	311	1/1	0	16	NA	16	1167	1	0	100	NA	0.0856898029134533
10569_Gorai.002G141200.1_Aza143_3	311	1/1	0	21	NA	21	1167	1	0	100	NA	0.0856898029134533
11201_Gorai.009G235000.3_Aza143	38	1/1	1	14	NA	15	1088	8	7	93	NA	0.735294117647059
11201_Gorai.009G235000.3_Aza143	65	1/1	1	23	NA	24	1088	8	4	96	NA	0.735294117647059
11201_Gorai.009G235000.3_Aza143	78	1/1	1	29	NA	30	1088	8	3	97	NA	0.735294117647059
11201_Gorai.009G235000.3_Aza143	140	1/1	0	34	NA	34	1088	8	0	100	NA	0.735294117647059
11201_Gorai.009G235000.3_Aza143	152	1/1	0	34	NA	34	1088	8	0	100	NA	0.735294117647059
11201_Gorai.009G235000.3_Aza143	239	1/1	0	30	NA	30	1088	8	0	100	NA	0.735294117647059
11201_Gorai.009G235000.3_Aza143	254	1/1	0	26	NA	26	1088	8	0	100	NA	0.735294117647059
11201_Gorai.009G235000.3_Aza143	285	1/1	0	19	NA	19	1088	8	0	100	NA	0.735294117647059
11201_Gorai.009G235000.3_Aza143_3	13	0/1	7	4	NA	11	1088	11	64	36	NA	1.01102941176471
11201_Gorai.009G235000.3_Aza143_3	38	1/1	0	16	NA	16	1088	11	0	100	NA	1.01102941176471
11201_Gorai.009G235000.3_Aza143_3	65	1/1	1	26	NA	27	1088	11	4	96	NA	1.01102941176471
11201_Gorai.009G235000.3_Aza143_3	78	1/1	1	28	NA	29	1088	11	3	97	NA	1.01102941176471
11201_Gorai.009G235000.3_Aza143_3	140	1/1	1	42	NA	43	1088	11	2	98	NA	1.01102941176471
11201_Gorai.009G235000.3_Aza143_3	152	1/1	0	43	NA	43	1088	11	0	100	NA	1.01102941176471
11201_Gorai.009G235000.3_Aza143_3	218	0/1	24	18	NA	42	1088	11	57	43	NA	1.01102941176471
11201_Gorai.009G235000.3_Aza143_3	239	1/1	0	40	NA	40	1088	11	0	100	NA	1.01102941176471
11201_Gorai.009G235000.3_Aza143_3	254	1/1	0	35	NA	35	1088	11	0	100	NA	1.01102941176471
11201_Gorai.009G235000.3_Aza143_3	285	1/1	0	26	NA	26	1088	11	0	100	NA	1.01102941176471
11201_Gorai.009G235000.3_Aza143_3	329	0/1	9	5	NA	14	1088	11	64	36	NA	1.01102941176471
11217_Gorai.002G050300.2_P1_Aza143	1027	0/1	73	26	NA	99	1365	8	74	26	NA	0.586080586080586
11217_Gorai.002G050300.2_P1_Aza143	1045	0/1	84	27	NA	111	1365	8	76	24	NA	0.586080586080586
11217_Gorai.002G050300.2_P1_Aza143	1054	0/1	71	47	NA	118	1365	8	60	40	NA	0.586080586080586
11217_Gorai.002G050300.2_P1_Aza143	1059	0/1	82	38	NA	120	1365	8	68	32	NA	0.586080586080586
11217_Gorai.002G050300.2_P1_Aza143	1060	0/1	70	50	NA	120	1365	8	58	42	NA	0.586080586080586
11217_Gorai.002G050300.2_P1_Aza143	1135	1/1	40	78	NA	118	1365	8	34	66	NA	0.586080586080586
11217_Gorai.002G050300.2_P1_Aza143	1198	1/1	24	75	NA	99	1365	8	24	76	NA	0.586080586080586
11217_Gorai.002G050300.2_P1_Aza143	1261	1/1	0	61	NA	61	1365	8	0	100	NA	0.586080586080586
11217_Gorai.002G050300.2_P1_Aza143_3	1054	1/1	19	60	NA	79	1365	6	24	76	NA	0.43956043956044
11217_Gorai.002G050300.2_P1_Aza143_3	1059	0/1	56	26	NA	82	1365	6	68	32	NA	0.43956043956044
11217_Gorai.002G050300.2_P1_Aza143_3	1060	1/1	19	63	NA	82	1365	6	23	77	NA	0.43956043956044
11217_Gorai.002G050300.2_P1_Aza143_3	1135	1/1	19	104	NA	123	1365	6	15	85	NA	0.43956043956044
11217_Gorai.002G050300.2_P1_Aza143_3	1198	1/1	14	98	NA	112	1365	6	12	88	NA	0.43956043956044
11217_Gorai.002G050300.2_P1_Aza143_3	1261	1/1	0	70	NA	70	1365	6	0	100	NA	0.43956043956044
1189_Gorai.008G016300.1_P1_Aza143	125	1/1	0	70	NA	70	3823	8	0	100	NA	0.209259743656814
1189_Gorai.008G016300.1_P1_Aza143	176	1/1	0	107	NA	107	3823	8	0	100	NA	0.209259743656814
1189_Gorai.008G016300.1_P1_Aza143	181	0/1	53	57	NA	110	3823	8	48	52	NA	0.209259743656814
1189_Gorai.008G016300.1_P1_Aza143	214	1/1	1	123	NA	124	3823	8	1	99	NA	0.209259743656814
1189_Gorai.008G016300.1_P1_Aza143	237	0/1	70	61	NA	131	3823	8	53	47	NA	0.209259743656814
1189_Gorai.008G016300.1_P1_Aza143	260	1/1	1	119	NA	120	3823	8	1	99	NA	0.209259743656814
1189_Gorai.008G016300.1_P1_Aza143	275	1/1	0	117	NA	117	3823	8	0	100	NA	0.209259743656814
1189_Gorai.008G016300.1_P1_Aza143	377	1/1	0	87	NA	87	3823	8	0	100	NA	0.209259743656814
1189_Gorai.008G016300.1_P1_Aza143_3	356	1/1	1	118	NA	119	3823	2	1	99	NA	0.0523149359142035
1189_Gorai.008G016300.1_P1_Aza143_3	400	0/1	70	77	NA	147	3823	2	48	52	NA	0.0523149359142035
1189_Gorai.008G016300.1_P2_Aza143	337	1/1	14	84	NA	98	3820	1	14	86	NA	0.0261780104712042
1189_Gorai.008G016300.1_P2_Aza143_3	337	1/1	10	81	NA	91	3820	1	11	89	NA	0.0261780104712042
12182_Gorai.001G115500.2_Aza143	2149	1/1	0	17	NA	17	2411	1	0	100	NA	0.0414765657403567
12182_Gorai.001G115500.2_Aza143_3	2149	1/1	4	8	NA	12	2411	1	33	67	NA	0.0414765657403567
123_Gorai.011G217300.1_Aza143	1947	1/1	56	69	NA	125	6696	1	45	55	NA	0.0149342891278375
123_Gorai.011G217300.1_Aza143_3	1947	1/1	53	75	NA	128	6696	1	41	59	NA	0.0149342891278375
12798_Gorai.008G004800.1_Aza143_3	737	1/1	0	13	NA	13	2041	1	0	100	NA	0.0489955903968643
1316_Gorai.010G255400.1_Aza143	266	1/1	0	2	NA	2	6082	26	0	100	NA	0.427490956922065
1316_Gorai.010G255400.1_Aza143	273	1/1	0	3	NA	3	6082	26	0	100	NA	0.427490956922065
1316_Gorai.010G255400.1_Aza143	281	1/1	0	4	NA	4	6082	26	0	100	NA	0.427490956922065
1316_Gorai.010G255400.1_Aza143	290	1/1	0	4	NA	4	6082	26	0	100	NA	0.427490956922065
1316_Gorai.010G255400.1_Aza143	300	1/1	0	5	NA	5	6082	26	0	100	NA	0.427490956922065
1316_Gorai.010G255400.1_Aza143	301	1/1	0	5	NA	5	6082	26	0	100	NA	0.427490956922065
1316_Gorai.010G255400.1_Aza143	323	1/1	0	9	NA	9	6082	26	0	100	NA	0.427490956922065
1316_Gorai.010G255400.1_Aza143	325	1/1	0	10	NA	10	6082	26	0	100	NA	0.427490956922065
1316_Gorai.010G255400.1_Aza143	391	1/1	0	23	NA	23	6082	26	0	100	NA	0.427490956922065
1316_Gorai.010G255400.1_Aza143	634	1/1	26	34	NA	60	6082	26	43	57	NA	0.427490956922065
1316_Gorai.010G255400.1_Aza143	663	0/1	35	27	NA	62	6082	26	56	44	NA	0.427490956922065
1316_Gorai.010G255400.1_Aza143	688	0/1	40	25	NA	65	6082	26	62	38	NA	0.427490956922065
1316_Gorai.010G255400.1_Aza143	712	1/1	41	31	NA	72	6082	26	57	43	NA	0.427490956922065
1316_Gorai.010G255400.1_Aza143	899	1/1	32	53	NA	85	6082	26	38	62	NA	0.427490956922065
1316_Gorai.010G255400.1_Aza143	1056	1/1	11	21	NA	32	6082	26	34	66	NA	0.427490956922065
1316_Gorai.010G255400.1_Aza143	3101	1/1	25	27	NA	52	6082	26	48	52	NA	0.427490956922065
1316_Gorai.010G255400.1_Aza143	3153	1/1	18	32	NA	50	6082	26	36	64	NA	0.427490956922065
1316_Gorai.010G255400.1_Aza143	3203	1/1	0	47	NA	47	6082	26	0	100	NA	0.427490956922065
1316_Gorai.010G255400.1_Aza143	3206	1/1	0	48	NA	48	6082	26	0	100	NA	0.427490956922065
1316_Gorai.010G255400.1_Aza143	3242	1/1	1	43	NA	44	6082	26	2	98	NA	0.427490956922065
1316_Gorai.010G255400.1_Aza143	3260	1/1	1	47	NA	48	6082	26	2	98	NA	0.427490956922065
1316_Gorai.010G255400.1_Aza143	3961	1/1	0	3	NA	3	6082	26	0	100	NA	0.427490956922065
1316_Gorai.010G255400.1_Aza143	4087	1/1	0	23	NA	23	6082	26	0	100	NA	0.427490956922065
1316_Gorai.010G255400.1_Aza143	4104	1/1	0	23	NA	23	6082	26	0	100	NA	0.427490956922065
1316_Gorai.010G255400.1_Aza143	4242	1/1	15	12	NA	27	6082	26	56	44	NA	0.427490956922065
1316_Gorai.010G255400.1_Aza143	5067	1/1	12	2	NA	14	6082	26	86	14	NA	0.427490956922065
1316_Gorai.010G255400.1_Aza143_3	634	0/1	31	38	NA	69	6082	16	45	55	NA	0.263071358105886
1316_Gorai.010G255400.1_Aza143_3	663	0/1	41	33	NA	74	6082	16	55	45	NA	0.263071358105886
1316_Gorai.010G255400.1_Aza143_3	717	1/1	37	48	NA	85	6082	16	44	56	NA	0.263071358105886
1316_Gorai.010G255400.1_Aza143_3	727	1/1	37	47	NA	84	6082	16	44	56	NA	0.263071358105886
1316_Gorai.010G255400.1_Aza143_3	728	1/1	36	47	NA	83	6082	16	43	57	NA	0.263071358105886
1316_Gorai.010G255400.1_Aza143_3	899	1/1	36	65	NA	101	6082	16	36	64	NA	0.263071358105886
1316_Gorai.010G255400.1_Aza143_3	1010	0/1	25	36	NA	61	6082	16	41	59	NA	0.263071358105886
1316_Gorai.010G255400.1_Aza143_3	1056	1/1	20	19	NA	39	6082	16	51	49	NA	0.263071358105886
1316_Gorai.010G255400.1_Aza143_3	3153	1/1	21	23	NA	44	6082	16	48	52	NA	0.263071358105886
1316_Gorai.010G255400.1_Aza143_3	3205	1/1	0	38	NA	38	6082	16	0	100	NA	0.263071358105886
1316_Gorai.010G255400.1_Aza143_3	3208	1/1	1	37	NA	38	6082	16	3	97	NA	0.263071358105886
1316_Gorai.010G255400.1_Aza143_3	3242	1/1	0	34	NA	34	6082	16	0	100	NA	0.263071358105886
1316_Gorai.010G255400.1_Aza143_3	3260	1/1	0	34	NA	34	6082	16	0	100	NA	0.263071358105886
1316_Gorai.010G255400.1_Aza143_3	4087	1/1	0	14	NA	14	6082	16	0	100	NA	0.263071358105886
1316_Gorai.010G255400.1_Aza143_3	4104	1/1	1	15	NA	16	6082	16	6	94	NA	0.263071358105886
1316_Gorai.010G255400.1_Aza143_3	4242	0/1	18	9	NA	27	6082	16	67	33	NA	0.263071358105886
13380_Gorai.012G123900.8_Aza143_3	1296	1/1	9	28	NA	37	1773	1	24	76	NA	0.0564015792442188
13692_Gorai.005G223700.2_P1_Aza143	1303	1/1	0	26	NA	26	1445	3	0	100	NA	0.207612456747405
13692_Gorai.005G223700.2_P1_Aza143	1305	1/1	0	26	NA	26	1445	3	0	100	NA	0.207612456747405
13692_Gorai.005G223700.2_P1_Aza143	1308	1/1	0	26	NA	26	1445	3	0	100	NA	0.207612456747405
13692_Gorai.005G223700.2_P2_Aza143	705	1/1	0	3	NA	3	1345	15	0	100	NA	1.11524163568773
13692_Gorai.005G223700.2_P2_Aza143	709	1/1	0	3	NA	3	1345	15	0	100	NA	1.11524163568773
13692_Gorai.005G223700.2_P2_Aza143	711	1/1	0	3	NA	3	1345	15	0	100	NA	1.11524163568773
13692_Gorai.005G223700.2_P2_Aza143	715	1/1	0	4	NA	4	1345	15	0	100	NA	1.11524163568773
13692_Gorai.005G223700.2_P2_Aza143	729	1/1	0	12	NA	12	1345	15	0	100	NA	1.11524163568773
13692_Gorai.005G223700.2_P2_Aza143	864	1/1	1	25	NA	26	1345	15	4	96	NA	1.11524163568773
13692_Gorai.005G223700.2_P2_Aza143	879	1/1	1	25	NA	26	1345	15	4	96	NA	1.11524163568773
13692_Gorai.005G223700.2_P2_Aza143	888	1/1	1	25	NA	26	1345	15	4	96	NA	1.11524163568773
13692_Gorai.005G223700.2_P2_Aza143	900	1/1	1	25	NA	26	1345	15	4	96	NA	1.11524163568773
13692_Gorai.005G223700.2_P2_Aza143	971	1/1	0	12	NA	12	1345	15	0	100	NA	1.11524163568773
13692_Gorai.005G223700.2_P2_Aza143	978	1/1	0	7	NA	7	1345	15	0	100	NA	1.11524163568773
13692_Gorai.005G223700.2_P2_Aza143	981	1/1	0	7	NA	7	1345	15	0	100	NA	1.11524163568773
13692_Gorai.005G223700.2_P2_Aza143	987	1/1	0	5	NA	5	1345	15	0	100	NA	1.11524163568773
13692_Gorai.005G223700.2_P2_Aza143	988	1/1	0	5	NA	5	1345	15	0	100	NA	1.11524163568773
13692_Gorai.005G223700.2_P2_Aza143	990	1/1	0	5	NA	5	1345	15	0	100	NA	1.11524163568773
13692_Gorai.005G223700.2_P2_Aza143_3	971	1/1	0	22	NA	22	1345	1	0	100	NA	0.0743494423791822
13787_Gorai.004G162900.1_Aza143	455	0/1	33	22	NA	55	1176	3	60	40	NA	0.255102040816327
13787_Gorai.004G162900.1_Aza143	598	0/1	15	6	NA	21	1176	3	71	29	NA	0.255102040816327
13787_Gorai.004G162900.1_Aza143	693	0/1	8	4	NA	12	1176	3	67	33	NA	0.255102040816327
1379_Gorai.007G259700.2_P2_Aza143	1404	1/1	6	8	NA	14	3578	1	43	57	NA	0.0279485746226942
14121_Gorai.008G215800.2_Aza143	327	1/1	0	20	NA	20	2668	2	0	100	NA	0.0749625187406297
14121_Gorai.008G215800.2_Aza143	2333	1/1	0	7	NA	7	2668	2	0	100	NA	0.0749625187406297
14121_Gorai.008G215800.2_Aza143_3	1228	1/1	0	8	NA	8	2668	4	0	100	NA	0.149925037481259
14121_Gorai.008G215800.2_Aza143_3	1280	1/1	0	6	NA	6	2668	4	0	100	NA	0.149925037481259
14121_Gorai.008G215800.2_Aza143_3	2126	1/1	12	22	NA	34	2668	4	35	65	NA	0.149925037481259
14121_Gorai.008G215800.2_Aza143_3	2333	1/1	0	7	NA	7	2668	4	0	100	NA	0.149925037481259
1413_Gorai.001G037900.1_P2_Aza143	116	0/1	33	27	NA	60	3048	20	55	45	NA	0.656167979002625
1413_Gorai.001G037900.1_P2_Aza143	217	1/1	9	95	NA	104	3048	20	9	91	NA	0.656167979002625
1413_Gorai.001G037900.1_P2_Aza143	224	1/1	10	93	NA	103	3048	20	10	90	NA	0.656167979002625
1413_Gorai.001G037900.1_P2_Aza143	225	1/1	10	93	NA	103	3048	20	10	90	NA	0.656167979002625
1413_Gorai.001G037900.1_P2_Aza143	404	1/1	6	69	NA	75	3048	20	8	92	NA	0.656167979002625
1413_Gorai.001G037900.1_P2_Aza143	491	1/1	0	31	NA	31	3048	20	0	100	NA	0.656167979002625
1413_Gorai.001G037900.1_P2_Aza143	507	1/1	0	27	NA	27	3048	20	0	100	NA	0.656167979002625
1413_Gorai.001G037900.1_P2_Aza143	514	1/1	0	25	NA	25	3048	20	0	100	NA	0.656167979002625
1413_Gorai.001G037900.1_P2_Aza143	565	1/1	0	8	NA	8	3048	20	0	100	NA	0.656167979002625
1413_Gorai.001G037900.1_P2_Aza143	574	1/1	0	6	NA	6	3048	20	0	100	NA	0.656167979002625
1413_Gorai.001G037900.1_P2_Aza143	2090	1/1	0	84	NA	84	3048	20	0	100	NA	0.656167979002625
1413_Gorai.001G037900.1_P2_Aza143	2094	0/1	38	42	NA	80	3048	20	48	52	NA	0.656167979002625
1413_Gorai.001G037900.1_P2_Aza143	2135	1/1	0	51	NA	51	3048	20	0	100	NA	0.656167979002625
1413_Gorai.001G037900.1_P2_Aza143	2140	0/1	27	23	NA	50	3048	20	54	46	NA	0.656167979002625
1413_Gorai.001G037900.1_P2_Aza143	2147	0/1	23	23	NA	46	3048	20	50	50	NA	0.656167979002625
1413_Gorai.001G037900.1_P2_Aza143	2158	1/1	0	46	NA	46	3048	20	0	100	NA	0.656167979002625
1413_Gorai.001G037900.1_P2_Aza143	2185	1/1	0	39	NA	39	3048	20	0	100	NA	0.656167979002625
1413_Gorai.001G037900.1_P2_Aza143	2215	1/1	13	17	NA	30	3048	20	43	57	NA	0.656167979002625
1413_Gorai.001G037900.1_P2_Aza143	2221	1/1	4	28	NA	32	3048	20	12	88	NA	0.656167979002625
1413_Gorai.001G037900.1_P2_Aza143	2225	0/1	5	27	NA	32	3048	20	16	84	NA	0.656167979002625
1413_Gorai.001G037900.1_P2_Aza143_3	53	1/1	3	29	NA	32	3048	32	9	91	NA	1.0498687664042
1413_Gorai.001G037900.1_P2_Aza143_3	217	0/1	16	67	NA	83	3048	32	19	81	NA	1.0498687664042
1413_Gorai.001G037900.1_P2_Aza143_3	272	1/1	12	64	NA	76	3048	32	16	84	NA	1.0498687664042
1413_Gorai.001G037900.1_P2_Aza143_3	293	1/1	12	66	NA	78	3048	32	15	85	NA	1.0498687664042
1413_Gorai.001G037900.1_P2_Aza143_3	322	1/1	11	57	NA	68	3048	32	16	84	NA	1.0498687664042
1413_Gorai.001G037900.1_P2_Aza143_3	335	1/1	12	55	NA	67	3048	32	18	82	NA	1.0498687664042
1413_Gorai.001G037900.1_P2_Aza143_3	345	1/1	12	53	NA	65	3048	32	18	82	NA	1.0498687664042
1413_Gorai.001G037900.1_P2_Aza143_3	359	1/1	12	32	NA	44	3048	32	27	73	NA	1.0498687664042
1413_Gorai.001G037900.1_P2_Aza143_3	392	0/1	14	44	NA	58	3048	32	24	76	NA	1.0498687664042
1413_Gorai.001G037900.1_P2_Aza143_3	404	1/1	12	45	NA	57	3048	32	21	79	NA	1.0498687664042
1413_Gorai.001G037900.1_P2_Aza143_3	437	0/1	13	22	NA	35	3048	32	37	63	NA	1.0498687664042
1413_Gorai.001G037900.1_P2_Aza143_3	439	1/1	3	31	NA	34	3048	32	9	91	NA	1.0498687664042
1413_Gorai.001G037900.1_P2_Aza143_3	443	1/1	0	33	NA	33	3048	32	0	100	NA	1.0498687664042
1413_Gorai.001G037900.1_P2_Aza143_3	475	0/1	8	20	NA	28	3048	32	29	71	NA	1.0498687664042
1413_Gorai.001G037900.1_P2_Aza143_3	482	1/1	0	24	NA	24	3048	32	0	100	NA	1.0498687664042
1413_Gorai.001G037900.1_P2_Aza143_3	491	1/1	0	23	NA	23	3048	32	0	100	NA	1.0498687664042
1413_Gorai.001G037900.1_P2_Aza143_3	507	1/1	0	19	NA	19	3048	32	0	100	NA	1.0498687664042
1413_Gorai.001G037900.1_P2_Aza143_3	514	1/1	0	18	NA	18	3048	32	0	100	NA	1.0498687664042
1413_Gorai.001G037900.1_P2_Aza143_3	1857	1/1	74	63	NA	137	3048	32	54	46	NA	1.0498687664042
1413_Gorai.001G037900.1_P2_Aza143_3	1902	1/1	62	67	NA	129	3048	32	48	52	NA	1.0498687664042
1413_Gorai.001G037900.1_P2_Aza143_3	1934	1/1	47	75	NA	122	3048	32	39	61	NA	1.0498687664042
1413_Gorai.001G037900.1_P2_Aza143_3	1953	1/1	42	76	NA	118	3048	32	36	64	NA	1.0498687664042
1413_Gorai.001G037900.1_P2_Aza143_3	2090	1/1	10	50	NA	60	3048	32	17	83	NA	1.0498687664042
1413_Gorai.001G037900.1_P2_Aza143_3	2098	1/1	10	45	NA	55	3048	32	18	82	NA	1.0498687664042
1413_Gorai.001G037900.1_P2_Aza143_3	2135	1/1	4	34	NA	38	3048	32	11	89	NA	1.0498687664042
1413_Gorai.001G037900.1_P2_Aza143_3	2158	1/1	0	31	NA	31	3048	32	0	100	NA	1.0498687664042
1413_Gorai.001G037900.1_P2_Aza143_3	2185	1/1	2	24	NA	26	3048	32	8	92	NA	1.0498687664042
1413_Gorai.001G037900.1_P2_Aza143_3	2203	0/1	18	9	NA	27	3048	32	67	33	NA	1.0498687664042
1413_Gorai.001G037900.1_P2_Aza143_3	2221	1/1	8	16	NA	24	3048	32	33	67	NA	1.0498687664042
1413_Gorai.001G037900.1_P2_Aza143_3	2225	1/1	10	14	NA	24	3048	32	42	58	NA	1.0498687664042
1413_Gorai.001G037900.1_P2_Aza143_3	2233	1/1	14	11	NA	25	3048	32	56	44	NA	1.0498687664042
1413_Gorai.001G037900.1_P2_Aza143_3	2238	1/1	16	10	NA	26	3048	32	62	38	NA	1.0498687664042
14421_Gorai.012G106000.2_Aza143	630	1/1	46	30	NA	76	1567	2	61	39	NA	0.127632418634333
14421_Gorai.012G106000.2_Aza143	820	1/1	0	7	NA	7	1567	2	0	100	NA	0.127632418634333
1609_Gorai.007G247300.1_P1_Aza143	18	0/1	1	11	NA	12	2572	3	8	92	NA	0.116640746500778
1609_Gorai.007G247300.1_P1_Aza143	40	1/1	6	12	NA	18	2572	3	33	67	NA	0.116640746500778
1609_Gorai.007G247300.1_P1_Aza143	1136	1/1	10	95	NA	105	2572	3	10	90	NA	0.116640746500778
1609_Gorai.007G247300.1_P1_Aza143_3	1136	1/1	10	78	NA	88	2572	1	11	89	NA	0.0388802488335925
1609_Gorai.007G247300.1_P2_Aza143_3	53	0/1	28	21	NA	49	2301	1	57	43	NA	0.0434593654932638
16199_Gorai.002G033000.1_Aza143	350	1/1	0	5	NA	5	1389	2	0	100	NA	0.143988480921526
16199_Gorai.002G033000.1_Aza143	380	1/1	0	5	NA	5	1389	2	0	100	NA	0.143988480921526
16199_Gorai.002G033000.1_Aza143_3	350	1/1	0	7	NA	7	1389	2	0	100	NA	0.143988480921526
16199_Gorai.002G033000.1_Aza143_3	380	1/1	0	4	NA	4	1389	2	0	100	NA	0.143988480921526
16337_Gorai.002G065000.4_Aza143_3	201	1/1	1	4	NA	5	1766	1	20	80	NA	0.0566251415628539
16773_Gorai.001G097400.1_Aza143	576	1/1	5	13	NA	18	1919	1	28	72	NA	0.0521104742053153
16773_Gorai.001G097400.1_Aza143_3	576	1/1	10	14	NA	24	1919	1	42	58	NA	0.0521104742053153
16799_Gorai.001G133200.2_Aza143	297	1/1	0	8	NA	8	2376	5	0	100	NA	0.21043771043771
16799_Gorai.001G133200.2_Aza143	1082	1/1	0	2	NA	2	2376	5	0	100	NA	0.21043771043771
16799_Gorai.001G133200.2_Aza143	1104	1/1	0	2	NA	2	2376	5	0	100	NA	0.21043771043771
16799_Gorai.001G133200.2_Aza143	1105	1/1	0	2	NA	2	2376	5	0	100	NA	0.21043771043771
16799_Gorai.001G133200.2_Aza143	1145	1/1	0	2	NA	2	2376	5	0	100	NA	0.21043771043771
16799_Gorai.001G133200.2_Aza143_3	297	1/1	0	10	NA	10	2376	6	0	100	NA	0.252525252525253
16799_Gorai.001G133200.2_Aza143_3	1038	1/1	0	6	NA	6	2376	6	0	100	NA	0.252525252525253
16799_Gorai.001G133200.2_Aza143_3	1104	1/1	0	3	NA	3	2376	6	0	100	NA	0.252525252525253
16799_Gorai.001G133200.2_Aza143_3	1105	1/1	0	3	NA	3	2376	6	0	100	NA	0.252525252525253
16799_Gorai.001G133200.2_Aza143_3	1145	1/1	0	3	NA	3	2376	6	0	100	NA	0.252525252525253
16799_Gorai.001G133200.2_Aza143_3	1194	1/1	0	2	NA	2	2376	6	0	100	NA	0.252525252525253
1681_Gorai.007G166700.1_Aza143	25	1/1	6	14	NA	20	3714	10	30	70	NA	0.269251480883145
1681_Gorai.007G166700.1_Aza143	1246	0/1	44	56	NA	100	3714	10	44	56	NA	0.269251480883145
1681_Gorai.007G166700.1_Aza143	1489	0/1	52	62	NA	114	3714	10	46	54	NA	0.269251480883145
1681_Gorai.007G166700.1_Aza143	1647	1/1	44	62	NA	106	3714	10	42	58	NA	0.269251480883145
1681_Gorai.007G166700.1_Aza143	2161	1/1	35	71	NA	106	3714	10	33	67	NA	0.269251480883145
1681_Gorai.007G166700.1_Aza143	2298	1/1	34	62	NA	96	3714	10	35	65	NA	0.269251480883145
1681_Gorai.007G166700.1_Aza143	2671	1/1	9	21	NA	30	3714	10	30	70	NA	0.269251480883145
1681_Gorai.007G166700.1_Aza143	2729	0/1	24	10	NA	34	3714	10	71	29	NA	0.269251480883145
1681_Gorai.007G166700.1_Aza143	2865	1/1	18	32	NA	50	3714	10	36	64	NA	0.269251480883145
1681_Gorai.007G166700.1_Aza143	2866	1/1	18	32	NA	50	3714	10	36	64	NA	0.269251480883145
1681_Gorai.007G166700.1_Aza143_3	25	1/1	4	20	NA	24	3714	16	17	83	NA	0.430802369413032
1681_Gorai.007G166700.1_Aza143_3	61	1/1	23	20	NA	43	3714	16	53	47	NA	0.430802369413032
1681_Gorai.007G166700.1_Aza143_3	71	1/1	24	21	NA	45	3714	16	53	47	NA	0.430802369413032
1681_Gorai.007G166700.1_Aza143_3	1489	0/1	60	54	NA	114	3714	16	53	47	NA	0.430802369413032
1681_Gorai.007G166700.1_Aza143_3	1647	1/1	59	62	NA	121	3714	16	49	51	NA	0.430802369413032
1681_Gorai.007G166700.1_Aza143_3	2137	0/1	116	9	NA	125	3714	16	93	7	NA	0.430802369413032
1681_Gorai.007G166700.1_Aza143_3	2170	0/1	105	10	NA	115	3714	16	91	9	NA	0.430802369413032
1681_Gorai.007G166700.1_Aza143_3	2185	0/1	104	3	NA	107	3714	16	97	3	NA	0.430802369413032
1681_Gorai.007G166700.1_Aza143_3	2190	0/1	104	3	NA	107	3714	16	97	3	NA	0.430802369413032
1681_Gorai.007G166700.1_Aza143_3	2195	0/1	105	3	NA	108	3714	16	97	3	NA	0.430802369413032
1681_Gorai.007G166700.1_Aza143_3	2298	1/1	31	67	NA	98	3714	16	32	68	NA	0.430802369413032
1681_Gorai.007G166700.1_Aza143_3	2665	1/1	6	17	NA	23	3714	16	26	74	NA	0.430802369413032
1681_Gorai.007G166700.1_Aza143_3	2685	1/1	6	8	NA	14	3714	16	43	57	NA	0.430802369413032
1681_Gorai.007G166700.1_Aza143_3	2865	1/1	30	31	NA	61	3714	16	49	51	NA	0.430802369413032
1681_Gorai.007G166700.1_Aza143_3	2866	1/1	31	31	NA	62	3714	16	50	50	NA	0.430802369413032
1681_Gorai.007G166700.1_Aza143_3	3255	1/1	5	10	NA	15	3714	16	33	67	NA	0.430802369413032
18625_Gorai.010G048200.2_Aza143	1826	1/1	0	14	NA	14	2007	1	0	100	NA	0.049825610363727
18625_Gorai.010G048200.2_Aza143_3	1591	1/1	0	5	NA	5	2007	6	0	100	NA	0.298953662182362
18625_Gorai.010G048200.2_Aza143_3	1597	1/1	0	5	NA	5	2007	6	0	100	NA	0.298953662182362
18625_Gorai.010G048200.2_Aza143_3	1598	1/1	0	5	NA	5	2007	6	0	100	NA	0.298953662182362
18625_Gorai.010G048200.2_Aza143_3	1604	1/1	0	7	NA	7	2007	6	0	100	NA	0.298953662182362
18625_Gorai.010G048200.2_Aza143_3	1826	1/1	0	17	NA	17	2007	6	0	100	NA	0.298953662182362
18625_Gorai.010G048200.2_Aza143_3	1859	1/1	0	12	NA	12	2007	6	0	100	NA	0.298953662182362
18825_Gorai.004G127500.3_Aza143	48	0/1	21	9	NA	30	1259	28	70	30	NA	2.22398729150119
18825_Gorai.004G127500.3_Aza143	57	0/1	24	13	NA	37	1259	28	65	35	NA	2.22398729150119
18825_Gorai.004G127500.3_Aza143	72	0/1	30	14	NA	44	1259	28	68	32	NA	2.22398729150119
18825_Gorai.004G127500.3_Aza143	78	0/1	14	32	NA	46	1259	28	30	70	NA	2.22398729150119
18825_Gorai.004G127500.3_Aza143	80	0/1	34	14	NA	48	1259	28	71	29	NA	2.22398729150119
18825_Gorai.004G127500.3_Aza143	87	0/1	37	14	NA	51	1259	28	73	27	NA	2.22398729150119
18825_Gorai.004G127500.3_Aza143	114	0/1	50	19	NA	69	1259	28	72	28	NA	2.22398729150119
18825_Gorai.004G127500.3_Aza143	117	0/1	51	19	NA	70	1259	28	73	27	NA	2.22398729150119
18825_Gorai.004G127500.3_Aza143	147	0/1	61	29	NA	90	1259	28	68	32	NA	2.22398729150119
18825_Gorai.004G127500.3_Aza143	153	0/1	65	28	NA	93	1259	28	70	30	NA	2.22398729150119
18825_Gorai.004G127500.3_Aza143	204	0/1	83	42	NA	125	1259	28	66	34	NA	2.22398729150119
18825_Gorai.004G127500.3_Aza143	207	0/1	84	43	NA	127	1259	28	66	34	NA	2.22398729150119
18825_Gorai.004G127500.3_Aza143	210	0/1	44	85	NA	129	1259	28	34	66	NA	2.22398729150119
18825_Gorai.004G127500.3_Aza143	216	0/1	85	47	NA	132	1259	28	64	36	NA	2.22398729150119
18825_Gorai.004G127500.3_Aza143	225	0/1	90	50	NA	140	1259	28	64	36	NA	2.22398729150119
18825_Gorai.004G127500.3_Aza143	273	0/1	101	59	NA	160	1259	28	63	37	NA	2.22398729150119
18825_Gorai.004G127500.3_Aza143	282	0/1	106	55	NA	161	1259	28	66	34	NA	2.22398729150119
18825_Gorai.004G127500.3_Aza143	285	0/1	58	99	NA	157	1259	28	37	63	NA	2.22398729150119
18825_Gorai.004G127500.3_Aza143	318	0/1	113	52	NA	165	1259	28	68	32	NA	2.22398729150119
18825_Gorai.004G127500.3_Aza143	321	0/1	117	46	NA	163	1259	28	72	28	NA	2.22398729150119
18825_Gorai.004G127500.3_Aza143	323	0/1	118	46	NA	164	1259	28	72	28	NA	2.22398729150119
18825_Gorai.004G127500.3_Aza143	336	0/1	120	46	NA	166	1259	28	72	28	NA	2.22398729150119
18825_Gorai.004G127500.3_Aza143	338	0/1	51	115	NA	166	1259	28	31	69	NA	2.22398729150119
18825_Gorai.004G127500.3_Aza143	369	0/1	128	40	NA	168	1259	28	76	24	NA	2.22398729150119
18825_Gorai.004G127500.3_Aza143	415	0/1	92	72	NA	164	1259	28	56	44	NA	2.22398729150119
18825_Gorai.004G127500.3_Aza143	453	1/1	25	142	NA	167	1259	28	15	85	NA	2.22398729150119
18825_Gorai.004G127500.3_Aza143	700	0/1	70	65	NA	135	1259	28	52	48	NA	2.22398729150119
18825_Gorai.004G127500.3_Aza143	713	0/1	66	67	NA	133	1259	28	50	50	NA	2.22398729150119
18825_Gorai.004G127500.3_Aza143_3	78	1/1	1	21	NA	22	1259	6	5	95	NA	0.476568705321684
18825_Gorai.004G127500.3_Aza143_3	210	1/1	1	77	NA	78	1259	6	1	99	NA	0.476568705321684
18825_Gorai.004G127500.3_Aza143_3	285	1/1	3	108	NA	111	1259	6	3	97	NA	0.476568705321684
18825_Gorai.004G127500.3_Aza143_3	338	1/1	2	118	NA	120	1259	6	2	98	NA	0.476568705321684
18825_Gorai.004G127500.3_Aza143_3	378	1/1	32	96	NA	128	1259	6	25	75	NA	0.476568705321684
18825_Gorai.004G127500.3_Aza143_3	453	1/1	3	146	NA	149	1259	6	2	98	NA	0.476568705321684
18966_Gorai.006G049000.1_P1_Aza143	18	0/1	7	14	NA	21	1705	38	33	67	NA	2.22873900293255
18966_Gorai.006G049000.1_P1_Aza143	30	0/1	23	10	NA	33	1705	38	70	30	NA	2.22873900293255
18966_Gorai.006G049000.1_P1_Aza143	72	0/1	22	39	NA	61	1705	38	36	64	NA	2.22873900293255
18966_Gorai.006G049000.1_P1_Aza143	81	0/1	45	22	NA	67	1705	38	67	33	NA	2.22873900293255
18966_Gorai.006G049000.1_P1_Aza143	87	0/1	51	18	NA	69	1705	38	74	26	NA	2.22873900293255
18966_Gorai.006G049000.1_P1_Aza143	90	0/1	51	13	NA	64	1705	38	80	20	NA	2.22873900293255
18966_Gorai.006G049000.1_P1_Aza143	93	1/1	3	70	NA	73	1705	38	4	96	NA	2.22873900293255
18966_Gorai.006G049000.1_P1_Aza143	96	0/1	49	25	NA	74	1705	38	66	34	NA	2.22873900293255
18966_Gorai.006G049000.1_P1_Aza143	99	1/1	3	69	NA	72	1705	38	4	96	NA	2.22873900293255
18966_Gorai.006G049000.1_P1_Aza143	102	0/1	51	22	NA	73	1705	38	70	30	NA	2.22873900293255
18966_Gorai.006G049000.1_P1_Aza143	111	0/1	60	32	NA	92	1705	38	65	35	NA	2.22873900293255
18966_Gorai.006G049000.1_P1_Aza143	114	1/1	9	85	NA	94	1705	38	10	90	NA	2.22873900293255
18966_Gorai.006G049000.1_P1_Aza143	132	0/1	43	71	NA	114	1705	38	38	62	NA	2.22873900293255
18966_Gorai.006G049000.1_P1_Aza143	147	0/1	71	53	NA	124	1705	38	57	43	NA	2.22873900293255
18966_Gorai.006G049000.1_P1_Aza143	159	0/1	60	67	NA	127	1705	38	47	53	NA	2.22873900293255
18966_Gorai.006G049000.1_P1_Aza143	175	0/1	108	29	NA	137	1705	38	79	21	NA	2.22873900293255
18966_Gorai.006G049000.1_P1_Aza143	189	0/1	59	84	NA	143	1705	38	41	59	NA	2.22873900293255
18966_Gorai.006G049000.1_P1_Aza143	216	0/1	76	69	NA	145	1705	38	52	48	NA	2.22873900293255
18966_Gorai.006G049000.1_P1_Aza143	219	0/1	85	45	NA	130	1705	38	65	35	NA	2.22873900293255
18966_Gorai.006G049000.1_P1_Aza143	242	0/1	118	23	NA	141	1705	38	84	16	NA	2.22873900293255
18966_Gorai.006G049000.1_P1_Aza143	255	0/1	74	59	NA	133	1705	38	56	44	NA	2.22873900293255
18966_Gorai.006G049000.1_P1_Aza143	261	0/1	72	57	NA	129	1705	38	56	44	NA	2.22873900293255
18966_Gorai.006G049000.1_P1_Aza143	282	0/1	65	46	NA	111	1705	38	59	41	NA	2.22873900293255
18966_Gorai.006G049000.1_P1_Aza143	285	0/1	92	16	NA	108	1705	38	85	15	NA	2.22873900293255
18966_Gorai.006G049000.1_P1_Aza143	294	1/1	18	58	NA	76	1705	38	24	76	NA	2.22873900293255
18966_Gorai.006G049000.1_P1_Aza143	345	0/1	42	23	NA	65	1705	38	65	35	NA	2.22873900293255
18966_Gorai.006G049000.1_P1_Aza143	348	0/1	31	16	NA	47	1705	38	66	34	NA	2.22873900293255
18966_Gorai.006G049000.1_P1_Aza143	351	0/1	46	16	NA	62	1705	38	74	26	NA	2.22873900293255
18966_Gorai.006G049000.1_P1_Aza143	366	0/1	31	18	NA	49	1705	38	63	37	NA	2.22873900293255
18966_Gorai.006G049000.1_P1_Aza143	384	1/1	22	10	NA	32	1705	38	69	31	NA	2.22873900293255
18966_Gorai.006G049000.1_P1_Aza143	1093	1/1	54	82	NA	136	1705	38	40	60	NA	2.22873900293255
18966_Gorai.006G049000.1_P1_Aza143	1294	1/1	41	142	NA	183	1705	38	22	78	NA	2.22873900293255
18966_Gorai.006G049000.1_P1_Aza143	1327	1/1	26	148	NA	174	1705	38	15	85	NA	2.22873900293255
18966_Gorai.006G049000.1_P1_Aza143	1495	1/1	41	129	NA	170	1705	38	24	76	NA	2.22873900293255
18966_Gorai.006G049000.1_P1_Aza143	1546	1/1	35	100	NA	135	1705	38	26	74	NA	2.22873900293255
18966_Gorai.006G049000.1_P1_Aza143	1576	1/1	33	79	NA	112	1705	38	29	71	NA	2.22873900293255
18966_Gorai.006G049000.1_P1_Aza143	1636	1/1	1	61	NA	62	1705	38	2	98	NA	2.22873900293255
18966_Gorai.006G049000.1_P1_Aza143	1660	1/1	9	37	NA	46	1705	38	20	80	NA	2.22873900293255
18966_Gorai.006G049000.1_P1_Aza143_3	72	1/1	0	40	NA	40	1705	26	0	100	NA	1.52492668621701
18966_Gorai.006G049000.1_P1_Aza143_3	93	1/1	1	45	NA	46	1705	26	2	98	NA	1.52492668621701
18966_Gorai.006G049000.1_P1_Aza143_3	99	1/1	1	47	NA	48	1705	26	2	98	NA	1.52492668621701
18966_Gorai.006G049000.1_P1_Aza143_3	114	1/1	1	54	NA	55	1705	26	2	98	NA	1.52492668621701
18966_Gorai.006G049000.1_P1_Aza143_3	132	1/1	1	65	NA	66	1705	26	2	98	NA	1.52492668621701
18966_Gorai.006G049000.1_P1_Aza143_3	189	1/1	4	87	NA	91	1705	26	4	96	NA	1.52492668621701
18966_Gorai.006G049000.1_P1_Aza143_3	294	1/1	3	60	NA	63	1705	26	5	95	NA	1.52492668621701
18966_Gorai.006G049000.1_P1_Aza143_3	1099	1/1	66	83	NA	149	1705	26	44	56	NA	1.52492668621701
18966_Gorai.006G049000.1_P1_Aza143_3	1307	0/1	146	78	NA	224	1705	26	65	35	NA	1.52492668621701
18966_Gorai.006G049000.1_P1_Aza143_3	1327	1/1	7	225	NA	232	1705	26	3	97	NA	1.52492668621701
18966_Gorai.006G049000.1_P1_Aza143_3	1393	0/1	155	91	NA	246	1705	26	63	37	NA	1.52492668621701
18966_Gorai.006G049000.1_P1_Aza143_3	1402	0/1	157	90	NA	247	1705	26	64	36	NA	1.52492668621701
18966_Gorai.006G049000.1_P1_Aza143_3	1441	0/1	153	101	NA	254	1705	26	60	40	NA	1.52492668621701
18966_Gorai.006G049000.1_P1_Aza143_3	1474	0/1	168	83	NA	251	1705	26	67	33	NA	1.52492668621701
18966_Gorai.006G049000.1_P1_Aza143_3	1483	0/1	168	77	NA	245	1705	26	69	31	NA	1.52492668621701
18966_Gorai.006G049000.1_P1_Aza143_3	1495	0/1	149	74	NA	223	1705	26	67	33	NA	1.52492668621701
18966_Gorai.006G049000.1_P1_Aza143_3	1546	0/1	75	118	NA	193	1705	26	39	61	NA	1.52492668621701
18966_Gorai.006G049000.1_P1_Aza143_3	1552	0/1	135	54	NA	189	1705	26	71	29	NA	1.52492668621701
18966_Gorai.006G049000.1_P1_Aza143_3	1576	1/1	19	145	NA	164	1705	26	12	88	NA	1.52492668621701
18966_Gorai.006G049000.1_P1_Aza143_3	1603	0/1	71	66	NA	137	1705	26	52	48	NA	1.52492668621701
18966_Gorai.006G049000.1_P1_Aza143_3	1609	0/1	77	56	NA	133	1705	26	58	42	NA	1.52492668621701
18966_Gorai.006G049000.1_P1_Aza143_3	1612	0/1	99	30	NA	129	1705	26	77	23	NA	1.52492668621701
18966_Gorai.006G049000.1_P1_Aza143_3	1628	0/1	86	28	NA	114	1705	26	75	25	NA	1.52492668621701
18966_Gorai.006G049000.1_P1_Aza143_3	1636	1/1	34	71	NA	105	1705	26	32	68	NA	1.52492668621701
18966_Gorai.006G049000.1_P1_Aza143_3	1651	0/1	57	30	NA	87	1705	26	66	34	NA	1.52492668621701
18966_Gorai.006G049000.1_P1_Aza143_3	1660	1/1	10	66	NA	76	1705	26	13	87	NA	1.52492668621701
19017_Gorai.008G159500.1_Aza143	198	1/1	0	6	NA	6	683	2	0	100	NA	0.292825768667643
19017_Gorai.008G159500.1_Aza143	233	1/1	0	3	NA	3	683	2	0	100	NA	0.292825768667643
19017_Gorai.008G159500.1_Aza143_3	111	1/1	0	3	NA	3	683	14	0	100	NA	2.0497803806735
19017_Gorai.008G159500.1_Aza143_3	122	1/1	0	5	NA	5	683	14	0	100	NA	2.0497803806735
19017_Gorai.008G159500.1_Aza143_3	126	0/1	2	3	NA	5	683	14	40	60	NA	2.0497803806735
19017_Gorai.008G159500.1_Aza143_3	138	1/1	0	6	NA	6	683	14	0	100	NA	2.0497803806735
19017_Gorai.008G159500.1_Aza143_3	182	0/1	2	5	NA	7	683	14	29	71	NA	2.0497803806735
19017_Gorai.008G159500.1_Aza143_3	198	1/1	0	7	NA	7	683	14	0	100	NA	2.0497803806735
19017_Gorai.008G159500.1_Aza143_3	272	1/1	0	4	NA	4	683	14	0	100	NA	2.0497803806735
19017_Gorai.008G159500.1_Aza143_3	273	0/1	2	2	NA	4	683	14	50	50	NA	2.0497803806735
19017_Gorai.008G159500.1_Aza143_3	283	1/1	4	4	NA	8	683	14	50	50	NA	2.0497803806735
19017_Gorai.008G159500.1_Aza143_3	289	1/1	5	4	NA	9	683	14	56	44	NA	2.0497803806735
19017_Gorai.008G159500.1_Aza143_3	293	1/1	5	4	NA	9	683	14	56	44	NA	2.0497803806735
19017_Gorai.008G159500.1_Aza143_3	299	1/1	5	4	NA	9	683	14	56	44	NA	2.0497803806735
19017_Gorai.008G159500.1_Aza143_3	343	1/1	8	2	NA	10	683	14	80	20	NA	2.0497803806735
19017_Gorai.008G159500.1_Aza143_3	347	1/1	9	2	NA	11	683	14	82	18	NA	2.0497803806735
19284_Gorai.006G004600.1_Aza143	74	1/1	0	15	NA	15	1770	1	0	100	NA	0.0564971751412429
19284_Gorai.006G004600.1_Aza143_3	74	1/1	0	13	NA	13	1770	1	0	100	NA	0.0564971751412429
19864_Gorai.001G236500.2_P3_Aza143	407	1/1	0	16	NA	16	1320	7	0	100	NA	0.53030303030303
19864_Gorai.001G236500.2_P3_Aza143	996	1/1	0	77	NA	77	1320	7	0	100	NA	0.53030303030303
19864_Gorai.001G236500.2_P3_Aza143	1045	0/1	41	34	NA	75	1320	7	55	45	NA	0.53030303030303
19864_Gorai.001G236500.2_P3_Aza143	1047	1/1	1	73	NA	74	1320	7	1	99	NA	0.53030303030303
19864_Gorai.001G236500.2_P3_Aza143	1069	0/1	41	39	NA	80	1320	7	51	49	NA	0.53030303030303
19864_Gorai.001G236500.2_P3_Aza143	1103	0/1	39	36	NA	75	1320	7	52	48	NA	0.53030303030303
19864_Gorai.001G236500.2_P3_Aza143	1110	1/1	5	67	NA	72	1320	7	7	93	NA	0.53030303030303
19864_Gorai.001G236500.2_P3_Aza143_3	407	1/1	0	24	NA	24	1320	29	0	100	NA	2.1969696969697
19864_Gorai.001G236500.2_P3_Aza143_3	878	1/1	0	9	NA	9	1320	29	0	100	NA	2.1969696969697
19864_Gorai.001G236500.2_P3_Aza143_3	879	1/1	1	5	NA	6	1320	29	17	83	NA	2.1969696969697
19864_Gorai.001G236500.2_P3_Aza143_3	897	1/1	1	13	NA	14	1320	29	7	93	NA	2.1969696969697
19864_Gorai.001G236500.2_P3_Aza143_3	911	0/1	10	10	NA	20	1320	29	50	50	NA	2.1969696969697
19864_Gorai.001G236500.2_P3_Aza143_3	930	0/1	15	15	NA	30	1320	29	50	50	NA	2.1969696969697
19864_Gorai.001G236500.2_P3_Aza143_3	939	0/1	19	15	NA	34	1320	29	56	44	NA	2.1969696969697
19864_Gorai.001G236500.2_P3_Aza143_3	948	0/1	21	15	NA	36	1320	29	58	42	NA	2.1969696969697
19864_Gorai.001G236500.2_P3_Aza143_3	960	0/1	17	21	NA	38	1320	29	45	55	NA	2.1969696969697
19864_Gorai.001G236500.2_P3_Aza143_3	963	0/1	22	17	NA	39	1320	29	56	44	NA	2.1969696969697
19864_Gorai.001G236500.2_P3_Aza143_3	972	1/2	1	22	19	42	1320	29	2	52	45	2.1969696969697
19864_Gorai.001G236500.2_P3_Aza143_3	981	0/1	25	22	NA	47	1320	29	53	47	NA	2.1969696969697
19864_Gorai.001G236500.2_P3_Aza143_3	987	0/1	23	25	NA	48	1320	29	48	52	NA	2.1969696969697
19864_Gorai.001G236500.2_P3_Aza143_3	990	0/1	25	24	NA	49	1320	29	51	49	NA	2.1969696969697
19864_Gorai.001G236500.2_P3_Aza143_3	996	1/1	1	50	NA	51	1320	29	2	98	NA	2.1969696969697
19864_Gorai.001G236500.2_P3_Aza143_3	1011	0/1	27	25	NA	52	1320	29	52	48	NA	2.1969696969697
19864_Gorai.001G236500.2_P3_Aza143_3	1021	0/1	39	13	NA	52	1320	29	75	25	NA	2.1969696969697
19864_Gorai.001G236500.2_P3_Aza143_3	1026	0/1	29	24	NA	53	1320	29	55	45	NA	2.1969696969697
19864_Gorai.001G236500.2_P3_Aza143_3	1041	0/1	30	25	NA	55	1320	29	55	45	NA	2.1969696969697
19864_Gorai.001G236500.2_P3_Aza143_3	1047	1/1	6	52	NA	58	1320	29	10	90	NA	2.1969696969697
19864_Gorai.001G236500.2_P3_Aza143_3	1068	0/1	41	28	NA	69	1320	29	59	41	NA	2.1969696969697
19864_Gorai.001G236500.2_P3_Aza143_3	1073	0/1	44	27	NA	71	1320	29	62	38	NA	2.1969696969697
19864_Gorai.001G236500.2_P3_Aza143_3	1104	0/1	46	31	NA	77	1320	29	60	40	NA	2.1969696969697
19864_Gorai.001G236500.2_P3_Aza143_3	1110	1/1	20	56	NA	76	1320	29	26	74	NA	2.1969696969697
19864_Gorai.001G236500.2_P3_Aza143_3	1116	0/1	46	26	NA	72	1320	29	64	36	NA	2.1969696969697
19864_Gorai.001G236500.2_P3_Aza143_3	1179	0/1	31	17	NA	48	1320	29	65	35	NA	2.1969696969697
19864_Gorai.001G236500.2_P3_Aza143_3	1180	1/1	20	28	NA	48	1320	29	42	58	NA	2.1969696969697
19864_Gorai.001G236500.2_P3_Aza143_3	1216	0/1	22	13	NA	35	1320	29	63	37	NA	2.1969696969697
19864_Gorai.001G236500.2_P3_Aza143_3	1223	0/1	22	11	NA	33	1320	29	67	33	NA	2.1969696969697
19901_Gorai.012G089500.2_P6_Aza143	457	1/1	0	4	NA	4	484	1	0	100	NA	0.206611570247934
20156_Gorai.004G099500.2_Aza143	333	1/1	0	23	NA	23	1382	1	0	100	NA	0.0723589001447178
20156_Gorai.004G099500.2_Aza143_3	333	1/1	0	22	NA	22	1382	1	0	100	NA	0.0723589001447178
20686_Gorai.013G120800.2_P1_Aza143	1538	0/1	84	61	NA	145	1773	7	58	42	NA	0.394811054709532
20686_Gorai.013G120800.2_P1_Aza143	1595	1/1	1	106	NA	107	1773	7	1	99	NA	0.394811054709532
20686_Gorai.013G120800.2_P1_Aza143	1637	1/1	1	85	NA	86	1773	7	1	99	NA	0.394811054709532
20686_Gorai.013G120800.2_P1_Aza143	1649	1/1	1	81	NA	82	1773	7	1	99	NA	0.394811054709532
20686_Gorai.013G120800.2_P1_Aza143	1682	1/1	0	60	NA	60	1773	7	0	100	NA	0.394811054709532
20686_Gorai.013G120800.2_P1_Aza143	1691	1/1	0	52	NA	52	1773	7	0	100	NA	0.394811054709532
20686_Gorai.013G120800.2_P1_Aza143	1766	1/1	0	10	NA	10	1773	7	0	100	NA	0.394811054709532
20686_Gorai.013G120800.2_P1_Aza143_3	1338	1/1	102	43	NA	145	1773	14	70	30	NA	0.789622109419064
20686_Gorai.013G120800.2_P1_Aza143_3	1348	1/1	96	47	NA	143	1773	14	67	33	NA	0.789622109419064
20686_Gorai.013G120800.2_P1_Aza143_3	1349	1/1	96	49	NA	145	1773	14	66	34	NA	0.789622109419064
20686_Gorai.013G120800.2_P1_Aza143_3	1361	1/1	93	53	NA	146	1773	14	64	36	NA	0.789622109419064
20686_Gorai.013G120800.2_P1_Aza143_3	1385	1/1	86	60	NA	146	1773	14	59	41	NA	0.789622109419064
20686_Gorai.013G120800.2_P1_Aza143_3	1406	1/1	78	65	NA	143	1773	14	55	45	NA	0.789622109419064
20686_Gorai.013G120800.2_P1_Aza143_3	1424	0/1	85	43	NA	128	1773	14	66	34	NA	0.789622109419064
20686_Gorai.013G120800.2_P1_Aza143_3	1436	1/1	57	68	NA	125	1773	14	46	54	NA	0.789622109419064
20686_Gorai.013G120800.2_P1_Aza143_3	1535	0/1	71	45	NA	116	1773	14	61	39	NA	0.789622109419064
20686_Gorai.013G120800.2_P1_Aza143_3	1595	1/1	2	85	NA	87	1773	14	2	98	NA	0.789622109419064
20686_Gorai.013G120800.2_P1_Aza143_3	1637	1/1	2	70	NA	72	1773	14	3	97	NA	0.789622109419064
20686_Gorai.013G120800.2_P1_Aza143_3	1649	1/1	1	63	NA	64	1773	14	2	98	NA	0.789622109419064
20686_Gorai.013G120800.2_P1_Aza143_3	1682	1/1	0	55	NA	55	1773	14	0	100	NA	0.789622109419064
20686_Gorai.013G120800.2_P1_Aza143_3	1691	1/1	0	49	NA	49	1773	14	0	100	NA	0.789622109419064
20686_Gorai.013G120800.2_P2_Aza143_3	153	1/1	5	2	NA	7	1560	7	71	29	NA	0.448717948717949
20686_Gorai.013G120800.2_P2_Aza143_3	174	1/1	5	8	NA	13	1560	7	38	62	NA	0.448717948717949
20686_Gorai.013G120800.2_P2_Aza143_3	195	1/1	6	13	NA	19	1560	7	32	68	NA	0.448717948717949
20686_Gorai.013G120800.2_P2_Aza143_3	222	1/1	6	13	NA	19	1560	7	32	68	NA	0.448717948717949
20686_Gorai.013G120800.2_P2_Aza143_3	268	1/1	6	13	NA	19	1560	7	32	68	NA	0.448717948717949
20686_Gorai.013G120800.2_P2_Aza143_3	342	1/1	9	13	NA	22	1560	7	41	59	NA	0.448717948717949
20686_Gorai.013G120800.2_P2_Aza143_3	369	1/1	7	12	NA	19	1560	7	37	63	NA	0.448717948717949
20747_Gorai.010G137900.2_Aza143	1325	1/1	10	7	NA	17	1691	3	59	41	NA	0.177409816676523
20747_Gorai.010G137900.2_Aza143	1495	1/1	0	12	NA	12	1691	3	0	100	NA	0.177409816676523
20747_Gorai.010G137900.2_Aza143	1624	1/1	1	7	NA	8	1691	3	12	88	NA	0.177409816676523
20747_Gorai.010G137900.2_Aza143_3	292	1/1	0	6	NA	6	1691	1	0	100	NA	0.0591366055588409
2174_Gorai.008G218700.1_Aza143	3606	1/1	37	56	NA	93	3920	13	40	60	NA	0.331632653061224
2174_Gorai.008G218700.1_Aza143	3625	0/1	46	53	NA	99	3920	13	46	54	NA	0.331632653061224
2174_Gorai.008G218700.1_Aza143	3646	0/1	74	26	NA	100	3920	13	74	26	NA	0.331632653061224
2174_Gorai.008G218700.1_Aza143	3673	0/1	41	67	NA	108	3920	13	38	62	NA	0.331632653061224
2174_Gorai.008G218700.1_Aza143	3697	0/1	74	37	NA	111	3920	13	67	33	NA	0.331632653061224
2174_Gorai.008G218700.1_Aza143	3708	0/1	74	32	NA	106	3920	13	70	30	NA	0.331632653061224
2174_Gorai.008G218700.1_Aza143	3742	0/1	21	64	NA	85	3920	13	25	75	NA	0.331632653061224
2174_Gorai.008G218700.1_Aza143	3745	0/1	55	29	NA	84	3920	13	65	35	NA	0.331632653061224
2174_Gorai.008G218700.1_Aza143	3751	0/1	64	11	NA	75	3920	13	85	15	NA	0.331632653061224
2174_Gorai.008G218700.1_Aza143	3756	0/1	18	64	NA	82	3920	13	22	78	NA	0.331632653061224
2174_Gorai.008G218700.1_Aza143	3796	1/1	1	60	NA	61	3920	13	2	98	NA	0.331632653061224
2174_Gorai.008G218700.1_Aza143	3835	1/1	0	44	NA	44	3920	13	0	100	NA	0.331632653061224
2174_Gorai.008G218700.1_Aza143	3868	1/1	0	32	NA	32	3920	13	0	100	NA	0.331632653061224
2174_Gorai.008G218700.1_Aza143_3	3502	1/1	15	81	NA	96	3920	13	16	84	NA	0.331632653061224
2174_Gorai.008G218700.1_Aza143_3	3606	1/1	27	80	NA	107	3920	13	25	75	NA	0.331632653061224
2174_Gorai.008G218700.1_Aza143_3	3625	1/1	31	74	NA	105	3920	13	30	70	NA	0.331632653061224
2174_Gorai.008G218700.1_Aza143_3	3697	0/1	50	48	NA	98	3920	13	51	49	NA	0.331632653061224
2174_Gorai.008G218700.1_Aza143_3	3708	0/1	49	42	NA	91	3920	13	54	46	NA	0.331632653061224
2174_Gorai.008G218700.1_Aza143_3	3742	0/1	28	39	NA	67	3920	13	42	58	NA	0.331632653061224
2174_Gorai.008G218700.1_Aza143_3	3751	0/1	22	21	NA	43	3920	13	51	49	NA	0.331632653061224
2174_Gorai.008G218700.1_Aza143_3	3756	0/1	20	39	NA	59	3920	13	34	66	NA	0.331632653061224
2174_Gorai.008G218700.1_Aza143_3	3781	0/1	22	21	NA	43	3920	13	51	49	NA	0.331632653061224
2174_Gorai.008G218700.1_Aza143_3	3796	0/1	3	39	NA	42	3920	13	7	93	NA	0.331632653061224
2174_Gorai.008G218700.1_Aza143_3	3835	1/1	1	27	NA	28	3920	13	4	96	NA	0.331632653061224
2174_Gorai.008G218700.1_Aza143_3	3868	1/1	1	19	NA	20	3920	13	5	95	NA	0.331632653061224
2174_Gorai.008G218700.1_Aza143_3	3906	1/1	0	8	NA	8	3920	13	0	100	NA	0.331632653061224
2184_Gorai.008G154400.3_Aza143_3	517	1/1	1	4	NA	5	2159	2	20	80	NA	0.0926354793886058
2184_Gorai.008G154400.3_Aza143_3	2001	1/1	1	39	NA	40	2159	2	2	98	NA	0.0926354793886058
22470_Gorai.008G061000.1_P1_Aza143_3	1331	1/1	0	14	NA	14	1452	2	0	100	NA	0.137741046831956
22470_Gorai.008G061000.1_P1_Aza143_3	1344	1/1	0	13	NA	13	1452	2	0	100	NA	0.137741046831956
22470_Gorai.008G061000.1_P2_Aza143	46	1/1	2	9	NA	11	1017	14	18	82	NA	1.37659783677483
22470_Gorai.008G061000.1_P2_Aza143	47	1/1	2	9	NA	11	1017	14	18	82	NA	1.37659783677483
22470_Gorai.008G061000.1_P2_Aza143	82	1/1	2	13	NA	15	1017	14	13	87	NA	1.37659783677483
22470_Gorai.008G061000.1_P2_Aza143	181	1/1	0	17	NA	17	1017	14	0	100	NA	1.37659783677483
22470_Gorai.008G061000.1_P2_Aza143	249	0/1	8	3	NA	11	1017	14	73	27	NA	1.37659783677483
22470_Gorai.008G061000.1_P2_Aza143	293	0/1	1	7	NA	8	1017	14	12	88	NA	1.37659783677483
22470_Gorai.008G061000.1_P2_Aza143	396	1/1	3	5	NA	8	1017	14	38	62	NA	1.37659783677483
22470_Gorai.008G061000.1_P2_Aza143	401	1/1	3	5	NA	8	1017	14	38	62	NA	1.37659783677483
22470_Gorai.008G061000.1_P2_Aza143	407	1/1	3	6	NA	9	1017	14	33	67	NA	1.37659783677483
22470_Gorai.008G061000.1_P2_Aza143	408	1/1	3	6	NA	9	1017	14	33	67	NA	1.37659783677483
22470_Gorai.008G061000.1_P2_Aza143	414	1/1	0	12	NA	12	1017	14	0	100	NA	1.37659783677483
22470_Gorai.008G061000.1_P2_Aza143	471	1/1	3	15	NA	18	1017	14	17	83	NA	1.37659783677483
22470_Gorai.008G061000.1_P2_Aza143	492	1/1	0	18	NA	18	1017	14	0	100	NA	1.37659783677483
22470_Gorai.008G061000.1_P2_Aza143	564	1/1	2	15	NA	17	1017	14	12	88	NA	1.37659783677483
22470_Gorai.008G061000.1_P2_Aza143_3	46	1/1	1	26	NA	27	1017	22	4	96	NA	2.16322517207473
22470_Gorai.008G061000.1_P2_Aza143_3	47	1/1	0	27	NA	27	1017	22	0	100	NA	2.16322517207473
22470_Gorai.008G061000.1_P2_Aza143_3	54	0/1	18	9	NA	27	1017	22	67	33	NA	2.16322517207473
22470_Gorai.008G061000.1_P2_Aza143_3	55	0/1	9	9	NA	18	1017	22	50	50	NA	2.16322517207473
22470_Gorai.008G061000.1_P2_Aza143_3	58	0/1	9	18	NA	27	1017	22	33	67	NA	2.16322517207473
22470_Gorai.008G061000.1_P2_Aza143_3	62	0/1	9	17	NA	26	1017	22	35	65	NA	2.16322517207473
22470_Gorai.008G061000.1_P2_Aza143_3	79	0/1	17	9	NA	26	1017	22	65	35	NA	2.16322517207473
22470_Gorai.008G061000.1_P2_Aza143_3	82	1/1	0	25	NA	25	1017	22	0	100	NA	2.16322517207473
22470_Gorai.008G061000.1_P2_Aza143_3	97	0/1	16	9	NA	25	1017	22	64	36	NA	2.16322517207473
22470_Gorai.008G061000.1_P2_Aza143_3	103	0/1	9	16	NA	25	1017	22	36	64	NA	2.16322517207473
22470_Gorai.008G061000.1_P2_Aza143_3	136	0/1	13	9	NA	22	1017	22	59	41	NA	2.16322517207473
22470_Gorai.008G061000.1_P2_Aza143_3	150	0/1	13	9	NA	22	1017	22	59	41	NA	2.16322517207473
22470_Gorai.008G061000.1_P2_Aza143_3	175	0/1	13	8	NA	21	1017	22	62	38	NA	2.16322517207473
22470_Gorai.008G061000.1_P2_Aza143_3	181	1/1	0	21	NA	21	1017	22	0	100	NA	2.16322517207473
22470_Gorai.008G061000.1_P2_Aza143_3	193	0/1	8	12	NA	20	1017	22	40	60	NA	2.16322517207473
22470_Gorai.008G061000.1_P2_Aza143_3	414	0/1	1	8	NA	9	1017	22	11	89	NA	2.16322517207473
22470_Gorai.008G061000.1_P2_Aza143_3	471	1/1	0	9	NA	9	1017	22	0	100	NA	2.16322517207473
22470_Gorai.008G061000.1_P2_Aza143_3	492	1/1	0	9	NA	9	1017	22	0	100	NA	2.16322517207473
22470_Gorai.008G061000.1_P2_Aza143_3	564	1/1	1	7	NA	8	1017	22	12	88	NA	2.16322517207473
22470_Gorai.008G061000.1_P2_Aza143_3	592	1/1	1	4	NA	5	1017	22	20	80	NA	2.16322517207473
22470_Gorai.008G061000.1_P2_Aza143_3	621	1/1	1	3	NA	4	1017	22	25	75	NA	2.16322517207473
22470_Gorai.008G061000.1_P2_Aza143_3	632	1/1	1	3	NA	4	1017	22	25	75	NA	2.16322517207473
22498_Gorai.008G154500.1_P1_Aza143_3	1144	1/1	0	60	NA	60	1487	3	0	100	NA	0.201748486886348
22498_Gorai.008G154500.1_P1_Aza143_3	1150	1/1	0	57	NA	57	1487	3	0	100	NA	0.201748486886348
22498_Gorai.008G154500.1_P1_Aza143_3	1152	1/1	0	57	NA	57	1487	3	0	100	NA	0.201748486886348
22558_Gorai.007G062300.1_Aza143	1099	0/1	28	25	NA	53	1666	1	53	47	NA	0.0600240096038415
23015_Gorai.006G017800.1_Aza143_3	728	1/1	0	14	NA	14	1667	1	0	100	NA	0.0599880023995201
23081_Gorai.010G082500.1_Aza143_3	77	1/1	0	12	NA	12	1730	2	0	100	NA	0.115606936416185
23081_Gorai.010G082500.1_Aza143_3	226	1/1	8	10	NA	18	1730	2	44	56	NA	0.115606936416185
23196_Gorai.007G238700.2_P2_Aza143_3	435	1/1	5	17	NA	22	1535	1	23	77	NA	0.0651465798045603
23522_Gorai.007G351000.2_Aza143	386	1/1	8	11	NA	19	864	1	42	58	NA	0.115740740740741
23522_Gorai.007G351000.2_Aza143_3	386	1/1	7	18	NA	25	864	1	28	72	NA	0.115740740740741
23608_Gorai.007G137300.2_Aza143_3	162	1/1	27	24	NA	51	1312	3	53	47	NA	0.228658536585366
23608_Gorai.007G137300.2_Aza143_3	262	1/1	26	24	NA	50	1312	3	52	48	NA	0.228658536585366
23608_Gorai.007G137300.2_Aza143_3	435	1/1	23	36	NA	59	1312	3	39	61	NA	0.228658536585366
23627_Gorai.009G068200.1_P1_Aza143	944	1/1	0	4	NA	4	1324	1	0	100	NA	0.0755287009063444
23627_Gorai.009G068200.1_P1_Aza143_3	944	1/1	2	4	NA	6	1324	2	33	67	NA	0.151057401812689
23627_Gorai.009G068200.1_P1_Aza143_3	1310	1/1	0	3	NA	3	1324	2	0	100	NA	0.151057401812689
2377_Gorai.011G150500.4_Aza143_3	1161	1/1	3	3	NA	6	3269	1	50	50	NA	0.0305903946160905
25187_Gorai.009G267800.3_Aza143_3	1047	1/1	0	8	NA	8	1474	2	0	100	NA	0.135685210312076
25187_Gorai.009G267800.3_Aza143_3	1053	1/1	0	8	NA	8	1474	2	0	100	NA	0.135685210312076
25454_Gorai.011G134300.1_Aza143	433	1/1	49	49	NA	98	1032	1	50	50	NA	0.0968992248062016
25454_Gorai.011G134300.1_Aza143_3	433	1/1	59	52	NA	111	1032	1	53	47	NA	0.0968992248062016
259_Gorai.007G088700.1_Aza143	1908	1/1	12	12	NA	24	6428	1	50	50	NA	0.015556938394524
26234_Gorai.008G042900.1_Aza143	255	1/1	0	19	NA	19	1023	4	0	100	NA	0.391006842619746
26234_Gorai.008G042900.1_Aza143	350	1/1	6	21	NA	27	1023	4	22	78	NA	0.391006842619746
26234_Gorai.008G042900.1_Aza143	442	0/1	17	12	NA	29	1023	4	59	41	NA	0.391006842619746
26234_Gorai.008G042900.1_Aza143	574	1/1	1	21	NA	22	1023	4	5	95	NA	0.391006842619746
26234_Gorai.008G042900.1_Aza143_3	255	1/1	0	16	NA	16	1023	3	0	100	NA	0.293255131964809
26234_Gorai.008G042900.1_Aza143_3	350	1/1	8	21	NA	29	1023	3	28	72	NA	0.293255131964809
26234_Gorai.008G042900.1_Aza143_3	442	0/1	23	14	NA	37	1023	3	62	38	NA	0.293255131964809
28497_Gorai.012G187500.1_Aza143	763	1/1	0	19	NA	19	1142	4	0	100	NA	0.350262697022767
28497_Gorai.012G187500.1_Aza143	767	1/1	0	10	NA	10	1142	4	0	100	NA	0.350262697022767
28497_Gorai.012G187500.1_Aza143	770	1/1	0	20	NA	20	1142	4	0	100	NA	0.350262697022767
28497_Gorai.012G187500.1_Aza143	917	1/1	16	20	NA	36	1142	4	44	56	NA	0.350262697022767
295_Gorai.004G246800.1_Aza143	791	1/1	16	22	NA	38	6070	1	42	58	NA	0.0164744645799012
3168_Gorai.013G033700.2_P2_Aza143	354	1/1	5	22	NA	27	3142	1	19	81	NA	0.0318268618714195
3168_Gorai.013G033700.2_P2_Aza143_3	354	1/1	4	26	NA	30	3142	1	13	87	NA	0.0318268618714195
31965_Gorai.008G186900.1_P2_Aza143_3	36	1/1	0	4	NA	4	1322	3	0	100	NA	0.226928895612708
31965_Gorai.008G186900.1_P2_Aza143_3	37	1/1	0	4	NA	4	1322	3	0	100	NA	0.226928895612708
31965_Gorai.008G186900.1_P2_Aza143_3	38	1/1	0	4	NA	4	1322	3	0	100	NA	0.226928895612708
3218_Gorai.006G063300.1_Aza143	3874	1/1	0	19	NA	19	4162	1	0	100	NA	0.0240269101393561
3275_Gorai.006G000100.1_Aza143	4114	1/1	0	62	NA	62	4647	1	0	100	NA	0.021519259737465
3275_Gorai.006G000100.1_Aza143_3	14	1/1	0	4	NA	4	4647	3	0	100	NA	0.0645577792123951
3275_Gorai.006G000100.1_Aza143_3	3614	1/1	4	28	NA	32	4647	3	12	88	NA	0.0645577792123951
3275_Gorai.006G000100.1_Aza143_3	4114	1/1	0	61	NA	61	4647	3	0	100	NA	0.0645577792123951
33566_Gorai.009G454300.1_Aza143	557	1/1	2	15	NA	17	1446	2	12	88	NA	0.138312586445367
33566_Gorai.009G454300.1_Aza143	589	1/1	2	17	NA	19	1446	2	11	89	NA	0.138312586445367
33566_Gorai.009G454300.1_Aza143_3	557	1/1	4	16	NA	20	1446	3	20	80	NA	0.20746887966805
33566_Gorai.009G454300.1_Aza143_3	589	1/1	5	15	NA	20	1446	3	25	75	NA	0.20746887966805
33566_Gorai.009G454300.1_Aza143_3	669	1/1	6	12	NA	18	1446	3	33	67	NA	0.20746887966805
3505_Gorai.009G172900.1_P2_Aza143	1303	1/1	0	2	NA	2	2851	39	0	100	NA	1.36794107330761
3505_Gorai.009G172900.1_P2_Aza143	1348	1/1	0	6	NA	6	2851	39	0	100	NA	1.36794107330761
3505_Gorai.009G172900.1_P2_Aza143	1354	1/1	0	6	NA	6	2851	39	0	100	NA	1.36794107330761
3505_Gorai.009G172900.1_P2_Aza143	1357	1/1	0	6	NA	6	2851	39	0	100	NA	1.36794107330761
3505_Gorai.009G172900.1_P2_Aza143	1363	1/1	0	6	NA	6	2851	39	0	100	NA	1.36794107330761
3505_Gorai.009G172900.1_P2_Aza143	1374	1/1	0	6	NA	6	2851	39	0	100	NA	1.36794107330761
3505_Gorai.009G172900.1_P2_Aza143	1376	1/1	0	6	NA	6	2851	39	0	100	NA	1.36794107330761
3505_Gorai.009G172900.1_P2_Aza143	1378	1/1	0	7	NA	7	2851	39	0	100	NA	1.36794107330761
3505_Gorai.009G172900.1_P2_Aza143	1387	0/1	7	5	NA	12	2851	39	58	42	NA	1.36794107330761
3505_Gorai.009G172900.1_P2_Aza143	1433	0/1	11	10	NA	21	2851	39	52	48	NA	1.36794107330761
3505_Gorai.009G172900.1_P2_Aza143	1444	1/1	0	21	NA	21	2851	39	0	100	NA	1.36794107330761
3505_Gorai.009G172900.1_P2_Aza143	1489	1/1	0	23	NA	23	2851	39	0	100	NA	1.36794107330761
3505_Gorai.009G172900.1_P2_Aza143	1491	1/1	0	24	NA	24	2851	39	0	100	NA	1.36794107330761
3505_Gorai.009G172900.1_P2_Aza143	1501	1/1	3	25	NA	28	2851	39	11	89	NA	1.36794107330761
3505_Gorai.009G172900.1_P2_Aza143	1522	1/1	6	24	NA	30	2851	39	20	80	NA	1.36794107330761
3505_Gorai.009G172900.1_P2_Aza143	1528	1/1	8	26	NA	34	2851	39	24	76	NA	1.36794107330761
3505_Gorai.009G172900.1_P2_Aza143	1552	1/1	10	25	NA	35	2851	39	29	71	NA	1.36794107330761
3505_Gorai.009G172900.1_P2_Aza143	1555	1/1	10	23	NA	33	2851	39	30	70	NA	1.36794107330761
3505_Gorai.009G172900.1_P2_Aza143	1557	1/1	10	23	NA	33	2851	39	30	70	NA	1.36794107330761
3505_Gorai.009G172900.1_P2_Aza143	1558	1/1	10	23	NA	33	2851	39	30	70	NA	1.36794107330761
3505_Gorai.009G172900.1_P2_Aza143	1576	1/1	12	26	NA	38	2851	39	32	68	NA	1.36794107330761
3505_Gorai.009G172900.1_P2_Aza143	1579	1/1	13	26	NA	39	2851	39	33	67	NA	1.36794107330761
3505_Gorai.009G172900.1_P2_Aza143	1603	1/1	1	19	NA	20	2851	39	5	95	NA	1.36794107330761
3505_Gorai.009G172900.1_P2_Aza143	2425	1/1	20	25	NA	45	2851	39	44	56	NA	1.36794107330761
3505_Gorai.009G172900.1_P2_Aza143	2443	1/1	13	30	NA	43	2851	39	30	70	NA	1.36794107330761
3505_Gorai.009G172900.1_P2_Aza143	2458	1/1	10	31	NA	41	2851	39	24	76	NA	1.36794107330761
3505_Gorai.009G172900.1_P2_Aza143	2464	1/1	10	30	NA	40	2851	39	25	75	NA	1.36794107330761
3505_Gorai.009G172900.1_P2_Aza143	2468	1/1	8	30	NA	38	2851	39	21	79	NA	1.36794107330761
3505_Gorai.009G172900.1_P2_Aza143	2469	1/1	8	30	NA	38	2851	39	21	79	NA	1.36794107330761
3505_Gorai.009G172900.1_P2_Aza143	2518	1/1	1	37	NA	38	2851	39	3	97	NA	1.36794107330761
3505_Gorai.009G172900.1_P2_Aza143	2553	0/1	23	12	NA	35	2851	39	66	34	NA	1.36794107330761
3505_Gorai.009G172900.1_P2_Aza143	2628	0/1	20	10	NA	30	2851	39	67	33	NA	1.36794107330761
3505_Gorai.009G172900.1_P2_Aza143	2697	1/1	0	14	NA	14	2851	39	0	100	NA	1.36794107330761
3505_Gorai.009G172900.1_P2_Aza143	2710	1/1	0	14	NA	14	2851	39	0	100	NA	1.36794107330761
3505_Gorai.009G172900.1_P2_Aza143	2722	0/1	2	12	NA	14	2851	39	14	86	NA	1.36794107330761
3505_Gorai.009G172900.1_P2_Aza143	2725	1/1	0	12	NA	12	2851	39	0	100	NA	1.36794107330761
3505_Gorai.009G172900.1_P2_Aza143	2731	1/1	0	12	NA	12	2851	39	0	100	NA	1.36794107330761
3505_Gorai.009G172900.1_P2_Aza143	2770	1/1	0	6	NA	6	2851	39	0	100	NA	1.36794107330761
3505_Gorai.009G172900.1_P2_Aza143	2790	1/1	0	4	NA	4	2851	39	0	100	NA	1.36794107330761
3505_Gorai.009G172900.1_P2_Aza143_3	1804	1/1	0	42	NA	42	2851	4	0	100	NA	0.14030164854437
3505_Gorai.009G172900.1_P2_Aza143_3	1843	1/1	0	50	NA	50	2851	4	0	100	NA	0.14030164854437
3505_Gorai.009G172900.1_P2_Aza143_3	1936	1/1	2	36	NA	38	2851	4	5	95	NA	0.14030164854437
3505_Gorai.009G172900.1_P2_Aza143_3	2710	1/1	0	12	NA	12	2851	4	0	100	NA	0.14030164854437
4143_Gorai.008G286900.1_Aza143	47	1/1	7	13	NA	20	1762	3	35	65	NA	0.170261066969353
4143_Gorai.008G286900.1_Aza143	55	1/1	7	14	NA	21	1762	3	33	67	NA	0.170261066969353
4143_Gorai.008G286900.1_Aza143	956	1/1	2	16	NA	18	1762	3	11	89	NA	0.170261066969353
4304_Gorai.010G125400.1_Aza143	113	0/1	61	11	NA	72	2200	29	85	15	NA	1.31818181818182
4304_Gorai.010G125400.1_Aza143	125	0/1	70	11	NA	81	2200	29	86	14	NA	1.31818181818182
4304_Gorai.010G125400.1_Aza143	141	0/1	79	11	NA	90	2200	29	88	12	NA	1.31818181818182
4304_Gorai.010G125400.1_Aza143	152	0/1	84	11	NA	95	2200	29	88	12	NA	1.31818181818182
4304_Gorai.010G125400.1_Aza143	158	0/1	87	11	NA	98	2200	29	89	11	NA	1.31818181818182
4304_Gorai.010G125400.1_Aza143	162	0/1	89	11	NA	100	2200	29	89	11	NA	1.31818181818182
4304_Gorai.010G125400.1_Aza143	164	0/1	89	11	NA	100	2200	29	89	11	NA	1.31818181818182
4304_Gorai.010G125400.1_Aza143	166	0/1	90	11	NA	101	2200	29	89	11	NA	1.31818181818182
4304_Gorai.010G125400.1_Aza143	175	0/1	97	11	NA	108	2200	29	90	10	NA	1.31818181818182
4304_Gorai.010G125400.1_Aza143	180	0/1	99	12	NA	111	2200	29	89	11	NA	1.31818181818182
4304_Gorai.010G125400.1_Aza143	181	0/1	100	11	NA	111	2200	29	90	10	NA	1.31818181818182
4304_Gorai.010G125400.1_Aza143	184	0/1	102	11	NA	113	2200	29	90	10	NA	1.31818181818182
4304_Gorai.010G125400.1_Aza143	187	0/1	102	11	NA	113	2200	29	90	10	NA	1.31818181818182
4304_Gorai.010G125400.1_Aza143	189	0/1	105	11	NA	116	2200	29	91	9	NA	1.31818181818182
4304_Gorai.010G125400.1_Aza143	190	0/1	106	11	NA	117	2200	29	91	9	NA	1.31818181818182
4304_Gorai.010G125400.1_Aza143	193	0/1	106	11	NA	117	2200	29	91	9	NA	1.31818181818182
4304_Gorai.010G125400.1_Aza143	195	0/1	109	11	NA	120	2200	29	91	9	NA	1.31818181818182
4304_Gorai.010G125400.1_Aza143	204	0/1	114	13	NA	127	2200	29	90	10	NA	1.31818181818182
4304_Gorai.010G125400.1_Aza143	216	0/1	118	13	NA	131	2200	29	90	10	NA	1.31818181818182
4304_Gorai.010G125400.1_Aza143	217	0/1	118	13	NA	131	2200	29	90	10	NA	1.31818181818182
4304_Gorai.010G125400.1_Aza143	223	0/1	123	14	NA	137	2200	29	90	10	NA	1.31818181818182
4304_Gorai.010G125400.1_Aza143	241	0/1	128	16	NA	144	2200	29	89	11	NA	1.31818181818182
4304_Gorai.010G125400.1_Aza143	259	0/1	135	15	NA	150	2200	29	90	10	NA	1.31818181818182
4304_Gorai.010G125400.1_Aza143	260	0/1	133	15	NA	148	2200	29	90	10	NA	1.31818181818182
4304_Gorai.010G125400.1_Aza143	270	0/1	132	15	NA	147	2200	29	90	10	NA	1.31818181818182
4304_Gorai.010G125400.1_Aza143	271	0/1	133	15	NA	148	2200	29	90	10	NA	1.31818181818182
4304_Gorai.010G125400.1_Aza143	292	0/1	134	15	NA	149	2200	29	90	10	NA	1.31818181818182
4304_Gorai.010G125400.1_Aza143	1113	0/1	8	5	NA	13	2200	29	62	38	NA	1.31818181818182
4304_Gorai.010G125400.1_Aza143	1635	0/1	39	5	NA	44	2200	29	89	11	NA	1.31818181818182
4341_Gorai.004G072100.1_Aza143	452	1/1	3	31	NA	34	2571	1	9	91	NA	0.0388953714507974
4348_Gorai.013G260900.1_P1_Aza143	1889	1/1	11	24	NA	35	4751	9	31	69	NA	0.189433803409808
4348_Gorai.013G260900.1_P1_Aza143	2386	1/1	12	37	NA	49	4751	9	24	76	NA	0.189433803409808
4348_Gorai.013G260900.1_P1_Aza143	2456	1/1	10	52	NA	62	4751	9	16	84	NA	0.189433803409808
4348_Gorai.013G260900.1_P1_Aza143	3106	1/1	0	3	NA	3	4751	9	0	100	NA	0.189433803409808
4348_Gorai.013G260900.1_P1_Aza143	3487	0/1	10	8	NA	18	4751	9	56	44	NA	0.189433803409808
4348_Gorai.013G260900.1_P1_Aza143	3520	1/1	15	9	NA	24	4751	9	62	38	NA	0.189433803409808
4348_Gorai.013G260900.1_P1_Aza143	3556	1/1	20	11	NA	31	4751	9	65	35	NA	0.189433803409808
4348_Gorai.013G260900.1_P1_Aza143	4474	1/1	1	17	NA	18	4751	9	6	94	NA	0.189433803409808
4348_Gorai.013G260900.1_P1_Aza143	4549	1/1	1	13	NA	14	4751	9	7	93	NA	0.189433803409808
4348_Gorai.013G260900.1_P1_Aza143_3	1889	1/1	9	29	NA	38	4751	8	24	76	NA	0.168385603030941
4348_Gorai.013G260900.1_P1_Aza143_3	2271	0/1	20	19	NA	39	4751	8	51	49	NA	0.168385603030941
4348_Gorai.013G260900.1_P1_Aza143_3	2275	0/1	23	17	NA	40	4751	8	57	42	NA	0.168385603030941
4348_Gorai.013G260900.1_P1_Aza143_3	2386	1/1	10	47	NA	57	4751	8	18	82	NA	0.168385603030941
4348_Gorai.013G260900.1_P1_Aza143_3	2456	1/1	7	60	NA	67	4751	8	10	90	NA	0.168385603030941
4348_Gorai.013G260900.1_P1_Aza143_3	2773	0/1	53	3	NA	56	4751	8	95	5	NA	0.168385603030941
4348_Gorai.013G260900.1_P1_Aza143_3	2949	1/1	0	33	NA	33	4751	8	0	100	NA	0.168385603030941
4348_Gorai.013G260900.1_P1_Aza143_3	2975	1/1	1	30	NA	31	4751	8	3	97	NA	0.168385603030941
453_Gorai.012G186300.1_Aza143_3	193	0/1	66	8	NA	74	4296	18	89	11	NA	0.418994413407821
453_Gorai.012G186300.1_Aza143_3	197	0/1	69	9	NA	78	4296	18	88	12	NA	0.418994413407821
453_Gorai.012G186300.1_Aza143_3	225	0/1	77	17	NA	94	4296	18	82	18	NA	0.418994413407821
453_Gorai.012G186300.1_Aza143_3	230	0/1	81	16	NA	97	4296	18	84	16	NA	0.418994413407821
453_Gorai.012G186300.1_Aza143_3	295	0/1	80	26	NA	106	4296	18	75	25	NA	0.418994413407821
453_Gorai.012G186300.1_Aza143_3	314	0/1	81	26	NA	107	4296	18	76	24	NA	0.418994413407821
453_Gorai.012G186300.1_Aza143_3	317	0/1	80	26	NA	106	4296	18	75	25	NA	0.418994413407821
453_Gorai.012G186300.1_Aza143_3	320	0/1	78	27	NA	105	4296	18	74	26	NA	0.418994413407821
453_Gorai.012G186300.1_Aza143_3	345	0/1	77	27	NA	104	4296	18	74	26	NA	0.418994413407821
453_Gorai.012G186300.1_Aza143_3	348	0/1	77	27	NA	104	4296	18	74	26	NA	0.418994413407821
453_Gorai.012G186300.1_Aza143_3	354	0/1	74	26	NA	100	4296	18	74	26	NA	0.418994413407821
453_Gorai.012G186300.1_Aza143_3	357	0/1	74	26	NA	100	4296	18	74	26	NA	0.418994413407821
453_Gorai.012G186300.1_Aza143_3	368	0/1	69	26	NA	95	4296	18	73	27	NA	0.418994413407821
453_Gorai.012G186300.1_Aza143_3	375	0/1	71	26	NA	97	4296	18	73	27	NA	0.418994413407821
453_Gorai.012G186300.1_Aza143_3	387	0/1	72	25	NA	97	4296	18	74	26	NA	0.418994413407821
453_Gorai.012G186300.1_Aza143_3	391	0/1	72	24	NA	96	4296	18	75	25	NA	0.418994413407821
453_Gorai.012G186300.1_Aza143_3	433	0/1	61	15	NA	76	4296	18	80	20	NA	0.418994413407821
453_Gorai.012G186300.1_Aza143_3	471	0/1	62	11	NA	73	4296	18	85	15	NA	0.418994413407821
4771_Gorai.010G081600.1_P1_Aza143	2144	1/1	0	12	NA	12	2292	1	0	100	NA	0.043630017452007
4771_Gorai.010G081600.1_P1_Aza143_3	2144	1/1	0	16	NA	16	2292	1	0	100	NA	0.043630017452007
4771_Gorai.010G081600.1_P2_Aza143_3	2794	1/1	1	8	NA	9	3022	1	11	89	NA	0.0330906684315023
4950_Gorai.001G237200.2_Aza143	62	1/1	0	16	NA	16	2350	2	0	100	NA	0.0851063829787234
4950_Gorai.001G237200.2_Aza143	961	1/1	32	67	NA	99	2350	2	32	68	NA	0.0851063829787234
4950_Gorai.001G237200.2_Aza143_3	961	1/1	35	46	NA	81	2350	1	43	57	NA	0.0425531914893617
5691_Gorai.012G163300.2_P1_Aza143	2003	0/1	4	64	NA	68	2071	3	6	94	NA	0.144857556735876
5691_Gorai.012G163300.2_P1_Aza143	2041	1/1	0	46	NA	46	2071	3	0	100	NA	0.144857556735876
5691_Gorai.012G163300.2_P1_Aza143	2044	1/1	0	42	NA	42	2071	3	0	100	NA	0.144857556735876
5691_Gorai.012G163300.2_P2_Aza143	332	1/1	1	17	NA	18	2305	3	6	94	NA	0.130151843817787
5691_Gorai.012G163300.2_P2_Aza143	542	1/1	36	28	NA	64	2305	3	56	44	NA	0.130151843817787
5691_Gorai.012G163300.2_P2_Aza143	1876	1/1	0	21	NA	21	2305	3	0	100	NA	0.130151843817787
5691_Gorai.012G163300.2_P2_Aza143_3	158	1/1	9	8	NA	17	2305	6	53	47	NA	0.260303687635575
5691_Gorai.012G163300.2_P2_Aza143_3	332	1/1	1	18	NA	19	2305	6	5	95	NA	0.260303687635575
5691_Gorai.012G163300.2_P2_Aza143_3	542	1/1	20	34	NA	54	2305	6	37	63	NA	0.260303687635575
5691_Gorai.012G163300.2_P2_Aza143_3	1876	1/1	0	26	NA	26	2305	6	0	100	NA	0.260303687635575
5691_Gorai.012G163300.2_P2_Aza143_3	2037	1/1	0	38	NA	38	2305	6	0	100	NA	0.260303687635575
5691_Gorai.012G163300.2_P2_Aza143_3	2040	1/1	0	38	NA	38	2305	6	0	100	NA	0.260303687635575
5895_Gorai.004G031700.6_P2_Aza143_3	707	1/1	2	9	NA	11	1400	4	18	82	NA	0.285714285714286
5895_Gorai.004G031700.6_P2_Aza143_3	712	1/1	2	9	NA	11	1400	4	18	82	NA	0.285714285714286
5895_Gorai.004G031700.6_P2_Aza143_3	729	1/1	3	9	NA	12	1400	4	25	75	NA	0.285714285714286
5895_Gorai.004G031700.6_P2_Aza143_3	748	0/1	8	3	NA	11	1400	4	73	27	NA	0.285714285714286
6136_Gorai.007G167000.1_P1_Aza143_3	1376	1/1	29	2	NA	31	1397	1	94	6	NA	0.0715819613457409
6159_Gorai.005G170100.1_Aza143	1760	1/1	9	20	NA	29	3764	1	31	69	NA	0.026567481402763
6159_Gorai.005G170100.1_Aza143_3	1760	1/1	14	19	NA	33	3764	1	42	58	NA	0.026567481402763
6171_Gorai.008G228900.3_P3_Aza143	84	1/1	0	3	NA	3	2098	19	0	100	NA	0.905624404194471
6171_Gorai.008G228900.3_P3_Aza143	93	1/1	0	7	NA	7	2098	19	0	100	NA	0.905624404194471
6171_Gorai.008G228900.3_P3_Aza143	96	1/1	0	10	NA	10	2098	19	0	100	NA	0.905624404194471
6171_Gorai.008G228900.3_P3_Aza143	115	1/1	0	13	NA	13	2098	19	0	100	NA	0.905624404194471
6171_Gorai.008G228900.3_P3_Aza143	138	1/1	7	13	NA	20	2098	19	35	65	NA	0.905624404194471
6171_Gorai.008G228900.3_P3_Aza143	186	0/1	25	17	NA	42	2098	19	60	40	NA	0.905624404194471
6171_Gorai.008G228900.3_P3_Aza143	240	0/1	22	28	NA	50	2098	19	44	56	NA	0.905624404194471
6171_Gorai.008G228900.3_P3_Aza143	258	0/1	31	21	NA	52	2098	19	60	40	NA	0.905624404194471
6171_Gorai.008G228900.3_P3_Aza143	279	0/1	31	21	NA	52	2098	19	60	40	NA	0.905624404194471
6171_Gorai.008G228900.3_P3_Aza143	297	0/1	32	22	NA	54	2098	19	59	41	NA	0.905624404194471
6171_Gorai.008G228900.3_P3_Aza143	315	0/1	20	31	NA	51	2098	19	39	61	NA	0.905624404194471
6171_Gorai.008G228900.3_P3_Aza143	339	0/1	30	20	NA	50	2098	19	60	40	NA	0.905624404194471
6171_Gorai.008G228900.3_P3_Aza143	418	1/1	11	10	NA	21	2098	19	52	48	NA	0.905624404194471
6171_Gorai.008G228900.3_P3_Aza143	419	1/1	11	9	NA	20	2098	19	55	45	NA	0.905624404194471
6171_Gorai.008G228900.3_P3_Aza143	422	1/1	14	6	NA	20	2098	19	70	30	NA	0.905624404194471
6171_Gorai.008G228900.3_P3_Aza143	432	1/1	7	9	NA	16	2098	19	44	56	NA	0.905624404194471
6171_Gorai.008G228900.3_P3_Aza143	1304	0/1	8	7	NA	15	2098	19	53	47	NA	0.905624404194471
6171_Gorai.008G228900.3_P3_Aza143	1316	1/1	4	16	NA	20	2098	19	20	80	NA	0.905624404194471
6171_Gorai.008G228900.3_P3_Aza143	1323	1/1	4	17	NA	21	2098	19	19	81	NA	0.905624404194471
6171_Gorai.008G228900.3_P3_Aza143_3	186	1/1	20	42	NA	62	2098	5	32	68	NA	0.238322211630124
6171_Gorai.008G228900.3_P3_Aza143_3	258	1/1	24	42	NA	66	2098	5	36	64	NA	0.238322211630124
6171_Gorai.008G228900.3_P3_Aza143_3	279	1/1	24	32	NA	56	2098	5	43	57	NA	0.238322211630124
6171_Gorai.008G228900.3_P3_Aza143_3	297	0/1	24	27	NA	51	2098	5	47	53	NA	0.238322211630124
6171_Gorai.008G228900.3_P3_Aza143_3	418	1/1	5	9	NA	14	2098	5	36	64	NA	0.238322211630124
6227_Gorai.010G034900.1_P1_Aza143_3	798	1/1	0	3	NA	3	1882	2	0	100	NA	0.106269925611052
6227_Gorai.010G034900.1_P1_Aza143_3	1372	1/1	3	18	NA	21	1882	2	14	86	NA	0.106269925611052
6530_Gorai.008G218300.1_Aza143_3	66	1/1	0	10	NA	10	1311	1	0	100	NA	0.07627765064836
6794_Gorai.009G193900.2_Aza143	1096	1/1	7	17	NA	24	4679	4	29	71	NA	0.0854883522120111
6794_Gorai.009G193900.2_Aza143	1097	1/1	7	17	NA	24	4679	4	29	71	NA	0.0854883522120111
6794_Gorai.009G193900.2_Aza143	1105	1/1	7	18	NA	25	4679	4	28	72	NA	0.0854883522120111
6794_Gorai.009G193900.2_Aza143	1155	1/1	7	18	NA	25	4679	4	28	72	NA	0.0854883522120111
6801_Gorai.008G191000.1_Aza143_3	461	1/1	0	18	NA	18	2193	2	0	100	NA	0.0911992704058368
6801_Gorai.008G191000.1_Aza143_3	518	1/1	0	20	NA	20	2193	2	0	100	NA	0.0911992704058368
704_Gorai.012G017400.1_Aza143	804	0/1	39	39	NA	78	4049	2	50	50	NA	0.0493949123240306
704_Gorai.012G017400.1_Aza143	1069	1/1	35	41	NA	76	4049	2	46	54	NA	0.0493949123240306
704_Gorai.012G017400.1_Aza143_3	804	0/1	32	27	NA	59	4049	2	54	46	NA	0.0493949123240306
704_Gorai.012G017400.1_Aza143_3	1069	1/1	49	33	NA	82	4049	2	60	40	NA	0.0493949123240306
727_Gorai.011G026100.1_Aza143	3238	1/1	3	18	NA	21	5099	7	14	86	NA	0.137281819964699
727_Gorai.011G026100.1_Aza143	3290	1/1	3	19	NA	22	5099	7	14	86	NA	0.137281819964699
727_Gorai.011G026100.1_Aza143	3337	0/1	4	17	NA	21	5099	7	19	81	NA	0.137281819964699
727_Gorai.011G026100.1_Aza143	3355	0/1	4	15	NA	19	5099	7	21	79	NA	0.137281819964699
727_Gorai.011G026100.1_Aza143	3385	0/1	4	10	NA	14	5099	7	29	71	NA	0.137281819964699
727_Gorai.011G026100.1_Aza143	3387	0/1	4	10	NA	14	5099	7	29	71	NA	0.137281819964699
727_Gorai.011G026100.1_Aza143	3400	0/1	3	9	NA	12	5099	7	25	75	NA	0.137281819964699
727_Gorai.011G026100.1_Aza143_3	3173	0/1	11	20	NA	31	5099	9	35	65	NA	0.17650519709747
727_Gorai.011G026100.1_Aza143_3	3185	1/1	10	26	NA	36	5099	9	28	72	NA	0.17650519709747
727_Gorai.011G026100.1_Aza143_3	3205	1/1	10	28	NA	38	5099	9	26	74	NA	0.17650519709747
727_Gorai.011G026100.1_Aza143_3	3238	1/1	8	31	NA	39	5099	9	21	79	NA	0.17650519709747
727_Gorai.011G026100.1_Aza143_3	3337	1/1	2	26	NA	28	5099	9	7	93	NA	0.17650519709747
727_Gorai.011G026100.1_Aza143_3	3355	1/1	2	24	NA	26	5099	9	8	92	NA	0.17650519709747
727_Gorai.011G026100.1_Aza143_3	3385	1/1	2	19	NA	21	5099	9	10	90	NA	0.17650519709747
727_Gorai.011G026100.1_Aza143_3	3387	1/1	2	18	NA	20	5099	9	10	90	NA	0.17650519709747
727_Gorai.011G026100.1_Aza143_3	3400	1/1	1	14	NA	15	5099	9	7	93	NA	0.17650519709747
7271_Gorai.005G267000.2_P1_Aza143	1896	1/1	0	2	NA	2	2217	13	0	100	NA	0.58637798827244
7271_Gorai.005G267000.2_P1_Aza143	1934	1/1	0	22	NA	22	2217	13	0	100	NA	0.58637798827244
7271_Gorai.005G267000.2_P1_Aza143	1977	1/1	0	34	NA	34	2217	13	0	100	NA	0.58637798827244
7271_Gorai.005G267000.2_P1_Aza143	2019	0/1	19	23	NA	42	2217	13	45	55	NA	0.58637798827244
7271_Gorai.005G267000.2_P1_Aza143	2037	1/1	0	41	NA	41	2217	13	0	100	NA	0.58637798827244
7271_Gorai.005G267000.2_P1_Aza143	2079	1/1	0	42	NA	42	2217	13	0	100	NA	0.58637798827244
7271_Gorai.005G267000.2_P1_Aza143	2083	0/1	24	18	NA	42	2217	13	57	43	NA	0.58637798827244
7271_Gorai.005G267000.2_P1_Aza143	2100	1/1	0	42	NA	42	2217	13	0	100	NA	0.58637798827244
7271_Gorai.005G267000.2_P1_Aza143	2113	1/1	1	43	NA	44	2217	13	2	98	NA	0.58637798827244
7271_Gorai.005G267000.2_P1_Aza143	2133	1/1	1	43	NA	44	2217	13	2	98	NA	0.58637798827244
7271_Gorai.005G267000.2_P1_Aza143	2180	0/1	18	3	NA	21	2217	13	86	14	NA	0.58637798827244
7271_Gorai.005G267000.2_P1_Aza143	2193	0/1	9	7	NA	16	2217	13	56	44	NA	0.58637798827244
7271_Gorai.005G267000.2_P1_Aza143	2194	1/1	1	15	NA	16	2217	13	6	94	NA	0.58637798827244
7271_Gorai.005G267000.2_P1_Aza143_3	1929	0/1	6	10	NA	16	2217	10	38	62	NA	0.4510599909788
7271_Gorai.005G267000.2_P1_Aza143_3	1934	1/1	0	17	NA	17	2217	10	0	100	NA	0.4510599909788
7271_Gorai.005G267000.2_P1_Aza143_3	1977	1/1	0	33	NA	33	2217	10	0	100	NA	0.4510599909788
7271_Gorai.005G267000.2_P1_Aza143_3	2019	1/1	0	40	NA	40	2217	10	0	100	NA	0.4510599909788
7271_Gorai.005G267000.2_P1_Aza143_3	2037	1/1	0	41	NA	41	2217	10	0	100	NA	0.4510599909788
7271_Gorai.005G267000.2_P1_Aza143_3	2079	1/1	0	41	NA	41	2217	10	0	100	NA	0.4510599909788
7271_Gorai.005G267000.2_P1_Aza143_3	2100	1/1	0	41	NA	41	2217	10	0	100	NA	0.4510599909788
7271_Gorai.005G267000.2_P1_Aza143_3	2113	1/1	0	41	NA	41	2217	10	0	100	NA	0.4510599909788
7271_Gorai.005G267000.2_P1_Aza143_3	2133	1/1	0	34	NA	34	2217	10	0	100	NA	0.4510599909788
7271_Gorai.005G267000.2_P1_Aza143_3	2194	1/1	0	18	NA	18	2217	10	0	100	NA	0.4510599909788
7606_Gorai.004G131300.1_Aza143	203	1/1	0	33	NA	33	3486	5	0	100	NA	0.143430866322433
7606_Gorai.004G131300.1_Aza143	618	1/1	0	21	NA	21	3486	5	0	100	NA	0.143430866322433
7606_Gorai.004G131300.1_Aza143	1359	1/1	2	10	NA	12	3486	5	17	83	NA	0.143430866322433
7606_Gorai.004G131300.1_Aza143	1515	1/1	0	4	NA	4	3486	5	0	100	NA	0.143430866322433
7606_Gorai.004G131300.1_Aza143	2237	1/1	0	6	NA	6	3486	5	0	100	NA	0.143430866322433
7606_Gorai.004G131300.1_Aza143_3	203	1/1	2	18	NA	20	3486	4	10	90	NA	0.114744693057946
7606_Gorai.004G131300.1_Aza143_3	618	1/1	0	22	NA	22	3486	4	0	100	NA	0.114744693057946
7606_Gorai.004G131300.1_Aza143_3	1515	1/1	0	7	NA	7	3486	4	0	100	NA	0.114744693057946
7606_Gorai.004G131300.1_Aza143_3	2237	1/1	2	11	NA	13	3486	4	15	85	NA	0.114744693057946
7782_Gorai.008G118200.1_Aza143_3	612	1/1	14	53	NA	67	2097	1	21	79	NA	0.0476871721506915
7798_Gorai.009G344900.1_Aza143	1965	1/1	0	16	NA	16	3085	2	0	100	NA	0.0648298217179903
7798_Gorai.009G344900.1_Aza143	2286	1/1	3	13	NA	16	3085	2	19	81	NA	0.0648298217179903
7798_Gorai.009G344900.1_Aza143_3	1065	1/1	0	10	NA	10	3085	2	0	100	NA	0.0648298217179903
7798_Gorai.009G344900.1_Aza143_3	2286	1/1	1	11	NA	12	3085	2	8	92	NA	0.0648298217179903
7856_Gorai.003G086000.1_P3_Aza143	653	1/1	50	61	NA	111	1792	2	45	55	NA	0.111607142857143
7856_Gorai.003G086000.1_P3_Aza143	1478	1/1	30	72	NA	102	1792	2	29	71	NA	0.111607142857143
7856_Gorai.003G086000.1_P3_Aza143_3	653	1/1	33	66	NA	99	1792	2	33	67	NA	0.111607142857143
7856_Gorai.003G086000.1_P3_Aza143_3	1478	1/1	24	83	NA	107	1792	2	22	78	NA	0.111607142857143
8031_Gorai.003G035200.6_P1_Aza143	609	1/1	4	18	NA	22	1243	4	18	82	NA	0.321802091713596
8031_Gorai.003G035200.6_P1_Aza143	684	1/1	4	27	NA	31	1243	4	13	87	NA	0.321802091713596
8031_Gorai.003G035200.6_P1_Aza143	705	1/1	4	27	NA	31	1243	4	13	87	NA	0.321802091713596
8031_Gorai.003G035200.6_P1_Aza143	741	1/1	3	28	NA	31	1243	4	10	90	NA	0.321802091713596
8031_Gorai.003G035200.6_P1_Aza143_3	534	1/1	2	22	NA	24	1243	4	8	92	NA	0.321802091713596
8031_Gorai.003G035200.6_P1_Aza143_3	537	0/1	17	7	NA	24	1243	4	71	29	NA	0.321802091713596
8031_Gorai.003G035200.6_P1_Aza143_3	541	0/1	13	13	NA	26	1243	4	50	50	NA	0.321802091713596
8031_Gorai.003G035200.6_P1_Aza143_3	741	1/1	2	53	NA	55	1243	4	4	96	NA	0.321802091713596
8061_Gorai.002G118200.4_P1_Aza143	255	0/1	55	12	NA	67	1634	37	82	18	NA	2.26438188494492
8061_Gorai.002G118200.4_P1_Aza143	261	0/1	53	12	NA	65	1634	37	82	18	NA	2.26438188494492
8061_Gorai.002G118200.4_P1_Aza143	274	0/1	49	13	NA	62	1634	37	79	21	NA	2.26438188494492
8061_Gorai.002G118200.4_P1_Aza143	276	0/1	47	13	NA	60	1634	37	78	22	NA	2.26438188494492
8061_Gorai.002G118200.4_P1_Aza143	277	0/1	49	14	NA	63	1634	37	78	22	NA	2.26438188494492
8061_Gorai.002G118200.4_P1_Aza143	292	0/1	50	17	NA	67	1634	37	75	25	NA	2.26438188494492
8061_Gorai.002G118200.4_P1_Aza143	306	0/1	56	22	NA	78	1634	37	72	28	NA	2.26438188494492
8061_Gorai.002G118200.4_P1_Aza143	312	0/1	55	25	NA	80	1634	37	69	31	NA	2.26438188494492
8061_Gorai.002G118200.4_P1_Aza143	322	0/1	60	27	NA	87	1634	37	69	31	NA	2.26438188494492
8061_Gorai.002G118200.4_P1_Aza143	339	0/1	65	28	NA	93	1634	37	70	30	NA	2.26438188494492
8061_Gorai.002G118200.4_P1_Aza143	359	0/1	73	32	NA	105	1634	37	70	30	NA	2.26438188494492
8061_Gorai.002G118200.4_P1_Aza143	390	0/1	81	39	NA	120	1634	37	68	32	NA	2.26438188494492
8061_Gorai.002G118200.4_P1_Aza143	398	0/1	84	40	NA	124	1634	37	68	32	NA	2.26438188494492
8061_Gorai.002G118200.4_P1_Aza143	410	0/1	86	41	NA	127	1634	37	68	32	NA	2.26438188494492
8061_Gorai.002G118200.4_P1_Aza143	423	0/1	89	43	NA	132	1634	37	67	33	NA	2.26438188494492
8061_Gorai.002G118200.4_P1_Aza143	426	0/1	87	43	NA	130	1634	37	67	33	NA	2.26438188494492
8061_Gorai.002G118200.4_P1_Aza143	435	0/1	88	44	NA	132	1634	37	67	33	NA	2.26438188494492
8061_Gorai.002G118200.4_P1_Aza143	441	0/1	89	44	NA	133	1634	37	67	33	NA	2.26438188494492
8061_Gorai.002G118200.4_P1_Aza143	456	0/1	90	42	NA	132	1634	37	68	32	NA	2.26438188494492
8061_Gorai.002G118200.4_P1_Aza143	475	0/1	87	39	NA	126	1634	37	69	31	NA	2.26438188494492
8061_Gorai.002G118200.4_P1_Aza143	482	0/1	86	38	NA	124	1634	37	69	31	NA	2.26438188494492
8061_Gorai.002G118200.4_P1_Aza143	483	0/1	86	38	NA	124	1634	37	69	31	NA	2.26438188494492
8061_Gorai.002G118200.4_P1_Aza143	498	0/1	89	36	NA	125	1634	37	71	29	NA	2.26438188494492
8061_Gorai.002G118200.4_P1_Aza143	502	0/1	109	13	NA	122	1634	37	89	11	NA	2.26438188494492
8061_Gorai.002G118200.4_P1_Aza143	510	0/1	85	35	NA	120	1634	37	71	29	NA	2.26438188494492
8061_Gorai.002G118200.4_P1_Aza143	540	0/1	84	28	NA	112	1634	37	75	25	NA	2.26438188494492
8061_Gorai.002G118200.4_P1_Aza143	558	0/1	83	22	NA	105	1634	37	79	21	NA	2.26438188494492
8061_Gorai.002G118200.4_P1_Aza143	564	0/1	84	21	NA	105	1634	37	80	20	NA	2.26438188494492
8061_Gorai.002G118200.4_P1_Aza143	584	0/1	80	18	NA	98	1634	37	82	18	NA	2.26438188494492
8061_Gorai.002G118200.4_P1_Aza143	588	0/1	78	19	NA	97	1634	37	80	20	NA	2.26438188494492
8061_Gorai.002G118200.4_P1_Aza143	603	0/1	73	15	NA	88	1634	37	83	17	NA	2.26438188494492
8061_Gorai.002G118200.4_P1_Aza143	617	0/1	69	11	NA	80	1634	37	86	14	NA	2.26438188494492
8061_Gorai.002G118200.4_P1_Aza143	621	0/1	67	9	NA	76	1634	37	88	12	NA	2.26438188494492
8061_Gorai.002G118200.4_P1_Aza143	624	0/1	65	9	NA	74	1634	37	88	12	NA	2.26438188494492
8061_Gorai.002G118200.4_P1_Aza143	858	0/1	12	5	NA	17	1634	37	71	29	NA	2.26438188494492
8061_Gorai.002G118200.4_P1_Aza143	1237	0/1	17	7	NA	24	1634	37	71	29	NA	2.26438188494492
8061_Gorai.002G118200.4_P1_Aza143	1589	0/1	12	5	NA	17	1634	37	71	29	NA	2.26438188494492
8071_Gorai.002G129300.6_P3_Aza143	225	1/1	2	16	NA	18	2114	5	11	89	NA	0.236518448438978
8071_Gorai.002G129300.6_P3_Aza143	851	1/1	30	38	NA	68	2114	5	44	56	NA	0.236518448438978
8071_Gorai.002G129300.6_P3_Aza143	1047	1/1	44	32	NA	76	2114	5	58	42	NA	0.236518448438978
8071_Gorai.002G129300.6_P3_Aza143	1298	1/1	0	63	NA	63	2114	5	0	100	NA	0.236518448438978
8071_Gorai.002G129300.6_P3_Aza143	1405	1/1	15	58	NA	73	2114	5	21	79	NA	0.236518448438978
8071_Gorai.002G129300.6_P3_Aza143_3	225	1/1	3	20	NA	23	2114	5	13	87	NA	0.236518448438978
8071_Gorai.002G129300.6_P3_Aza143_3	851	1/1	29	46	NA	75	2114	5	39	61	NA	0.236518448438978
8071_Gorai.002G129300.6_P3_Aza143_3	1047	1/1	39	34	NA	73	2114	5	53	47	NA	0.236518448438978
8071_Gorai.002G129300.6_P3_Aza143_3	1298	1/1	1	66	NA	67	2114	5	1	99	NA	0.236518448438978
8071_Gorai.002G129300.6_P3_Aza143_3	1405	1/1	21	54	NA	75	2114	5	28	72	NA	0.236518448438978
8313_Gorai.009G136600.1_Aza143	2677	1/1	0	19	NA	19	2794	1	0	100	NA	0.0357909806728704
8697_Gorai.006G213600.4_Aza143_3	2145	1/1	28	3	NA	31	3234	1	90	10	NA	0.0309214594928881
8902_Gorai.009G043400.2_P3_Aza143	28	1/1	0	9	NA	9	1204	27	0	100	NA	2.24252491694352
8902_Gorai.009G043400.2_P3_Aza143	80	1/1	1	32	NA	33	1204	27	3	97	NA	2.24252491694352
8902_Gorai.009G043400.2_P3_Aza143	82	1/1	1	24	NA	25	1204	27	4	96	NA	2.24252491694352
8902_Gorai.009G043400.2_P3_Aza143	94	0/1	14	26	NA	40	1204	27	35	65	NA	2.24252491694352
8902_Gorai.009G043400.2_P3_Aza143	136	0/1	47	20	NA	67	1204	27	70	30	NA	2.24252491694352
8902_Gorai.009G043400.2_P3_Aza143	139	0/1	49	20	NA	69	1204	27	71	29	NA	2.24252491694352
8902_Gorai.009G043400.2_P3_Aza143	142	0/1	48	20	NA	68	1204	27	71	29	NA	2.24252491694352
8902_Gorai.009G043400.2_P3_Aza143	148	0/1	48	21	NA	69	1204	27	70	30	NA	2.24252491694352
8902_Gorai.009G043400.2_P3_Aza143	151	0/1	49	21	NA	70	1204	27	70	30	NA	2.24252491694352
8902_Gorai.009G043400.2_P3_Aza143	157	0/1	50	21	NA	71	1204	27	70	30	NA	2.24252491694352
8902_Gorai.009G043400.2_P3_Aza143	163	0/1	51	21	NA	72	1204	27	71	29	NA	2.24252491694352
8902_Gorai.009G043400.2_P3_Aza143	166	0/1	52	20	NA	72	1204	27	72	28	NA	2.24252491694352
8902_Gorai.009G043400.2_P3_Aza143	184	0/1	23	59	NA	82	1204	27	28	72	NA	2.24252491694352
8902_Gorai.009G043400.2_P3_Aza143	217	1/1	0	85	NA	85	1204	27	0	100	NA	2.24252491694352
8902_Gorai.009G043400.2_P3_Aza143	276	0/1	62	25	NA	87	1204	27	71	29	NA	2.24252491694352
8902_Gorai.009G043400.2_P3_Aza143	277	0/1	61	25	NA	86	1204	27	71	29	NA	2.24252491694352
8902_Gorai.009G043400.2_P3_Aza143	319	0/1	22	56	NA	78	1204	27	28	72	NA	2.24252491694352
8902_Gorai.009G043400.2_P3_Aza143	343	1/1	4	66	NA	70	1204	27	6	94	NA	2.24252491694352
8902_Gorai.009G043400.2_P3_Aza143	405	1/1	10	50	NA	60	1204	27	17	83	NA	2.24252491694352
8902_Gorai.009G043400.2_P3_Aza143	415	0/1	24	44	NA	68	1204	27	35	65	NA	2.24252491694352
8902_Gorai.009G043400.2_P3_Aza143	424	0/1	14	53	NA	67	1204	27	21	79	NA	2.24252491694352
8902_Gorai.009G043400.2_P3_Aza143	902	0/1	16	35	NA	51	1204	27	31	69	NA	2.24252491694352
8902_Gorai.009G043400.2_P3_Aza143	929	0/1	22	32	NA	54	1204	27	41	59	NA	2.24252491694352
8902_Gorai.009G043400.2_P3_Aza143	956	0/1	24	33	NA	57	1204	27	42	58	NA	2.24252491694352
8902_Gorai.009G043400.2_P3_Aza143	965	0/1	21	35	NA	56	1204	27	38	62	NA	2.24252491694352
8902_Gorai.009G043400.2_P3_Aza143	1070	0/1	20	22	NA	42	1204	27	48	52	NA	2.24252491694352
8902_Gorai.009G043400.2_P3_Aza143	1115	1/1	13	18	NA	31	1204	27	42	58	NA	2.24252491694352
8902_Gorai.009G043400.2_P3_Aza143_3	28	1/1	0	6	NA	6	1204	22	0	100	NA	1.82724252491694
8902_Gorai.009G043400.2_P3_Aza143_3	33	1/1	0	9	NA	9	1204	22	0	100	NA	1.82724252491694
8902_Gorai.009G043400.2_P3_Aza143_3	49	1/1	0	14	NA	14	1204	22	0	100	NA	1.82724252491694
8902_Gorai.009G043400.2_P3_Aza143_3	80	1/1	0	25	NA	25	1204	22	0	100	NA	1.82724252491694
8902_Gorai.009G043400.2_P3_Aza143_3	82	1/1	0	25	NA	25	1204	22	0	100	NA	1.82724252491694
8902_Gorai.009G043400.2_P3_Aza143_3	94	1/1	0	28	NA	28	1204	22	0	100	NA	1.82724252491694
8902_Gorai.009G043400.2_P3_Aza143_3	184	1/1	0	52	NA	52	1204	22	0	100	NA	1.82724252491694
8902_Gorai.009G043400.2_P3_Aza143_3	217	1/1	5	59	NA	64	1204	22	8	92	NA	1.82724252491694
8902_Gorai.009G043400.2_P3_Aza143_3	319	1/1	0	75	NA	75	1204	22	0	100	NA	1.82724252491694
8902_Gorai.009G043400.2_P3_Aza143_3	343	1/1	15	64	NA	79	1204	22	19	81	NA	1.82724252491694
8902_Gorai.009G043400.2_P3_Aza143_3	405	1/1	17	64	NA	81	1204	22	21	79	NA	1.82724252491694
8902_Gorai.009G043400.2_P3_Aza143_3	424	1/1	19	61	NA	80	1204	22	24	76	NA	1.82724252491694
8902_Gorai.009G043400.2_P3_Aza143_3	451	1/1	17	57	NA	74	1204	22	23	77	NA	1.82724252491694
8902_Gorai.009G043400.2_P3_Aza143_3	580	1/1	6	29	NA	35	1204	22	17	83	NA	1.82724252491694
8902_Gorai.009G043400.2_P3_Aza143_3	815	1/1	14	16	NA	30	1204	22	47	53	NA	1.82724252491694
8902_Gorai.009G043400.2_P3_Aza143_3	836	1/1	16	19	NA	35	1204	22	46	54	NA	1.82724252491694
8902_Gorai.009G043400.2_P3_Aza143_3	839	1/1	17	18	NA	35	1204	22	49	51	NA	1.82724252491694
8902_Gorai.009G043400.2_P3_Aza143_3	842	1/1	16	19	NA	35	1204	22	46	54	NA	1.82724252491694
8902_Gorai.009G043400.2_P3_Aza143_3	848	1/1	16	19	NA	35	1204	22	46	54	NA	1.82724252491694
8902_Gorai.009G043400.2_P3_Aza143_3	851	1/1	16	18	NA	34	1204	22	47	53	NA	1.82724252491694
8902_Gorai.009G043400.2_P3_Aza143_3	887	1/1	21	22	NA	43	1204	22	49	51	NA	1.82724252491694
8902_Gorai.009G043400.2_P3_Aza143_3	902	1/1	14	31	NA	45	1204	22	31	69	NA	1.82724252491694
9076_Gorai.001G120700.4_Aza143	396	1/1	1	33	NA	34	3031	10	3	97	NA	0.329924117452986
9076_Gorai.001G120700.4_Aza143	490	1/1	0	32	NA	32	3031	10	0	100	NA	0.329924117452986
9076_Gorai.001G120700.4_Aza143	596	1/1	0	15	NA	15	3031	10	0	100	NA	0.329924117452986
9076_Gorai.001G120700.4_Aza143	704	1/1	0	7	NA	7	3031	10	0	100	NA	0.329924117452986
9076_Gorai.001G120700.4_Aza143	881	1/1	4	5	NA	9	3031	10	44	56	NA	0.329924117452986
9076_Gorai.001G120700.4_Aza143	1225	1/1	0	67	NA	67	3031	10	0	100	NA	0.329924117452986
9076_Gorai.001G120700.4_Aza143	1913	1/1	2	11	NA	13	3031	10	15	85	NA	0.329924117452986
9076_Gorai.001G120700.4_Aza143	1994	1/1	1	19	NA	20	3031	10	5	95	NA	0.329924117452986
9076_Gorai.001G120700.4_Aza143	2307	1/1	0	15	NA	15	3031	10	0	100	NA	0.329924117452986
9076_Gorai.001G120700.4_Aza143	2434	1/1	7	8	NA	15	3031	10	47	53	NA	0.329924117452986
9076_Gorai.001G120700.4_Aza143_3	396	1/1	0	29	NA	29	3031	11	0	100	NA	0.362916529198284
9076_Gorai.001G120700.4_Aza143_3	490	1/1	0	29	NA	29	3031	11	0	100	NA	0.362916529198284
9076_Gorai.001G120700.4_Aza143_3	596	1/1	0	14	NA	14	3031	11	0	100	NA	0.362916529198284
9076_Gorai.001G120700.4_Aza143_3	704	1/1	0	7	NA	7	3031	11	0	100	NA	0.362916529198284
9076_Gorai.001G120700.4_Aza143_3	891	1/1	2	6	NA	8	3031	11	25	75	NA	0.362916529198284
9076_Gorai.001G120700.4_Aza143_3	951	1/1	15	3	NA	18	3031	11	83	17	NA	0.362916529198284
9076_Gorai.001G120700.4_Aza143_3	1225	1/1	1	58	NA	59	3031	11	2	98	NA	0.362916529198284
9076_Gorai.001G120700.4_Aza143_3	1913	1/1	0	7	NA	7	3031	11	0	100	NA	0.362916529198284
9076_Gorai.001G120700.4_Aza143_3	1994	1/1	0	16	NA	16	3031	11	0	100	NA	0.362916529198284
9076_Gorai.001G120700.4_Aza143_3	2307	1/1	0	21	NA	21	3031	11	0	100	NA	0.362916529198284
9076_Gorai.001G120700.4_Aza143_3	2434	1/1	7	8	NA	15	3031	11	47	53	NA	0.362916529198284
9156_Gorai.009G268200.2_P2_Aza143	706	1/1	0	7	NA	7	2374	21	0	100	NA	0.88458298230834
9156_Gorai.009G268200.2_P2_Aza143	1406	1/1	0	10	NA	10	2374	21	0	100	NA	0.88458298230834
9156_Gorai.009G268200.2_P2_Aza143	1488	1/1	2	47	NA	49	2374	21	4	96	NA	0.88458298230834
9156_Gorai.009G268200.2_P2_Aza143	1489	1/1	2	47	NA	49	2374	21	4	96	NA	0.88458298230834
9156_Gorai.009G268200.2_P2_Aza143	1500	1/1	2	54	NA	56	2374	21	4	96	NA	0.88458298230834
9156_Gorai.009G268200.2_P2_Aza143	1794	1/1	20	66	NA	86	2374	21	23	77	NA	0.88458298230834
9156_Gorai.009G268200.2_P2_Aza143	1824	1/1	21	53	NA	74	2374	21	28	72	NA	0.88458298230834
9156_Gorai.009G268200.2_P2_Aza143	1851	0/1	21	34	NA	55	2374	21	38	62	NA	0.88458298230834
9156_Gorai.009G268200.2_P2_Aza143	1863	0/1	20	28	NA	48	2374	21	42	58	NA	0.88458298230834
9156_Gorai.009G268200.2_P2_Aza143	1964	1/1	1	4	NA	5	2374	21	20	80	NA	0.88458298230834
9156_Gorai.009G268200.2_P2_Aza143	1971	0/1	2	5	NA	7	2374	21	29	71	NA	0.88458298230834
9156_Gorai.009G268200.2_P2_Aza143	1976	0/1	2	6	NA	8	2374	21	25	75	NA	0.88458298230834
9156_Gorai.009G268200.2_P2_Aza143	1979	0/1	2	6	NA	8	2374	21	25	75	NA	0.88458298230834
9156_Gorai.009G268200.2_P2_Aza143	1996	1/1	2	15	NA	17	2374	21	12	88	NA	0.88458298230834
9156_Gorai.009G268200.2_P2_Aza143	2016	1/1	2	24	NA	26	2374	21	8	92	NA	0.88458298230834
9156_Gorai.009G268200.2_P2_Aza143	2052	0/1	19	17	NA	36	2374	21	53	47	NA	0.88458298230834
9156_Gorai.009G268200.2_P2_Aza143	2064	1/1	1	37	NA	38	2374	21	3	97	NA	0.88458298230834
9156_Gorai.009G268200.2_P2_Aza143	2070	0/1	23	19	NA	42	2374	21	55	45	NA	0.88458298230834
9156_Gorai.009G268200.2_P2_Aza143	2280	1/1	4	40	NA	44	2374	21	9	91	NA	0.88458298230834
9156_Gorai.009G268200.2_P2_Aza143	2315	1/1	3	28	NA	31	2374	21	10	90	NA	0.88458298230834
9156_Gorai.009G268200.2_P2_Aza143	2342	0/1	11	4	NA	15	2374	21	73	27	NA	0.88458298230834
9156_Gorai.009G268200.2_P2_Aza143_3	418	1/1	7	13	NA	20	2374	57	35	65	NA	2.40101095197978
9156_Gorai.009G268200.2_P2_Aza143_3	655	1/1	0	6	NA	6	2374	57	0	100	NA	2.40101095197978
9156_Gorai.009G268200.2_P2_Aza143_3	670	1/1	0	6	NA	6	2374	57	0	100	NA	2.40101095197978
9156_Gorai.009G268200.2_P2_Aza143_3	706	1/1	0	9	NA	9	2374	57	0	100	NA	2.40101095197978
9156_Gorai.009G268200.2_P2_Aza143_3	1455	0/1	50	19	NA	69	2374	57	72	28	NA	2.40101095197978
9156_Gorai.009G268200.2_P2_Aza143_3	1458	0/1	50	20	NA	70	2374	57	71	29	NA	2.40101095197978
9156_Gorai.009G268200.2_P2_Aza143_3	1464	0/1	54	21	NA	75	2374	57	72	28	NA	2.40101095197978
9156_Gorai.009G268200.2_P2_Aza143_3	1488	0/1	29	53	NA	82	2374	57	35	65	NA	2.40101095197978
9156_Gorai.009G268200.2_P2_Aza143_3	1489	0/1	29	53	NA	82	2374	57	35	65	NA	2.40101095197978
9156_Gorai.009G268200.2_P2_Aza143_3	1500	0/1	31	57	NA	88	2374	57	35	65	NA	2.40101095197978
9156_Gorai.009G268200.2_P2_Aza143_3	1512	0/1	33	58	NA	91	2374	57	36	64	NA	2.40101095197978
9156_Gorai.009G268200.2_P2_Aza143_3	1524	0/1	37	57	NA	94	2374	57	39	61	NA	2.40101095197978
9156_Gorai.009G268200.2_P2_Aza143_3	1527	0/1	37	57	NA	94	2374	57	39	61	NA	2.40101095197978
9156_Gorai.009G268200.2_P2_Aza143_3	1584	0/1	48	65	NA	113	2374	57	42	58	NA	2.40101095197978
9156_Gorai.009G268200.2_P2_Aza143_3	1641	0/1	71	62	NA	133	2374	57	53	47	NA	2.40101095197978
9156_Gorai.009G268200.2_P2_Aza143_3	1650	0/1	67	72	NA	139	2374	57	48	52	NA	2.40101095197978
9156_Gorai.009G268200.2_P2_Aza143_3	1662	1/2	0	65	75	140	2374	57	0	46	54	2.40101095197978
9156_Gorai.009G268200.2_P2_Aza143_3	1692	0/1	72	72	NA	144	2374	57	50	50	NA	2.40101095197978
9156_Gorai.009G268200.2_P2_Aza143_3	1695	0/1	74	69	NA	143	2374	57	52	48	NA	2.40101095197978
9156_Gorai.009G268200.2_P2_Aza143_3	1707	0/1	43	67	NA	110	2374	57	39	61	NA	2.40101095197978
9156_Gorai.009G268200.2_P2_Aza143_3	1710	0/1	73	65	NA	138	2374	57	53	47	NA	2.40101095197978
9156_Gorai.009G268200.2_P2_Aza143_3	1752	0/1	58	64	NA	122	2374	57	48	52	NA	2.40101095197978
9156_Gorai.009G268200.2_P2_Aza143_3	1755	0/1	63	58	NA	121	2374	57	52	48	NA	2.40101095197978
9156_Gorai.009G268200.2_P2_Aza143_3	1776	0/1	60	55	NA	115	2374	57	52	48	NA	2.40101095197978
9156_Gorai.009G268200.2_P2_Aza143_3	1794	1/1	8	97	NA	105	2374	57	8	92	NA	2.40101095197978
9156_Gorai.009G268200.2_P2_Aza143_3	1818	0/1	48	48	NA	96	2374	57	50	50	NA	2.40101095197978
9156_Gorai.009G268200.2_P2_Aza143_3	1824	1/1	8	84	NA	92	2374	57	9	91	NA	2.40101095197978
9156_Gorai.009G268200.2_P2_Aza143_3	1857	0/1	29	39	NA	68	2374	57	43	57	NA	2.40101095197978
9156_Gorai.009G268200.2_P2_Aza143_3	1887	1/1	21	27	NA	48	2374	57	44	56	NA	2.40101095197978
9156_Gorai.009G268200.2_P2_Aza143_3	1890	1/1	20	26	NA	46	2374	57	43	57	NA	2.40101095197978
9156_Gorai.009G268200.2_P2_Aza143_3	1915	1/1	7	8	NA	15	2374	57	47	53	NA	2.40101095197978
9156_Gorai.009G268200.2_P2_Aza143_3	1917	1/1	2	11	NA	13	2374	57	15	85	NA	2.40101095197978
9156_Gorai.009G268200.2_P2_Aza143_3	1922	1/1	1	9	NA	10	2374	57	10	90	NA	2.40101095197978
9156_Gorai.009G268200.2_P2_Aza143_3	1964	1/1	0	8	NA	8	2374	57	0	100	NA	2.40101095197978
9156_Gorai.009G268200.2_P2_Aza143_3	1976	0/1	7	11	NA	18	2374	57	39	61	NA	2.40101095197978
9156_Gorai.009G268200.2_P2_Aza143_3	1991	0/1	15	12	NA	27	2374	57	56	44	NA	2.40101095197978
9156_Gorai.009G268200.2_P2_Aza143_3	1998	0/1	17	13	NA	30	2374	57	57	43	NA	2.40101095197978
9156_Gorai.009G268200.2_P2_Aza143_3	2016	0/1	17	21	NA	38	2374	57	45	55	NA	2.40101095197978
9156_Gorai.009G268200.2_P2_Aza143_3	2020	0/1	22	17	NA	39	2374	57	56	44	NA	2.40101095197978
9156_Gorai.009G268200.2_P2_Aza143_3	2022	0/1	22	18	NA	40	2374	57	55	45	NA	2.40101095197978
9156_Gorai.009G268200.2_P2_Aza143_3	2031	0/1	23	21	NA	44	2374	57	52	48	NA	2.40101095197978
9156_Gorai.009G268200.2_P2_Aza143_3	2064	0/1	27	34	NA	61	2374	57	44	56	NA	2.40101095197978
9156_Gorai.009G268200.2_P2_Aza143_3	2098	0/1	34	44	NA	78	2374	57	44	56	NA	2.40101095197978
9156_Gorai.009G268200.2_P2_Aza143_3	2130	0/1	33	48	NA	81	2374	57	41	59	NA	2.40101095197978
9156_Gorai.009G268200.2_P2_Aza143_3	2131	0/1	33	48	NA	81	2374	57	41	59	NA	2.40101095197978
9156_Gorai.009G268200.2_P2_Aza143_3	2169	0/1	30	47	NA	77	2374	57	39	61	NA	2.40101095197978
9156_Gorai.009G268200.2_P2_Aza143_3	2172	0/1	30	47	NA	77	2374	57	39	61	NA	2.40101095197978
9156_Gorai.009G268200.2_P2_Aza143_3	2178	1/2	0	47	31	78	2374	57	0	60	40	2.40101095197978
9156_Gorai.009G268200.2_P2_Aza143_3	2193	0/1	45	30	NA	75	2374	57	60	40	NA	2.40101095197978
9156_Gorai.009G268200.2_P2_Aza143_3	2196	0/1	45	29	NA	74	2374	57	61	39	NA	2.40101095197978
9156_Gorai.009G268200.2_P2_Aza143_3	2253	1/2	1	18	29	48	2374	57	2	38	60	2.40101095197978
9156_Gorai.009G268200.2_P2_Aza143_3	2271	0/1	16	26	NA	42	2374	57	38	62	NA	2.40101095197978
9156_Gorai.009G268200.2_P2_Aza143_3	2280	1/1	1	36	NA	37	2374	57	3	97	NA	2.40101095197978
9156_Gorai.009G268200.2_P2_Aza143_3	2313	0/1	2	11	NA	13	2374	57	15	85	NA	2.40101095197978
9156_Gorai.009G268200.2_P2_Aza143_3	2315	1/1	1	12	NA	13	2374	57	8	92	NA	2.40101095197978
9156_Gorai.009G268200.2_P2_Aza143_3	2319	0/1	2	11	NA	13	2374	57	15	85	NA	2.40101095197978
9156_Gorai.009G268200.2_P2_Aza143_3	2347	1/1	1	3	NA	4	2374	57	25	75	NA	2.40101095197978
923_Gorai.005G170300.2_P2_Aza143	474	1/1	0	36	NA	36	3035	4	0	100	NA	0.131795716639209
923_Gorai.005G170300.2_P2_Aza143	574	1/1	24	27	NA	51	3035	4	47	53	NA	0.131795716639209
923_Gorai.005G170300.2_P2_Aza143	609	1/1	32	22	NA	54	3035	4	59	41	NA	0.131795716639209
923_Gorai.005G170300.2_P2_Aza143	869	1/1	27	66	NA	93	3035	4	29	71	NA	0.131795716639209
923_Gorai.005G170300.2_P2_Aza143_3	474	1/1	0	45	NA	45	3035	3	0	100	NA	0.0988467874794069
923_Gorai.005G170300.2_P2_Aza143_3	609	0/1	27	43	NA	70	3035	3	39	61	NA	0.0988467874794069
923_Gorai.005G170300.2_P2_Aza143_3	869	1/1	14	62	NA	76	3035	3	18	82	NA	0.0988467874794069
9263_Gorai.004G098000.1_P1_Aza143	240	1/1	15	120	NA	135	1251	18	11	89	NA	1.43884892086331
9263_Gorai.004G098000.1_P1_Aza143	243	1/1	17	119	NA	136	1251	18	12	88	NA	1.43884892086331
9263_Gorai.004G098000.1_P1_Aza143	264	1/1	23	121	NA	144	1251	18	16	84	NA	1.43884892086331
9263_Gorai.004G098000.1_P1_Aza143	339	0/1	94	44	NA	138	1251	18	68	32	NA	1.43884892086331
9263_Gorai.004G098000.1_P1_Aza143	372	1/1	72	70	NA	142	1251	18	51	49	NA	1.43884892086331
9263_Gorai.004G098000.1_P1_Aza143	420	1/1	45	91	NA	136	1251	18	33	67	NA	1.43884892086331
9263_Gorai.004G098000.1_P1_Aza143	437	1/1	35	103	NA	138	1251	18	25	75	NA	1.43884892086331
9263_Gorai.004G098000.1_P1_Aza143	606	0/1	84	46	NA	130	1251	18	65	35	NA	1.43884892086331
9263_Gorai.004G098000.1_P1_Aza143	654	0/1	65	55	NA	120	1251	18	54	46	NA	1.43884892086331
9263_Gorai.004G098000.1_P1_Aza143	702	0/1	72	27	NA	99	1251	18	73	27	NA	1.43884892086331
9263_Gorai.004G098000.1_P1_Aza143	777	1/1	0	58	NA	58	1251	18	0	100	NA	1.43884892086331
9263_Gorai.004G098000.1_P1_Aza143	780	1/1	0	55	NA	55	1251	18	0	100	NA	1.43884892086331
9263_Gorai.004G098000.1_P1_Aza143	849	0/1	14	17	NA	31	1251	18	45	55	NA	1.43884892086331
9263_Gorai.004G098000.1_P1_Aza143	975	1/1	5	20	NA	25	1251	18	20	80	NA	1.43884892086331
9263_Gorai.004G098000.1_P1_Aza143	988	1/1	9	20	NA	29	1251	18	31	69	NA	1.43884892086331
9263_Gorai.004G098000.1_P1_Aza143	1051	0/1	19	20	NA	39	1251	18	49	51	NA	1.43884892086331
9263_Gorai.004G098000.1_P1_Aza143	1054	0/1	18	20	NA	38	1251	18	47	53	NA	1.43884892086331
9263_Gorai.004G098000.1_P1_Aza143	1081	0/1	19	20	NA	39	1251	18	49	51	NA	1.43884892086331
9263_Gorai.004G098000.1_P1_Aza143_3	217	1/1	75	61	NA	136	1251	16	55	45	NA	1.27897681854516
9263_Gorai.004G098000.1_P1_Aza143_3	339	1/1	78	82	NA	160	1251	16	49	51	NA	1.27897681854516
9263_Gorai.004G098000.1_P1_Aza143_3	360	0/1	117	51	NA	168	1251	16	70	30	NA	1.27897681854516
9263_Gorai.004G098000.1_P1_Aza143_3	372	1/1	66	97	NA	163	1251	16	40	60	NA	1.27897681854516
9263_Gorai.004G098000.1_P1_Aza143_3	420	1/1	38	127	NA	165	1251	16	23	77	NA	1.27897681854516
9263_Gorai.004G098000.1_P1_Aza143_3	437	1/1	26	138	NA	164	1251	16	16	84	NA	1.27897681854516
9263_Gorai.004G098000.1_P1_Aza143_3	492	0/1	77	74	NA	151	1251	16	51	49	NA	1.27897681854516
9263_Gorai.004G098000.1_P1_Aza143_3	582	0/1	103	36	NA	139	1251	16	74	26	NA	1.27897681854516
9263_Gorai.004G098000.1_P1_Aza143_3	606	0/1	83	45	NA	128	1251	16	65	35	NA	1.27897681854516
9263_Gorai.004G098000.1_P1_Aza143_3	654	0/1	53	55	NA	108	1251	16	49	51	NA	1.27897681854516
9263_Gorai.004G098000.1_P1_Aza143_3	702	0/1	54	25	NA	79	1251	16	68	32	NA	1.27897681854516
9263_Gorai.004G098000.1_P1_Aza143_3	777	1/1	2	39	NA	41	1251	16	5	95	NA	1.27897681854516
9263_Gorai.004G098000.1_P1_Aza143_3	780	1/1	2	39	NA	41	1251	16	5	95	NA	1.27897681854516
9263_Gorai.004G098000.1_P1_Aza143_3	825	1/1	2	17	NA	19	1251	16	11	89	NA	1.27897681854516
9263_Gorai.004G098000.1_P1_Aza143_3	827	1/1	2	16	NA	18	1251	16	11	89	NA	1.27897681854516
9263_Gorai.004G098000.1_P1_Aza143_3	834	1/1	2	16	NA	18	1251	16	11	89	NA	1.27897681854516
959_Gorai.001G017000.1_P2_Aza143	847	1/1	32	46	NA	78	1319	9	41	59	NA	0.682335102350265
959_Gorai.001G017000.1_P2_Aza143	864	1/1	28	51	NA	79	1319	9	35	65	NA	0.682335102350265
959_Gorai.001G017000.1_P2_Aza143	867	1/1	27	52	NA	79	1319	9	34	66	NA	0.682335102350265
959_Gorai.001G017000.1_P2_Aza143	912	1/1	13	66	NA	79	1319	9	16	84	NA	0.682335102350265
959_Gorai.001G017000.1_P2_Aza143	934	1/1	9	68	NA	77	1319	9	12	88	NA	0.682335102350265
959_Gorai.001G017000.1_P2_Aza143	955	1/1	8	68	NA	76	1319	9	11	89	NA	0.682335102350265
959_Gorai.001G017000.1_P2_Aza143	1042	1/1	0	50	NA	50	1319	9	0	100	NA	0.682335102350265
959_Gorai.001G017000.1_P2_Aza143	1141	1/1	0	17	NA	17	1319	9	0	100	NA	0.682335102350265
959_Gorai.001G017000.1_P2_Aza143	1168	0/1	8	2	NA	10	1319	9	80	20	NA	0.682335102350265
959_Gorai.001G017000.1_P2_Aza143_3	656	1/1	1	35	NA	36	1319	38	3	97	NA	2.88097043214556
959_Gorai.001G017000.1_P2_Aza143_3	787	0/1	55	19	NA	74	1319	38	74	26	NA	2.88097043214556
959_Gorai.001G017000.1_P2_Aza143_3	789	0/1	56	19	NA	75	1319	38	75	25	NA	2.88097043214556
959_Gorai.001G017000.1_P2_Aza143_3	799	0/1	52	24	NA	76	1319	38	68	32	NA	2.88097043214556
959_Gorai.001G017000.1_P2_Aza143_3	802	0/1	50	25	NA	75	1319	38	67	33	NA	2.88097043214556
959_Gorai.001G017000.1_P2_Aza143_3	805	0/1	48	25	NA	73	1319	38	66	34	NA	2.88097043214556
959_Gorai.001G017000.1_P2_Aza143_3	847	0/1	38	41	NA	79	1319	38	48	52	NA	2.88097043214556
959_Gorai.001G017000.1_P2_Aza143_3	862	0/1	41	32	NA	73	1319	38	56	44	NA	2.88097043214556
959_Gorai.001G017000.1_P2_Aza143_3	864	0/1	30	44	NA	74	1319	38	41	59	NA	2.88097043214556
959_Gorai.001G017000.1_P2_Aza143_3	867	0/1	29	42	NA	71	1319	38	41	59	NA	2.88097043214556
959_Gorai.001G017000.1_P2_Aza143_3	912	1/1	18	51	NA	69	1319	38	26	74	NA	2.88097043214556
959_Gorai.001G017000.1_P2_Aza143_3	934	1/1	10	48	NA	58	1319	38	17	83	NA	2.88097043214556
959_Gorai.001G017000.1_P2_Aza143_3	951	0/1	39	24	NA	63	1319	38	62	38	NA	2.88097043214556
959_Gorai.001G017000.1_P2_Aza143_3	955	1/1	7	57	NA	64	1319	38	11	89	NA	2.88097043214556
959_Gorai.001G017000.1_P2_Aza143_3	1042	1/1	1	41	NA	42	1319	38	2	98	NA	2.88097043214556
959_Gorai.001G017000.1_P2_Aza143_3	1073	0/1	7	29	NA	36	1319	38	19	81	NA	2.88097043214556
959_Gorai.001G017000.1_P2_Aza143_3	1084	0/1	13	17	NA	30	1319	38	43	57	NA	2.88097043214556
959_Gorai.001G017000.1_P2_Aza143_3	1086	0/1	13	17	NA	30	1319	38	43	57	NA	2.88097043214556
959_Gorai.001G017000.1_P2_Aza143_3	1089	0/1	24	6	NA	30	1319	38	80	20	NA	2.88097043214556
959_Gorai.001G017000.1_P2_Aza143_3	1093	0/1	23	6	NA	29	1319	38	79	21	NA	2.88097043214556
959_Gorai.001G017000.1_P2_Aza143_3	1095	0/1	7	21	NA	28	1319	38	25	75	NA	2.88097043214556
959_Gorai.001G017000.1_P2_Aza143_3	1098	0/1	13	15	NA	28	1319	38	46	54	NA	2.88097043214556
959_Gorai.001G017000.1_P2_Aza143_3	1099	0/1	12	15	NA	27	1319	38	44	56	NA	2.88097043214556
959_Gorai.001G017000.1_P2_Aza143_3	1102	0/1	21	6	NA	27	1319	38	78	22	NA	2.88097043214556
959_Gorai.001G017000.1_P2_Aza143_3	1113	0/1	20	7	NA	27	1319	38	74	26	NA	2.88097043214556
959_Gorai.001G017000.1_P2_Aza143_3	1114	0/1	20	7	NA	27	1319	38	74	26	NA	2.88097043214556
959_Gorai.001G017000.1_P2_Aza143_3	1117	0/1	7	9	NA	16	1319	38	44	56	NA	2.88097043214556
959_Gorai.001G017000.1_P2_Aza143_3	1129	0/1	12	13	NA	25	1319	38	48	52	NA	2.88097043214556
959_Gorai.001G017000.1_P2_Aza143_3	1132	0/1	13	12	NA	25	1319	38	52	48	NA	2.88097043214556
959_Gorai.001G017000.1_P2_Aza143_3	1137	0/1	7	17	NA	24	1319	38	29	71	NA	2.88097043214556
959_Gorai.001G017000.1_P2_Aza143_3	1141	0/1	11	12	NA	23	1319	38	48	52	NA	2.88097043214556
959_Gorai.001G017000.1_P2_Aza143_3	1148	0/1	7	16	NA	23	1319	38	30	70	NA	2.88097043214556
959_Gorai.001G017000.1_P2_Aza143_3	1152	0/1	7	15	NA	22	1319	38	32	68	NA	2.88097043214556
959_Gorai.001G017000.1_P2_Aza143_3	1153	0/1	17	5	NA	22	1319	38	77	23	NA	2.88097043214556
959_Gorai.001G017000.1_P2_Aza143_3	1180	0/1	7	2	NA	9	1319	38	78	22	NA	2.88097043214556
959_Gorai.001G017000.1_P2_Aza143_3	1192	1/1	0	8	NA	8	1319	38	0	100	NA	2.88097043214556
959_Gorai.001G017000.1_P2_Aza143_3	1200	1/1	0	8	NA	8	1319	38	0	100	NA	2.88097043214556
959_Gorai.001G017000.1_P2_Aza143_3	1206	1/1	0	7	NA	7	1319	38	0	100	NA	2.88097043214556
959_Gorai.001G017000.1_P3_Aza143	31	1/1	0	8	NA	8	1239	13	0	100	NA	1.04923325262308
959_Gorai.001G017000.1_P3_Aza143	44	1/1	0	8	NA	8	1239	13	0	100	NA	1.04923325262308
959_Gorai.001G017000.1_P3_Aza143	49	1/1	0	8	NA	8	1239	13	0	100	NA	1.04923325262308
959_Gorai.001G017000.1_P3_Aza143	51	1/1	0	8	NA	8	1239	13	0	100	NA	1.04923325262308
959_Gorai.001G017000.1_P3_Aza143	59	1/1	0	8	NA	8	1239	13	0	100	NA	1.04923325262308
959_Gorai.001G017000.1_P3_Aza143	65	1/1	0	8	NA	8	1239	13	0	100	NA	1.04923325262308
959_Gorai.001G017000.1_P3_Aza143	68	1/1	0	8	NA	8	1239	13	0	100	NA	1.04923325262308
959_Gorai.001G017000.1_P3_Aza143	78	1/1	0	8	NA	8	1239	13	0	100	NA	1.04923325262308
959_Gorai.001G017000.1_P3_Aza143	93	1/1	0	8	NA	8	1239	13	0	100	NA	1.04923325262308
959_Gorai.001G017000.1_P3_Aza143	103	1/1	0	8	NA	8	1239	13	0	100	NA	1.04923325262308
959_Gorai.001G017000.1_P3_Aza143	110	1/1	0	8	NA	8	1239	13	0	100	NA	1.04923325262308
959_Gorai.001G017000.1_P3_Aza143	117	1/1	0	8	NA	8	1239	13	0	100	NA	1.04923325262308
959_Gorai.001G017000.1_P3_Aza143	128	1/1	0	6	NA	6	1239	13	0	100	NA	1.04923325262308
959_Gorai.001G017000.1_P3_Aza143_3	67	0/1	12	6	NA	18	1239	5	67	33	NA	0.403551251008878
959_Gorai.001G017000.1_P3_Aza143_3	91	1/1	0	18	NA	18	1239	5	0	100	NA	0.403551251008878
959_Gorai.001G017000.1_P3_Aza143_3	99	1/1	0	18	NA	18	1239	5	0	100	NA	0.403551251008878
959_Gorai.001G017000.1_P3_Aza143_3	112	1/1	0	18	NA	18	1239	5	0	100	NA	0.403551251008878
959_Gorai.001G017000.1_P3_Aza143_3	131	1/1	0	15	NA	15	1239	5	0	100	NA	0.403551251008878
