allele	position	GT	ref.reads	alt1.reads	alt2.reads	total.reads	length	var_sites	perc_ref	perc_alt1	perc_alt2	perc_variant
10149_Gorai.006G244400.2_P2_Paqua	166	0/1	12	13	NA	25	1602	4	48	52	NA	0.249687890137328
10149_Gorai.006G244400.2_P2_Paqua	228	0/1	15	11	NA	26	1602	4	58	42	NA	0.249687890137328
10149_Gorai.006G244400.2_P2_Paqua	503	1/1	0	4	NA	4	1602	4	0	100	NA	0.249687890137328
10149_Gorai.006G244400.2_P2_Paqua	607	1/1	0	6	NA	6	1602	4	0	100	NA	0.249687890137328
10149_Gorai.006G244400.2_P2_Paqua_3	87	1/1	0	10	NA	10	1602	30	0	100	NA	1.87265917602996
10149_Gorai.006G244400.2_P2_Paqua_3	111	1/1	0	13	NA	13	1602	30	0	100	NA	1.87265917602996
10149_Gorai.006G244400.2_P2_Paqua_3	201	1/1	1	13	NA	14	1602	30	7	93	NA	1.87265917602996
10149_Gorai.006G244400.2_P2_Paqua_3	210	1/1	1	13	NA	14	1602	30	7	93	NA	1.87265917602996
10149_Gorai.006G244400.2_P2_Paqua_3	225	1/1	1	12	NA	13	1602	30	8	92	NA	1.87265917602996
10149_Gorai.006G244400.2_P2_Paqua_3	228	1/1	1	12	NA	13	1602	30	8	92	NA	1.87265917602996
10149_Gorai.006G244400.2_P2_Paqua_3	607	1/1	4	6	NA	10	1602	30	40	60	NA	1.87265917602996
10149_Gorai.006G244400.2_P2_Paqua_3	1107	1/1	25	10	NA	35	1602	30	71	29	NA	1.87265917602996
10149_Gorai.006G244400.2_P2_Paqua_3	1136	1/1	25	16	NA	41	1602	30	61	39	NA	1.87265917602996
10149_Gorai.006G244400.2_P2_Paqua_3	1149	1/1	24	19	NA	43	1602	30	56	44	NA	1.87265917602996
10149_Gorai.006G244400.2_P2_Paqua_3	1162	0/1	26	17	NA	43	1602	30	60	40	NA	1.87265917602996
10149_Gorai.006G244400.2_P2_Paqua_3	1202	1/1	15	33	NA	48	1602	30	31	69	NA	1.87265917602996
10149_Gorai.006G244400.2_P2_Paqua_3	1215	1/1	18	30	NA	48	1602	30	38	62	NA	1.87265917602996
10149_Gorai.006G244400.2_P2_Paqua_3	1229	1/1	12	30	NA	42	1602	30	29	71	NA	1.87265917602996
10149_Gorai.006G244400.2_P2_Paqua_3	1232	1/1	8	35	NA	43	1602	30	19	81	NA	1.87265917602996
10149_Gorai.006G244400.2_P2_Paqua_3	1235	1/1	12	32	NA	44	1602	30	27	73	NA	1.87265917602996
10149_Gorai.006G244400.2_P2_Paqua_3	1247	1/1	9	33	NA	42	1602	30	21	79	NA	1.87265917602996
10149_Gorai.006G244400.2_P2_Paqua_3	1280	1/1	1	31	NA	32	1602	30	3	97	NA	1.87265917602996
10149_Gorai.006G244400.2_P2_Paqua_3	1292	1/1	4	29	NA	33	1602	30	12	88	NA	1.87265917602996
10149_Gorai.006G244400.2_P2_Paqua_3	1361	1/1	9	23	NA	32	1602	30	28	72	NA	1.87265917602996
10149_Gorai.006G244400.2_P2_Paqua_3	1369	1/1	10	19	NA	29	1602	30	34	66	NA	1.87265917602996
10149_Gorai.006G244400.2_P2_Paqua_3	1371	1/1	10	19	NA	29	1602	30	34	66	NA	1.87265917602996
10149_Gorai.006G244400.2_P2_Paqua_3	1374	1/1	12	19	NA	31	1602	30	39	61	NA	1.87265917602996
10149_Gorai.006G244400.2_P2_Paqua_3	1391	1/1	17	17	NA	34	1602	30	50	50	NA	1.87265917602996
10149_Gorai.006G244400.2_P2_Paqua_3	1400	1/1	18	15	NA	33	1602	30	55	45	NA	1.87265917602996
10149_Gorai.006G244400.2_P2_Paqua_3	1406	1/1	19	14	NA	33	1602	30	58	42	NA	1.87265917602996
10149_Gorai.006G244400.2_P2_Paqua_3	1421	1/1	20	12	NA	32	1602	30	62	38	NA	1.87265917602996
10149_Gorai.006G244400.2_P2_Paqua_3	1431	1/1	22	12	NA	34	1602	30	65	35	NA	1.87265917602996
10149_Gorai.006G244400.2_P2_Paqua_3	1434	1/1	22	10	NA	32	1602	30	69	31	NA	1.87265917602996
10149_Gorai.006G244400.2_P2_Paqua_3	1447	1/1	23	8	NA	31	1602	30	74	26	NA	1.87265917602996
10378_Gorai.008G223500.4_P1_Paqua	214	0/1	17	8	NA	25	1492	1	68	32	NA	0.0670241286863271
10378_Gorai.008G223500.4_P2_Paqua_3	89	1/1	2	7	NA	9	2114	2	22	78	NA	0.0946073793755913
10378_Gorai.008G223500.4_P2_Paqua_3	109	1/1	0	8	NA	8	2114	2	0	100	NA	0.0946073793755913
1089_Gorai.005G213100.2_Paqua	2449	1/1	12	58	NA	70	3568	1	17	83	NA	0.0280269058295964
11201_Gorai.009G235000.3_Paqua	65	0/1	2	22	NA	24	1088	4	8	92	NA	0.367647058823529
11201_Gorai.009G235000.3_Paqua	78	1/1	2	27	NA	29	1088	4	7	93	NA	0.367647058823529
11201_Gorai.009G235000.3_Paqua	152	1/1	2	49	NA	51	1088	4	4	96	NA	0.367647058823529
11201_Gorai.009G235000.3_Paqua	185	1/1	3	44	NA	47	1088	4	6	94	NA	0.367647058823529
11201_Gorai.009G235000.3_Paqua_3	65	1/1	1	27	NA	28	1088	9	4	96	NA	0.827205882352941
11201_Gorai.009G235000.3_Paqua_3	78	1/1	1	28	NA	29	1088	9	3	97	NA	0.827205882352941
11201_Gorai.009G235000.3_Paqua_3	152	1/1	1	31	NA	32	1088	9	3	97	NA	0.827205882352941
11201_Gorai.009G235000.3_Paqua_3	185	1/1	3	31	NA	34	1088	9	9	91	NA	0.827205882352941
11201_Gorai.009G235000.3_Paqua_3	254	1/1	2	17	NA	19	1088	9	11	89	NA	0.827205882352941
11201_Gorai.009G235000.3_Paqua_3	257	1/1	2	16	NA	18	1088	9	11	89	NA	0.827205882352941
11201_Gorai.009G235000.3_Paqua_3	258	1/1	2	16	NA	18	1088	9	11	89	NA	0.827205882352941
11201_Gorai.009G235000.3_Paqua_3	269	1/1	3	13	NA	16	1088	9	19	81	NA	0.827205882352941
11201_Gorai.009G235000.3_Paqua_3	291	1/1	2	3	NA	5	1088	9	40	60	NA	0.827205882352941
11217_Gorai.002G050300.2_P1_Paqua	10	1/1	0	2	NA	2	1365	19	0	100	NA	1.39194139194139
11217_Gorai.002G050300.2_P1_Paqua	13	1/1	0	3	NA	3	1365	19	0	100	NA	1.39194139194139
11217_Gorai.002G050300.2_P1_Paqua	25	1/1	0	9	NA	9	1365	19	0	100	NA	1.39194139194139
11217_Gorai.002G050300.2_P1_Paqua	85	1/1	2	18	NA	20	1365	19	10	90	NA	1.39194139194139
11217_Gorai.002G050300.2_P1_Paqua	134	1/1	7	22	NA	29	1365	19	24	76	NA	1.39194139194139
11217_Gorai.002G050300.2_P1_Paqua	178	1/1	11	31	NA	42	1365	19	26	74	NA	1.39194139194139
11217_Gorai.002G050300.2_P1_Paqua	253	0/1	9	33	NA	42	1365	19	21	79	NA	1.39194139194139
11217_Gorai.002G050300.2_P1_Paqua	265	0/1	9	33	NA	42	1365	19	21	79	NA	1.39194139194139
11217_Gorai.002G050300.2_P1_Paqua	331	1/1	4	15	NA	19	1365	19	21	79	NA	1.39194139194139
11217_Gorai.002G050300.2_P1_Paqua	352	1/1	0	12	NA	12	1365	19	0	100	NA	1.39194139194139
11217_Gorai.002G050300.2_P1_Paqua	363	0/1	4	4	NA	8	1365	19	50	50	NA	1.39194139194139
11217_Gorai.002G050300.2_P1_Paqua	378	1/1	0	4	NA	4	1365	19	0	100	NA	1.39194139194139
11217_Gorai.002G050300.2_P1_Paqua	1174	1/1	43	46	NA	89	1365	19	48	52	NA	1.39194139194139
11217_Gorai.002G050300.2_P1_Paqua	1186	1/1	38	48	NA	86	1365	19	44	56	NA	1.39194139194139
11217_Gorai.002G050300.2_P1_Paqua	1195	1/1	35	47	NA	82	1365	19	43	57	NA	1.39194139194139
11217_Gorai.002G050300.2_P1_Paqua	1231	1/1	23	40	NA	63	1365	19	37	63	NA	1.39194139194139
11217_Gorai.002G050300.2_P1_Paqua	1258	1/1	9	37	NA	46	1365	19	20	80	NA	1.39194139194139
11217_Gorai.002G050300.2_P1_Paqua	1339	1/1	1	11	NA	12	1365	19	8	92	NA	1.39194139194139
11217_Gorai.002G050300.2_P1_Paqua	1348	1/1	1	7	NA	8	1365	19	12	88	NA	1.39194139194139
11217_Gorai.002G050300.2_P1_Paqua_3	25	1/1	0	6	NA	6	1365	8	0	100	NA	0.586080586080586
11217_Gorai.002G050300.2_P1_Paqua_3	58	0/1	12	7	NA	19	1365	8	63	37	NA	0.586080586080586
11217_Gorai.002G050300.2_P1_Paqua_3	85	1/1	7	16	NA	23	1365	8	30	70	NA	0.586080586080586
11217_Gorai.002G050300.2_P1_Paqua_3	134	1/1	21	24	NA	45	1365	8	47	53	NA	0.586080586080586
11217_Gorai.002G050300.2_P1_Paqua_3	178	1/1	21	28	NA	49	1365	8	43	57	NA	0.586080586080586
11217_Gorai.002G050300.2_P1_Paqua_3	253	1/1	19	31	NA	50	1365	8	38	62	NA	0.586080586080586
11217_Gorai.002G050300.2_P1_Paqua_3	265	1/1	14	32	NA	46	1365	8	30	70	NA	0.586080586080586
11217_Gorai.002G050300.2_P1_Paqua_3	331	1/1	4	20	NA	24	1365	8	17	83	NA	0.586080586080586
11763_Gorai.010G140900.2_Paqua_3	494	1/1	1	11	NA	12	1542	5	8	92	NA	0.324254215304799
11763_Gorai.010G140900.2_Paqua_3	505	1/1	1	11	NA	12	1542	5	8	92	NA	0.324254215304799
11763_Gorai.010G140900.2_Paqua_3	1048	1/1	0	7	NA	7	1542	5	0	100	NA	0.324254215304799
11763_Gorai.010G140900.2_Paqua_3	1154	1/1	0	4	NA	4	1542	5	0	100	NA	0.324254215304799
11763_Gorai.010G140900.2_Paqua_3	1159	1/1	0	5	NA	5	1542	5	0	100	NA	0.324254215304799
13314_Gorai.009G198600.1_Paqua	932	0/1	10	11	NA	21	1969	2	48	52	NA	0.101574403250381
13314_Gorai.009G198600.1_Paqua	1088	1/1	2	15	NA	17	1969	2	12	88	NA	0.101574403250381
13314_Gorai.009G198600.1_Paqua_3	814	1/1	9	8	NA	17	1969	5	53	47	NA	0.253936008125952
13314_Gorai.009G198600.1_Paqua_3	816	1/1	6	8	NA	14	1969	5	43	57	NA	0.253936008125952
13314_Gorai.009G198600.1_Paqua_3	929	0/1	6	17	NA	23	1969	5	26	74	NA	0.253936008125952
13314_Gorai.009G198600.1_Paqua_3	932	0/1	7	16	NA	23	1969	5	30	70	NA	0.253936008125952
13314_Gorai.009G198600.1_Paqua_3	1088	1/1	2	22	NA	24	1969	5	8	92	NA	0.253936008125952
1413_Gorai.001G037900.1_P2_Paqua	11	1/1	0	5	NA	5	3048	29	0	100	NA	0.951443569553806
1413_Gorai.001G037900.1_P2_Paqua	14	1/1	0	5	NA	5	3048	29	0	100	NA	0.951443569553806
1413_Gorai.001G037900.1_P2_Paqua	20	1/1	0	6	NA	6	3048	29	0	100	NA	0.951443569553806
1413_Gorai.001G037900.1_P2_Paqua	35	1/1	0	9	NA	9	3048	29	0	100	NA	0.951443569553806
1413_Gorai.001G037900.1_P2_Paqua	53	1/1	0	14	NA	14	3048	29	0	100	NA	0.951443569553806
1413_Gorai.001G037900.1_P2_Paqua	59	1/1	0	17	NA	17	3048	29	0	100	NA	0.951443569553806
1413_Gorai.001G037900.1_P2_Paqua	155	1/1	0	49	NA	49	3048	29	0	100	NA	0.951443569553806
1413_Gorai.001G037900.1_P2_Paqua	265	1/1	9	54	NA	63	3048	29	14	86	NA	0.951443569553806
1413_Gorai.001G037900.1_P2_Paqua	266	1/1	9	54	NA	63	3048	29	14	86	NA	0.951443569553806
1413_Gorai.001G037900.1_P2_Paqua	401	0/1	18	42	NA	60	3048	29	30	70	NA	0.951443569553806
1413_Gorai.001G037900.1_P2_Paqua	412	0/1	46	13	NA	59	3048	29	78	22	NA	0.951443569553806
1413_Gorai.001G037900.1_P2_Paqua	2294	1/1	19	31	NA	50	3048	29	38	62	NA	0.951443569553806
1413_Gorai.001G037900.1_P2_Paqua	2418	1/1	18	39	NA	57	3048	29	32	68	NA	0.951443569553806
1413_Gorai.001G037900.1_P2_Paqua	2573	1/1	2	9	NA	11	3048	29	18	82	NA	0.951443569553806
1413_Gorai.001G037900.1_P2_Paqua	2590	1/1	2	8	NA	10	3048	29	20	80	NA	0.951443569553806
1413_Gorai.001G037900.1_P2_Paqua	2592	1/1	2	7	NA	9	3048	29	22	78	NA	0.951443569553806
1413_Gorai.001G037900.1_P2_Paqua	2664	1/1	0	13	NA	13	3048	29	0	100	NA	0.951443569553806
1413_Gorai.001G037900.1_P2_Paqua	2688	1/1	0	18	NA	18	3048	29	0	100	NA	0.951443569553806
1413_Gorai.001G037900.1_P2_Paqua	2770	1/1	11	26	NA	37	3048	29	30	70	NA	0.951443569553806
1413_Gorai.001G037900.1_P2_Paqua	2809	0/1	17	23	NA	40	3048	29	42	57	NA	0.951443569553806
1413_Gorai.001G037900.1_P2_Paqua	2829	0/1	19	22	NA	41	3048	29	46	54	NA	0.951443569553806
1413_Gorai.001G037900.1_P2_Paqua	2840	0/1	21	16	NA	37	3048	29	57	43	NA	0.951443569553806
1413_Gorai.001G037900.1_P2_Paqua	2853	0/1	13	21	NA	34	3048	29	38	62	NA	0.951443569553806
1413_Gorai.001G037900.1_P2_Paqua	2889	0/1	10	25	NA	35	3048	29	29	71	NA	0.951443569553806
1413_Gorai.001G037900.1_P2_Paqua	2962	1/1	1	14	NA	15	3048	29	7	93	NA	0.951443569553806
1413_Gorai.001G037900.1_P2_Paqua	2988	1/1	1	11	NA	12	3048	29	8	92	NA	0.951443569553806
1413_Gorai.001G037900.1_P2_Paqua	3006	1/1	1	9	NA	10	3048	29	10	90	NA	0.951443569553806
1413_Gorai.001G037900.1_P2_Paqua	3036	1/1	1	6	NA	7	3048	29	14	86	NA	0.951443569553806
1413_Gorai.001G037900.1_P2_Paqua	3039	1/1	1	6	NA	7	3048	29	14	86	NA	0.951443569553806
1413_Gorai.001G037900.1_P2_Paqua_3	155	1/1	0	61	NA	61	3048	21	0	100	NA	0.688976377952756
1413_Gorai.001G037900.1_P2_Paqua_3	265	1/1	7	60	NA	67	3048	21	10	90	NA	0.688976377952756
1413_Gorai.001G037900.1_P2_Paqua_3	266	1/1	8	59	NA	67	3048	21	12	88	NA	0.688976377952756
1413_Gorai.001G037900.1_P2_Paqua_3	401	0/1	24	35	NA	59	3048	21	41	59	NA	0.688976377952756
1413_Gorai.001G037900.1_P2_Paqua_3	412	0/1	35	19	NA	54	3048	21	65	35	NA	0.688976377952756
1413_Gorai.001G037900.1_P2_Paqua_3	583	1/1	11	12	NA	23	3048	21	48	52	NA	0.688976377952756
1413_Gorai.001G037900.1_P2_Paqua_3	2261	1/1	38	11	NA	49	3048	21	78	22	NA	0.688976377952756
1413_Gorai.001G037900.1_P2_Paqua_3	2277	1/1	34	15	NA	49	3048	21	69	31	NA	0.688976377952756
1413_Gorai.001G037900.1_P2_Paqua_3	2294	1/1	32	17	NA	49	3048	21	65	35	NA	0.688976377952756
1413_Gorai.001G037900.1_P2_Paqua_3	2418	1/1	15	21	NA	36	3048	21	42	58	NA	0.688976377952756
1413_Gorai.001G037900.1_P2_Paqua_3	2549	0/1	7	7	NA	14	3048	21	50	50	NA	0.688976377952756
1413_Gorai.001G037900.1_P2_Paqua_3	2573	1/1	1	13	NA	14	3048	21	7	93	NA	0.688976377952756
1413_Gorai.001G037900.1_P2_Paqua_3	2590	1/1	1	10	NA	11	3048	21	9	91	NA	0.688976377952756
1413_Gorai.001G037900.1_P2_Paqua_3	2592	1/1	1	10	NA	11	3048	21	9	91	NA	0.688976377952756
1413_Gorai.001G037900.1_P2_Paqua_3	2664	1/1	0	16	NA	16	3048	21	0	100	NA	0.688976377952756
1413_Gorai.001G037900.1_P2_Paqua_3	2688	1/1	0	19	NA	19	3048	21	0	100	NA	0.688976377952756
1413_Gorai.001G037900.1_P2_Paqua_3	2770	0/1	12	24	NA	36	3048	21	33	67	NA	0.688976377952756
1413_Gorai.001G037900.1_P2_Paqua_3	2799	0/1	24	20	NA	44	3048	21	55	45	NA	0.688976377952756
1413_Gorai.001G037900.1_P2_Paqua_3	2809	0/1	20	23	NA	43	3048	21	47	53	NA	0.688976377952756
1413_Gorai.001G037900.1_P2_Paqua_3	2853	1/1	16	30	NA	46	3048	21	35	65	NA	0.688976377952756
1413_Gorai.001G037900.1_P2_Paqua_3	2889	1/1	10	37	NA	47	3048	21	21	79	NA	0.688976377952756
15643_Gorai.009G023100.1_Paqua	342	1/1	17	6	NA	23	2682	3	74	26	NA	0.111856823266219
15643_Gorai.009G023100.1_Paqua	425	1/1	0	14	NA	14	2682	3	0	100	NA	0.111856823266219
15643_Gorai.009G023100.1_Paqua	445	1/1	8	4	NA	12	2682	3	67	33	NA	0.111856823266219
16412_Gorai.006G110500.1_Paqua	668	1/1	0	37	NA	37	1813	1	0	100	NA	0.0551571980143409
16773_Gorai.001G097400.1_Paqua	972	0/1	17	4	NA	21	1919	2	81	19	NA	0.104220948410631
16773_Gorai.001G097400.1_Paqua	1087	0/1	10	4	NA	14	1919	2	71	29	NA	0.104220948410631
17458_Gorai.010G131600.2_Paqua	748	1/1	12	27	NA	39	1716	1	31	69	NA	0.0582750582750583
17458_Gorai.010G131600.2_Paqua_3	748	1/1	5	30	NA	35	1716	1	14	86	NA	0.0582750582750583
18105_Gorai.008G211000.1_P2_Paqua_3	98	1/1	0	17	NA	17	1477	1	0	100	NA	0.0677048070412999
1845_Gorai.010G178200.3_Paqua	289	1/1	2	61	NA	63	822	1	3	97	NA	0.121654501216545
18825_Gorai.004G127500.3_Paqua	102	0/1	33	27	NA	60	1259	27	55	45	NA	2.14455917394758
18825_Gorai.004G127500.3_Paqua	117	0/1	44	17	NA	61	1259	27	72	28	NA	2.14455917394758
18825_Gorai.004G127500.3_Paqua	143	0/1	49	20	NA	69	1259	27	71	29	NA	2.14455917394758
18825_Gorai.004G127500.3_Paqua	147	0/1	49	20	NA	69	1259	27	71	29	NA	2.14455917394758
18825_Gorai.004G127500.3_Paqua	189	0/1	36	44	NA	80	1259	27	45	55	NA	2.14455917394758
18825_Gorai.004G127500.3_Paqua	204	0/1	50	32	NA	82	1259	27	61	39	NA	2.14455917394758
18825_Gorai.004G127500.3_Paqua	207	0/1	49	33	NA	82	1259	27	60	40	NA	2.14455917394758
18825_Gorai.004G127500.3_Paqua	216	0/1	50	35	NA	85	1259	27	59	41	NA	2.14455917394758
18825_Gorai.004G127500.3_Paqua	225	0/1	48	37	NA	85	1259	27	56	44	NA	2.14455917394758
18825_Gorai.004G127500.3_Paqua	237	0/1	36	46	NA	82	1259	27	44	56	NA	2.14455917394758
18825_Gorai.004G127500.3_Paqua	239	0/1	47	35	NA	82	1259	27	57	43	NA	2.14455917394758
18825_Gorai.004G127500.3_Paqua	273	0/1	44	47	NA	91	1259	27	48	52	NA	2.14455917394758
18825_Gorai.004G127500.3_Paqua	285	1/1	8	83	NA	91	1259	27	9	91	NA	2.14455917394758
18825_Gorai.004G127500.3_Paqua	318	1/2	11	36	39	86	1259	27	13	42	45	2.14455917394758
18825_Gorai.004G127500.3_Paqua	321	0/1	50	36	NA	86	1259	27	58	42	NA	2.14455917394758
18825_Gorai.004G127500.3_Paqua	336	0/1	52	37	NA	89	1259	27	58	42	NA	2.14455917394758
18825_Gorai.004G127500.3_Paqua	366	0/1	60	33	NA	93	1259	27	65	35	NA	2.14455917394758
18825_Gorai.004G127500.3_Paqua	453	1/1	35	52	NA	87	1259	27	40	60	NA	2.14455917394758
18825_Gorai.004G127500.3_Paqua	606	0/1	35	29	NA	64	1259	27	55	45	NA	2.14455917394758
18825_Gorai.004G127500.3_Paqua	810	0/1	42	26	NA	68	1259	27	62	38	NA	2.14455917394758
18825_Gorai.004G127500.3_Paqua	834	0/1	40	32	NA	72	1259	27	56	44	NA	2.14455917394758
18825_Gorai.004G127500.3_Paqua	889	1/1	7	76	NA	83	1259	27	8	92	NA	2.14455917394758
18825_Gorai.004G127500.3_Paqua	897	0/1	46	38	NA	84	1259	27	55	45	NA	2.14455917394758
18825_Gorai.004G127500.3_Paqua	900	0/1	47	38	NA	85	1259	27	55	45	NA	2.14455917394758
18825_Gorai.004G127500.3_Paqua	922	1/1	16	67	NA	83	1259	27	19	81	NA	2.14455917394758
18825_Gorai.004G127500.3_Paqua	1008	0/1	61	28	NA	89	1259	27	69	31	NA	2.14455917394758
18825_Gorai.004G127500.3_Paqua	1048	0/1	26	25	NA	51	1259	27	51	49	NA	2.14455917394758
18825_Gorai.004G127500.3_Paqua_3	285	1/1	3	71	NA	74	1259	29	4	96	NA	2.30341540905481
18825_Gorai.004G127500.3_Paqua_3	399	0/1	29	45	NA	74	1259	29	39	61	NA	2.30341540905481
18825_Gorai.004G127500.3_Paqua_3	492	0/1	46	30	NA	76	1259	29	61	39	NA	2.30341540905481
18825_Gorai.004G127500.3_Paqua_3	519	1/1	35	34	NA	69	1259	29	51	49	NA	2.30341540905481
18825_Gorai.004G127500.3_Paqua_3	521	1/1	32	34	NA	66	1259	29	48	52	NA	2.30341540905481
18825_Gorai.004G127500.3_Paqua_3	573	1/1	40	29	NA	69	1259	29	58	42	NA	2.30341540905481
18825_Gorai.004G127500.3_Paqua_3	594	1/1	41	23	NA	64	1259	29	64	36	NA	2.30341540905481
18825_Gorai.004G127500.3_Paqua_3	624	1/1	22	18	NA	40	1259	29	55	45	NA	2.30341540905481
18825_Gorai.004G127500.3_Paqua_3	630	1/1	22	36	NA	58	1259	29	38	62	NA	2.30341540905481
18825_Gorai.004G127500.3_Paqua_3	763	1/1	24	14	NA	38	1259	29	63	37	NA	2.30341540905481
18825_Gorai.004G127500.3_Paqua_3	766	1/1	24	15	NA	39	1259	29	62	38	NA	2.30341540905481
18825_Gorai.004G127500.3_Paqua_3	793	0/1	29	15	NA	44	1259	29	66	34	NA	2.30341540905481
18825_Gorai.004G127500.3_Paqua_3	811	0/1	30	18	NA	48	1259	29	62	38	NA	2.30341540905481
18825_Gorai.004G127500.3_Paqua_3	820	0/1	31	21	NA	52	1259	29	60	40	NA	2.30341540905481
18825_Gorai.004G127500.3_Paqua_3	829	1/1	9	44	NA	53	1259	29	17	83	NA	2.30341540905481
18825_Gorai.004G127500.3_Paqua_3	883	0/1	36	34	NA	70	1259	29	51	49	NA	2.30341540905481
18825_Gorai.004G127500.3_Paqua_3	886	0/1	42	29	NA	71	1259	29	59	41	NA	2.30341540905481
18825_Gorai.004G127500.3_Paqua_3	889	1/1	8	62	NA	70	1259	29	11	89	NA	2.30341540905481
18825_Gorai.004G127500.3_Paqua_3	892	0/1	37	34	NA	71	1259	29	52	48	NA	2.30341540905481
18825_Gorai.004G127500.3_Paqua_3	916	0/1	43	34	NA	77	1259	29	56	44	NA	2.30341540905481
18825_Gorai.004G127500.3_Paqua_3	922	1/1	17	60	NA	77	1259	29	22	78	NA	2.30341540905481
18825_Gorai.004G127500.3_Paqua_3	949	0/1	52	29	NA	81	1259	29	64	36	NA	2.30341540905481
18825_Gorai.004G127500.3_Paqua_3	955	0/1	51	31	NA	82	1259	29	62	38	NA	2.30341540905481
18825_Gorai.004G127500.3_Paqua_3	970	0/1	53	33	NA	86	1259	29	62	38	NA	2.30341540905481
18825_Gorai.004G127500.3_Paqua_3	979	0/1	54	31	NA	85	1259	29	64	36	NA	2.30341540905481
18825_Gorai.004G127500.3_Paqua_3	994	0/1	49	25	NA	74	1259	29	66	34	NA	2.30341540905481
18825_Gorai.004G127500.3_Paqua_3	1015	0/1	43	26	NA	69	1259	29	62	38	NA	2.30341540905481
18825_Gorai.004G127500.3_Paqua_3	1030	0/1	43	25	NA	68	1259	29	63	37	NA	2.30341540905481
18825_Gorai.004G127500.3_Paqua_3	1039	0/1	43	23	NA	66	1259	29	65	35	NA	2.30341540905481
18966_Gorai.006G049000.1_P1_Paqua	147	0/1	29	16	NA	45	1705	31	64	36	NA	1.81818181818182
18966_Gorai.006G049000.1_P1_Paqua	177	0/1	36	9	NA	45	1705	31	80	20	NA	1.81818181818182
18966_Gorai.006G049000.1_P1_Paqua	192	1/1	31	18	NA	49	1705	31	63	37	NA	1.81818181818182
18966_Gorai.006G049000.1_P1_Paqua	216	1/1	16	20	NA	36	1705	31	44	56	NA	1.81818181818182
18966_Gorai.006G049000.1_P1_Paqua	240	1/1	33	17	NA	50	1705	31	66	34	NA	1.81818181818182
18966_Gorai.006G049000.1_P1_Paqua	333	1/1	24	7	NA	31	1705	31	77	23	NA	1.81818181818182
18966_Gorai.006G049000.1_P1_Paqua	351	1/1	18	5	NA	23	1705	31	78	22	NA	1.81818181818182
18966_Gorai.006G049000.1_P1_Paqua	363	1/1	14	5	NA	19	1705	31	74	26	NA	1.81818181818182
18966_Gorai.006G049000.1_P1_Paqua	670	0/1	5	2	NA	7	1705	31	71	29	NA	1.81818181818182
18966_Gorai.006G049000.1_P1_Paqua	703	0/1	8	9	NA	17	1705	31	47	53	NA	1.81818181818182
18966_Gorai.006G049000.1_P1_Paqua	718	0/1	16	4	NA	20	1705	31	80	20	NA	1.81818181818182
18966_Gorai.006G049000.1_P1_Paqua	748	0/1	14	11	NA	25	1705	31	56	44	NA	1.81818181818182
18966_Gorai.006G049000.1_P1_Paqua	760	0/1	15	10	NA	25	1705	31	60	40	NA	1.81818181818182
18966_Gorai.006G049000.1_P1_Paqua	784	0/1	19	11	NA	30	1705	31	63	37	NA	1.81818181818182
18966_Gorai.006G049000.1_P1_Paqua	802	0/1	10	21	NA	31	1705	31	32	68	NA	1.81818181818182
18966_Gorai.006G049000.1_P1_Paqua	805	0/1	18	14	NA	32	1705	31	56	44	NA	1.81818181818182
18966_Gorai.006G049000.1_P1_Paqua	820	0/1	12	13	NA	25	1705	31	48	52	NA	1.81818181818182
18966_Gorai.006G049000.1_P1_Paqua	844	0/1	20	9	NA	29	1705	31	69	31	NA	1.81818181818182
18966_Gorai.006G049000.1_P1_Paqua	853	0/1	23	6	NA	29	1705	31	79	21	NA	1.81818181818182
18966_Gorai.006G049000.1_P1_Paqua	856	0/1	24	6	NA	30	1705	31	80	20	NA	1.81818181818182
18966_Gorai.006G049000.1_P1_Paqua	862	0/1	16	14	NA	30	1705	31	53	47	NA	1.81818181818182
18966_Gorai.006G049000.1_P1_Paqua	877	0/1	27	5	NA	32	1705	31	84	16	NA	1.81818181818182
18966_Gorai.006G049000.1_P1_Paqua	886	0/1	28	5	NA	33	1705	31	85	15	NA	1.81818181818182
18966_Gorai.006G049000.1_P1_Paqua	1294	1/1	25	38	NA	63	1705	31	40	60	NA	1.81818181818182
18966_Gorai.006G049000.1_P1_Paqua	1306	0/1	33	33	NA	66	1705	31	50	50	NA	1.81818181818182
18966_Gorai.006G049000.1_P1_Paqua	1318	0/1	38	28	NA	66	1705	31	58	42	NA	1.81818181818182
18966_Gorai.006G049000.1_P1_Paqua	1321	0/1	31	24	NA	55	1705	31	56	44	NA	1.81818181818182
18966_Gorai.006G049000.1_P1_Paqua	1330	0/1	22	41	NA	63	1705	31	35	65	NA	1.81818181818182
18966_Gorai.006G049000.1_P1_Paqua	1420	1/1	50	55	NA	105	1705	31	48	52	NA	1.81818181818182
18966_Gorai.006G049000.1_P1_Paqua	1432	0/1	86	21	NA	107	1705	31	80	20	NA	1.81818181818182
18966_Gorai.006G049000.1_P1_Paqua	1588	0/1	57	52	NA	109	1705	31	52	48	NA	1.81818181818182
18966_Gorai.006G049000.1_P1_Paqua_3	114	1/1	9	21	NA	30	1705	26	30	70	NA	1.52492668621701
18966_Gorai.006G049000.1_P1_Paqua_3	123	1/1	20	15	NA	35	1705	26	57	43	NA	1.52492668621701
18966_Gorai.006G049000.1_P1_Paqua_3	225	1/1	16	35	NA	51	1705	26	31	69	NA	1.52492668621701
18966_Gorai.006G049000.1_P1_Paqua_3	760	1/1	7	14	NA	21	1705	26	33	67	NA	1.52492668621701
18966_Gorai.006G049000.1_P1_Paqua_3	805	0/1	10	15	NA	25	1705	26	40	60	NA	1.52492668621701
18966_Gorai.006G049000.1_P1_Paqua_3	1063	0/1	24	11	NA	35	1705	26	69	31	NA	1.52492668621701
18966_Gorai.006G049000.1_P1_Paqua_3	1078	0/1	29	15	NA	44	1705	26	66	34	NA	1.52492668621701
18966_Gorai.006G049000.1_P1_Paqua_3	1087	0/1	33	18	NA	51	1705	26	65	35	NA	1.52492668621701
18966_Gorai.006G049000.1_P1_Paqua_3	1126	0/1	45	29	NA	74	1705	26	61	39	NA	1.52492668621701
18966_Gorai.006G049000.1_P1_Paqua_3	1159	0/1	52	39	NA	91	1705	26	57	43	NA	1.52492668621701
18966_Gorai.006G049000.1_P1_Paqua_3	1189	0/1	79	26	NA	105	1705	26	75	25	NA	1.52492668621701
18966_Gorai.006G049000.1_P1_Paqua_3	1216	0/1	75	22	NA	97	1705	26	77	23	NA	1.52492668621701
18966_Gorai.006G049000.1_P1_Paqua_3	1297	0/1	100	27	NA	127	1705	26	79	21	NA	1.52492668621701
18966_Gorai.006G049000.1_P1_Paqua_3	1318	0/1	93	40	NA	133	1705	26	70	30	NA	1.52492668621701
18966_Gorai.006G049000.1_P1_Paqua_3	1321	0/1	70	25	NA	95	1705	26	74	26	NA	1.52492668621701
18966_Gorai.006G049000.1_P1_Paqua_3	1330	0/1	88	54	NA	142	1705	26	62	38	NA	1.52492668621701
18966_Gorai.006G049000.1_P1_Paqua_3	1372	1/1	86	60	NA	146	1705	26	59	41	NA	1.52492668621701
18966_Gorai.006G049000.1_P1_Paqua_3	1483	0/1	99	74	NA	173	1705	26	57	43	NA	1.52492668621701
18966_Gorai.006G049000.1_P1_Paqua_3	1546	0/1	76	65	NA	141	1705	26	54	46	NA	1.52492668621701
18966_Gorai.006G049000.1_P1_Paqua_3	1552	0/1	75	61	NA	136	1705	26	55	45	NA	1.52492668621701
18966_Gorai.006G049000.1_P1_Paqua_3	1576	0/1	60	57	NA	117	1705	26	51	49	NA	1.52492668621701
18966_Gorai.006G049000.1_P1_Paqua_3	1600	0/1	57	45	NA	102	1705	26	56	44	NA	1.52492668621701
18966_Gorai.006G049000.1_P1_Paqua_3	1609	0/1	50	42	NA	92	1705	26	54	46	NA	1.52492668621701
18966_Gorai.006G049000.1_P1_Paqua_3	1628	0/1	40	37	NA	77	1705	26	52	48	NA	1.52492668621701
18966_Gorai.006G049000.1_P1_Paqua_3	1636	0/1	37	30	NA	67	1705	26	55	45	NA	1.52492668621701
18966_Gorai.006G049000.1_P1_Paqua_3	1669	1/1	6	13	NA	19	1705	26	32	68	NA	1.52492668621701
19017_Gorai.008G159500.1_Paqua	151	0/1	53	6	NA	59	683	21	90	10	NA	3.07467057101025
19017_Gorai.008G159500.1_Paqua	164	0/1	53	11	NA	64	683	21	83	17	NA	3.07467057101025
19017_Gorai.008G159500.1_Paqua	174	0/1	52	12	NA	64	683	21	81	19	NA	3.07467057101025
19017_Gorai.008G159500.1_Paqua	178	0/1	52	12	NA	64	683	21	81	19	NA	3.07467057101025
19017_Gorai.008G159500.1_Paqua	186	0/1	55	12	NA	67	683	21	82	18	NA	3.07467057101025
19017_Gorai.008G159500.1_Paqua	205	0/1	56	12	NA	68	683	21	82	18	NA	3.07467057101025
19017_Gorai.008G159500.1_Paqua	233	0/1	54	11	NA	65	683	21	83	17	NA	3.07467057101025
19017_Gorai.008G159500.1_Paqua	247	0/1	54	11	NA	65	683	21	83	17	NA	3.07467057101025
19017_Gorai.008G159500.1_Paqua	249	0/1	55	11	NA	66	683	21	83	17	NA	3.07467057101025
19017_Gorai.008G159500.1_Paqua	259	0/1	55	10	NA	65	683	21	85	15	NA	3.07467057101025
19017_Gorai.008G159500.1_Paqua	260	0/1	54	12	NA	66	683	21	82	18	NA	3.07467057101025
19017_Gorai.008G159500.1_Paqua	269	0/1	60	11	NA	71	683	21	85	15	NA	3.07467057101025
19017_Gorai.008G159500.1_Paqua	271	0/1	59	12	NA	71	683	21	83	17	NA	3.07467057101025
19017_Gorai.008G159500.1_Paqua	287	0/1	51	11	NA	62	683	21	82	18	NA	3.07467057101025
19017_Gorai.008G159500.1_Paqua	324	0/1	46	9	NA	55	683	21	84	16	NA	3.07467057101025
19017_Gorai.008G159500.1_Paqua	343	0/1	46	9	NA	55	683	21	84	16	NA	3.07467057101025
19017_Gorai.008G159500.1_Paqua	356	0/1	48	9	NA	57	683	21	84	16	NA	3.07467057101025
19017_Gorai.008G159500.1_Paqua	358	0/1	48	9	NA	57	683	21	84	16	NA	3.07467057101025
19017_Gorai.008G159500.1_Paqua	359	0/1	48	9	NA	57	683	21	84	16	NA	3.07467057101025
19017_Gorai.008G159500.1_Paqua	389	0/1	51	6	NA	57	683	21	89	11	NA	3.07467057101025
19017_Gorai.008G159500.1_Paqua	396	0/1	51	6	NA	57	683	21	89	11	NA	3.07467057101025
19864_Gorai.001G236500.2_P3_Paqua	934	1/1	3	40	NA	43	1320	4	7	93	NA	0.303030303030303
19864_Gorai.001G236500.2_P3_Paqua	972	1/1	10	47	NA	57	1320	4	18	82	NA	0.303030303030303
19864_Gorai.001G236500.2_P3_Paqua	996	1/1	10	53	NA	63	1320	4	16	84	NA	0.303030303030303
19864_Gorai.001G236500.2_P3_Paqua	1143	1/1	6	60	NA	66	1320	4	9	91	NA	0.303030303030303
19864_Gorai.001G236500.2_P3_Paqua_3	864	0/1	10	8	NA	18	1320	24	56	44	NA	1.81818181818182
19864_Gorai.001G236500.2_P3_Paqua_3	905	0/1	22	16	NA	38	1320	24	58	42	NA	1.81818181818182
19864_Gorai.001G236500.2_P3_Paqua_3	934	1/1	9	36	NA	45	1320	24	20	80	NA	1.81818181818182
19864_Gorai.001G236500.2_P3_Paqua_3	948	0/1	22	30	NA	52	1320	24	42	58	NA	1.81818181818182
19864_Gorai.001G236500.2_P3_Paqua_3	972	0/1	10	46	NA	56	1320	24	18	82	NA	1.81818181818182
19864_Gorai.001G236500.2_P3_Paqua_3	975	0/1	45	12	NA	57	1320	24	79	21	NA	1.81818181818182
19864_Gorai.001G236500.2_P3_Paqua_3	981	0/1	23	37	NA	60	1320	24	38	62	NA	1.81818181818182
19864_Gorai.001G236500.2_P3_Paqua_3	996	1/1	10	56	NA	66	1320	24	15	85	NA	1.81818181818182
19864_Gorai.001G236500.2_P3_Paqua_3	1011	1/1	22	43	NA	65	1320	24	34	66	NA	1.81818181818182
19864_Gorai.001G236500.2_P3_Paqua_3	1012	0/1	49	16	NA	65	1320	24	75	25	NA	1.81818181818182
19864_Gorai.001G236500.2_P3_Paqua_3	1021	0/1	19	27	NA	46	1320	24	41	59	NA	1.81818181818182
19864_Gorai.001G236500.2_P3_Paqua_3	1041	1/2	19	25	18	62	1320	24	31	40	29	1.81818181818182
19864_Gorai.001G236500.2_P3_Paqua_3	1050	0/1	43	18	NA	61	1320	24	70	30	NA	1.81818181818182
19864_Gorai.001G236500.2_P3_Paqua_3	1068	0/1	42	19	NA	61	1320	24	69	31	NA	1.81818181818182
19864_Gorai.001G236500.2_P3_Paqua_3	1116	0/1	14	39	NA	53	1320	24	26	74	NA	1.81818181818182
19864_Gorai.001G236500.2_P3_Paqua_3	1125	0/1	34	15	NA	49	1320	24	69	31	NA	1.81818181818182
19864_Gorai.001G236500.2_P3_Paqua_3	1143	1/1	0	45	NA	45	1320	24	0	100	NA	1.81818181818182
19864_Gorai.001G236500.2_P3_Paqua_3	1163	0/1	26	12	NA	38	1320	24	68	32	NA	1.81818181818182
19864_Gorai.001G236500.2_P3_Paqua_3	1172	0/1	25	11	NA	36	1320	24	69	31	NA	1.81818181818182
19864_Gorai.001G236500.2_P3_Paqua_3	1187	0/1	22	11	NA	33	1320	24	67	33	NA	1.81818181818182
19864_Gorai.001G236500.2_P3_Paqua_3	1202	0/1	8	9	NA	17	1320	24	47	53	NA	1.81818181818182
19864_Gorai.001G236500.2_P3_Paqua_3	1214	1/1	1	6	NA	7	1320	24	14	86	NA	1.81818181818182
19864_Gorai.001G236500.2_P3_Paqua_3	1215	1/1	1	6	NA	7	1320	24	14	86	NA	1.81818181818182
19864_Gorai.001G236500.2_P3_Paqua_3	1229	1/1	1	4	NA	5	1320	24	20	80	NA	1.81818181818182
19901_Gorai.012G089500.2_P2_Paqua	548	0/1	17	3	NA	20	1169	4	85	15	NA	0.342172797262618
19901_Gorai.012G089500.2_P2_Paqua	583	0/1	19	3	NA	22	1169	4	86	14	NA	0.342172797262618
19901_Gorai.012G089500.2_P2_Paqua	946	0/1	21	4	NA	25	1169	4	84	16	NA	0.342172797262618
19901_Gorai.012G089500.2_P2_Paqua	963	0/1	21	5	NA	26	1169	4	81	19	NA	0.342172797262618
19901_Gorai.012G089500.2_P6_Paqua	180	0/1	7	3	NA	10	484	4	70	30	NA	0.826446280991736
19901_Gorai.012G089500.2_P6_Paqua	213	0/1	7	3	NA	10	484	4	70	30	NA	0.826446280991736
19901_Gorai.012G089500.2_P6_Paqua	231	0/1	7	3	NA	10	484	4	70	30	NA	0.826446280991736
19901_Gorai.012G089500.2_P6_Paqua	234	0/1	7	3	NA	10	484	4	70	30	NA	0.826446280991736
20385_Gorai.012G081900.6_Paqua	27	1/1	0	5	NA	5	2275	19	0	100	NA	0.835164835164835
20385_Gorai.012G081900.6_Paqua	48	1/2	0	7	7	14	2275	19	0	50	50	0.835164835164835
20385_Gorai.012G081900.6_Paqua	99	1/1	9	18	NA	27	2275	19	33	67	NA	0.835164835164835
20385_Gorai.012G081900.6_Paqua	105	1/1	11	17	NA	28	2275	19	39	61	NA	0.835164835164835
20385_Gorai.012G081900.6_Paqua	107	1/1	13	15	NA	28	2275	19	46	54	NA	0.835164835164835
20385_Gorai.012G081900.6_Paqua	111	1/1	11	17	NA	28	2275	19	39	61	NA	0.835164835164835
20385_Gorai.012G081900.6_Paqua	114	1/1	11	15	NA	26	2275	19	42	58	NA	0.835164835164835
20385_Gorai.012G081900.6_Paqua	117	1/1	11	17	NA	28	2275	19	39	61	NA	0.835164835164835
20385_Gorai.012G081900.6_Paqua	118	1/1	11	17	NA	28	2275	19	39	61	NA	0.835164835164835
20385_Gorai.012G081900.6_Paqua	120	1/1	11	17	NA	28	2275	19	39	61	NA	0.835164835164835
20385_Gorai.012G081900.6_Paqua	121	1/1	14	15	NA	29	2275	19	48	52	NA	0.835164835164835
20385_Gorai.012G081900.6_Paqua	129	1/1	13	17	NA	30	2275	19	43	57	NA	0.835164835164835
20385_Gorai.012G081900.6_Paqua	132	1/1	13	17	NA	30	2275	19	43	57	NA	0.835164835164835
20385_Gorai.012G081900.6_Paqua	138	1/1	15	17	NA	32	2275	19	47	53	NA	0.835164835164835
20385_Gorai.012G081900.6_Paqua	144	1/1	17	17	NA	34	2275	19	50	50	NA	0.835164835164835
20385_Gorai.012G081900.6_Paqua	156	1/1	17	17	NA	34	2275	19	50	50	NA	0.835164835164835
20385_Gorai.012G081900.6_Paqua	171	1/1	19	16	NA	35	2275	19	54	46	NA	0.835164835164835
20385_Gorai.012G081900.6_Paqua	175	0/1	30	6	NA	36	2275	19	83	17	NA	0.835164835164835
20385_Gorai.012G081900.6_Paqua	177	1/1	20	15	NA	35	2275	19	57	43	NA	0.835164835164835
20385_Gorai.012G081900.6_Paqua_3	99	1/1	0	22	NA	22	2275	1	0	100	NA	0.043956043956044
20686_Gorai.013G120800.2_P1_Paqua	1161	1/1	12	32	NA	44	1773	1	27	73	NA	0.0564015792442188
20686_Gorai.013G120800.2_P1_Paqua_3	1161	0/1	12	24	NA	36	1773	1	33	67	NA	0.0564015792442188
20686_Gorai.013G120800.2_P2_Paqua	213	1/1	0	15	NA	15	1560	4	0	100	NA	0.256410256410256
20686_Gorai.013G120800.2_P2_Paqua	268	1/1	0	23	NA	23	1560	4	0	100	NA	0.256410256410256
20686_Gorai.013G120800.2_P2_Paqua	285	1/1	1	24	NA	25	1560	4	4	96	NA	0.256410256410256
20686_Gorai.013G120800.2_P2_Paqua	382	0/1	9	7	NA	16	1560	4	56	44	NA	0.256410256410256
20686_Gorai.013G120800.2_P2_Paqua_3	173	1/1	1	3	NA	4	1560	7	25	75	NA	0.448717948717949
20686_Gorai.013G120800.2_P2_Paqua_3	174	1/1	1	3	NA	4	1560	7	25	75	NA	0.448717948717949
20686_Gorai.013G120800.2_P2_Paqua_3	213	1/1	3	15	NA	18	1560	7	17	83	NA	0.448717948717949
20686_Gorai.013G120800.2_P2_Paqua_3	268	1/1	3	18	NA	21	1560	7	14	86	NA	0.448717948717949
20686_Gorai.013G120800.2_P2_Paqua_3	285	1/1	3	18	NA	21	1560	7	14	86	NA	0.448717948717949
20686_Gorai.013G120800.2_P2_Paqua_3	377	1/1	0	14	NA	14	1560	7	0	100	NA	0.448717948717949
20686_Gorai.013G120800.2_P2_Paqua_3	400	1/1	0	2	NA	2	1560	7	0	100	NA	0.448717948717949
20747_Gorai.010G137900.2_Paqua	5	1/1	0	2	NA	2	1691	1	0	100	NA	0.0591366055588409
20969_Gorai.009G224800.1_P1_Paqua	102	1/1	1	11	NA	12	1086	12	8	92	NA	1.10497237569061
20969_Gorai.009G224800.1_P1_Paqua	109	1/1	1	10	NA	11	1086	12	9	91	NA	1.10497237569061
20969_Gorai.009G224800.1_P1_Paqua	114	0/1	4	7	NA	11	1086	12	36	64	NA	1.10497237569061
20969_Gorai.009G224800.1_P1_Paqua	120	1/1	1	10	NA	11	1086	12	9	91	NA	1.10497237569061
20969_Gorai.009G224800.1_P1_Paqua	144	1/1	1	11	NA	12	1086	12	8	92	NA	1.10497237569061
20969_Gorai.009G224800.1_P1_Paqua	156	0/1	5	7	NA	12	1086	12	42	58	NA	1.10497237569061
20969_Gorai.009G224800.1_P1_Paqua	165	1/1	1	11	NA	12	1086	12	8	92	NA	1.10497237569061
20969_Gorai.009G224800.1_P1_Paqua	195	0/1	5	9	NA	14	1086	12	36	64	NA	1.10497237569061
20969_Gorai.009G224800.1_P1_Paqua	198	0/1	9	5	NA	14	1086	12	64	36	NA	1.10497237569061
20969_Gorai.009G224800.1_P1_Paqua	309	0/1	1	8	NA	9	1086	12	11	89	NA	1.10497237569061
20969_Gorai.009G224800.1_P1_Paqua	369	0/1	5	4	NA	9	1086	12	56	44	NA	1.10497237569061
20969_Gorai.009G224800.1_P1_Paqua	387	0/1	6	2	NA	8	1086	12	75	25	NA	1.10497237569061
20969_Gorai.009G224800.1_P1_Paqua_3	102	1/1	3	9	NA	12	1086	17	25	75	NA	1.56537753222836
20969_Gorai.009G224800.1_P1_Paqua_3	109	1/1	3	7	NA	10	1086	17	30	70	NA	1.56537753222836
20969_Gorai.009G224800.1_P1_Paqua_3	120	1/1	3	7	NA	10	1086	17	30	70	NA	1.56537753222836
20969_Gorai.009G224800.1_P1_Paqua_3	132	1/1	3	7	NA	10	1086	17	30	70	NA	1.56537753222836
20969_Gorai.009G224800.1_P1_Paqua_3	135	1/1	3	7	NA	10	1086	17	30	70	NA	1.56537753222836
20969_Gorai.009G224800.1_P1_Paqua_3	136	1/1	3	7	NA	10	1086	17	30	70	NA	1.56537753222836
20969_Gorai.009G224800.1_P1_Paqua_3	144	1/1	3	9	NA	12	1086	17	25	75	NA	1.56537753222836
20969_Gorai.009G224800.1_P1_Paqua_3	165	1/1	1	10	NA	11	1086	17	9	91	NA	1.56537753222836
20969_Gorai.009G224800.1_P1_Paqua_3	240	1/1	2	6	NA	8	1086	17	25	75	NA	1.56537753222836
20969_Gorai.009G224800.1_P1_Paqua_3	249	0/1	4	6	NA	10	1086	17	40	60	NA	1.56537753222836
20969_Gorai.009G224800.1_P1_Paqua_3	258	0/1	4	5	NA	9	1086	17	44	56	NA	1.56537753222836
20969_Gorai.009G224800.1_P1_Paqua_3	264	0/1	4	5	NA	9	1086	17	44	56	NA	1.56537753222836
20969_Gorai.009G224800.1_P1_Paqua_3	267	0/1	4	5	NA	9	1086	17	44	56	NA	1.56537753222836
20969_Gorai.009G224800.1_P1_Paqua_3	273	0/1	4	5	NA	9	1086	17	44	56	NA	1.56537753222836
20969_Gorai.009G224800.1_P1_Paqua_3	297	0/1	5	5	NA	10	1086	17	50	50	NA	1.56537753222836
20969_Gorai.009G224800.1_P1_Paqua_3	309	0/1	7	5	NA	12	1086	17	58	42	NA	1.56537753222836
20969_Gorai.009G224800.1_P1_Paqua_3	393	0/1	3	14	NA	17	1086	17	18	82	NA	1.56537753222836
22470_Gorai.008G061000.1_P1_Paqua	1431	1/1	0	11	NA	11	1452	1	0	100	NA	0.068870523415978
22470_Gorai.008G061000.1_P2_Paqua_3	537	1/1	10	9	NA	19	1017	1	53	47	NA	0.0983284169124877
22498_Gorai.008G154500.1_P2_Paqua	948	0/1	21	7	NA	28	1208	6	75	25	NA	0.496688741721854
22498_Gorai.008G154500.1_P2_Paqua	956	0/1	15	15	NA	30	1208	6	50	50	NA	0.496688741721854
22498_Gorai.008G154500.1_P2_Paqua	988	0/1	25	22	NA	47	1208	6	53	47	NA	0.496688741721854
22498_Gorai.008G154500.1_P2_Paqua	1006	0/1	27	27	NA	54	1208	6	50	50	NA	0.496688741721854
22498_Gorai.008G154500.1_P2_Paqua	1129	0/1	28	34	NA	62	1208	6	45	55	NA	0.496688741721854
22498_Gorai.008G154500.1_P2_Paqua	1150	0/1	25	24	NA	49	1208	6	51	49	NA	0.496688741721854
23015_Gorai.006G017800.1_Paqua_3	1618	1/1	0	8	NA	8	1667	1	0	100	NA	0.0599880023995201
23608_Gorai.007G137300.2_Paqua	67	1/1	0	3	NA	3	1312	13	0	100	NA	0.990853658536585
23608_Gorai.007G137300.2_Paqua	71	1/1	0	4	NA	4	1312	13	0	100	NA	0.990853658536585
23608_Gorai.007G137300.2_Paqua	102	1/1	0	7	NA	7	1312	13	0	100	NA	0.990853658536585
23608_Gorai.007G137300.2_Paqua	110	1/1	0	7	NA	7	1312	13	0	100	NA	0.990853658536585
23608_Gorai.007G137300.2_Paqua	132	1/1	0	7	NA	7	1312	13	0	100	NA	0.990853658536585
23608_Gorai.007G137300.2_Paqua	147	1/1	0	9	NA	9	1312	13	0	100	NA	0.990853658536585
23608_Gorai.007G137300.2_Paqua	171	1/1	0	9	NA	9	1312	13	0	100	NA	0.990853658536585
23608_Gorai.007G137300.2_Paqua	210	1/1	0	4	NA	4	1312	13	0	100	NA	0.990853658536585
23608_Gorai.007G137300.2_Paqua	212	1/1	0	4	NA	4	1312	13	0	100	NA	0.990853658536585
23608_Gorai.007G137300.2_Paqua	228	1/1	0	3	NA	3	1312	13	0	100	NA	0.990853658536585
23608_Gorai.007G137300.2_Paqua	232	1/1	0	3	NA	3	1312	13	0	100	NA	0.990853658536585
23608_Gorai.007G137300.2_Paqua	679	1/1	3	11	NA	14	1312	13	21	79	NA	0.990853658536585
23608_Gorai.007G137300.2_Paqua	707	1/1	8	4	NA	12	1312	13	67	33	NA	0.990853658536585
23608_Gorai.007G137300.2_Paqua_3	102	1/1	0	8	NA	8	1312	6	0	100	NA	0.457317073170732
23608_Gorai.007G137300.2_Paqua_3	110	1/1	0	8	NA	8	1312	6	0	100	NA	0.457317073170732
23608_Gorai.007G137300.2_Paqua_3	132	1/1	0	9	NA	9	1312	6	0	100	NA	0.457317073170732
23608_Gorai.007G137300.2_Paqua_3	147	1/1	0	10	NA	10	1312	6	0	100	NA	0.457317073170732
23608_Gorai.007G137300.2_Paqua_3	171	1/1	0	9	NA	9	1312	6	0	100	NA	0.457317073170732
23608_Gorai.007G137300.2_Paqua_3	210	1/1	0	8	NA	8	1312	6	0	100	NA	0.457317073170732
25151_Gorai.003G119300.1_Paqua_3	170	0/1	5	4	NA	9	1478	1	56	44	NA	0.06765899864682
25187_Gorai.009G267800.3_Paqua	101	1/1	0	16	NA	16	1474	2	0	100	NA	0.135685210312076
25187_Gorai.009G267800.3_Paqua	109	1/1	0	16	NA	16	1474	2	0	100	NA	0.135685210312076
25187_Gorai.009G267800.3_Paqua_3	199	0/1	1	18	NA	19	1474	2	5	95	NA	0.135685210312076
25187_Gorai.009G267800.3_Paqua_3	201	0/1	1	18	NA	19	1474	2	5	95	NA	0.135685210312076
25454_Gorai.011G134300.1_Paqua	304	0/1	22	17	NA	39	1032	6	56	44	NA	0.581395348837209
25454_Gorai.011G134300.1_Paqua	319	0/1	24	18	NA	42	1032	6	57	43	NA	0.581395348837209
25454_Gorai.011G134300.1_Paqua	331	0/1	25	17	NA	42	1032	6	60	40	NA	0.581395348837209
25454_Gorai.011G134300.1_Paqua	526	1/1	12	41	NA	53	1032	6	23	77	NA	0.581395348837209
25454_Gorai.011G134300.1_Paqua	856	1/1	19	20	NA	39	1032	6	49	51	NA	0.581395348837209
25454_Gorai.011G134300.1_Paqua	888	1/1	12	18	NA	30	1032	6	40	60	NA	0.581395348837209
25454_Gorai.011G134300.1_Paqua_3	39	1/1	1	6	NA	7	1032	8	14	86	NA	0.775193798449612
25454_Gorai.011G134300.1_Paqua_3	304	0/1	32	30	NA	62	1032	8	52	48	NA	0.775193798449612
25454_Gorai.011G134300.1_Paqua_3	319	0/1	39	20	NA	59	1032	8	66	34	NA	0.775193798449612
25454_Gorai.011G134300.1_Paqua_3	331	0/1	42	18	NA	60	1032	8	70	30	NA	0.775193798449612
25454_Gorai.011G134300.1_Paqua_3	526	1/1	13	45	NA	58	1032	8	22	78	NA	0.775193798449612
25454_Gorai.011G134300.1_Paqua_3	847	0/1	16	23	NA	39	1032	8	41	59	NA	0.775193798449612
25454_Gorai.011G134300.1_Paqua_3	856	0/1	22	15	NA	37	1032	8	59	41	NA	0.775193798449612
25454_Gorai.011G134300.1_Paqua_3	888	0/1	16	18	NA	34	1032	8	47	53	NA	0.775193798449612
26234_Gorai.008G042900.1_Paqua	119	0/1	6	3	NA	9	1023	3	67	33	NA	0.293255131964809
26234_Gorai.008G042900.1_Paqua	268	0/1	26	11	NA	37	1023	3	70	30	NA	0.293255131964809
26234_Gorai.008G042900.1_Paqua	283	0/1	22	10	NA	32	1023	3	69	31	NA	0.293255131964809
26587_Gorai.010G051000.1_Paqua	1201	0/1	19	3	NA	22	1377	1	86	14	NA	0.0726216412490922
26615_Gorai.002G267900.1_Paqua	409	1/1	5	14	NA	19	1350	5	26	74	NA	0.37037037037037
26615_Gorai.002G267900.1_Paqua	422	1/1	5	15	NA	20	1350	5	25	75	NA	0.37037037037037
26615_Gorai.002G267900.1_Paqua	507	1/1	3	20	NA	23	1350	5	13	87	NA	0.37037037037037
26615_Gorai.002G267900.1_Paqua	577	1/1	1	24	NA	25	1350	5	4	96	NA	0.37037037037037
26615_Gorai.002G267900.1_Paqua	578	1/1	1	23	NA	24	1350	5	4	96	NA	0.37037037037037
26615_Gorai.002G267900.1_Paqua_3	409	0/1	6	15	NA	21	1350	5	29	71	NA	0.37037037037037
26615_Gorai.002G267900.1_Paqua_3	422	0/1	6	17	NA	23	1350	5	26	74	NA	0.37037037037037
26615_Gorai.002G267900.1_Paqua_3	507	1/1	0	23	NA	23	1350	5	0	100	NA	0.37037037037037
26615_Gorai.002G267900.1_Paqua_3	577	1/1	0	17	NA	17	1350	5	0	100	NA	0.37037037037037
26615_Gorai.002G267900.1_Paqua_3	578	1/1	0	17	NA	17	1350	5	0	100	NA	0.37037037037037
2712_Gorai.002G185300.2_Paqua	860	1/1	3	14	NA	17	3415	16	18	82	NA	0.468521229868228
2712_Gorai.002G185300.2_Paqua	863	1/1	3	14	NA	17	3415	16	18	82	NA	0.468521229868228
2712_Gorai.002G185300.2_Paqua	876	1/1	3	14	NA	17	3415	16	18	82	NA	0.468521229868228
2712_Gorai.002G185300.2_Paqua	886	1/1	7	13	NA	20	3415	16	35	65	NA	0.468521229868228
2712_Gorai.002G185300.2_Paqua	891	1/1	8	11	NA	19	3415	16	42	58	NA	0.468521229868228
2712_Gorai.002G185300.2_Paqua	912	1/1	11	11	NA	22	3415	16	50	50	NA	0.468521229868228
2712_Gorai.002G185300.2_Paqua	2311	1/1	1	10	NA	11	3415	16	9	91	NA	0.468521229868228
2712_Gorai.002G185300.2_Paqua	2324	1/1	1	10	NA	11	3415	16	9	91	NA	0.468521229868228
2712_Gorai.002G185300.2_Paqua	2875	1/1	8	4	NA	12	3415	16	67	33	NA	0.468521229868228
2712_Gorai.002G185300.2_Paqua	2905	1/1	8	6	NA	14	3415	16	57	43	NA	0.468521229868228
2712_Gorai.002G185300.2_Paqua	2910	1/1	8	6	NA	14	3415	16	57	43	NA	0.468521229868228
2712_Gorai.002G185300.2_Paqua	2911	1/1	8	6	NA	14	3415	16	57	43	NA	0.468521229868228
2712_Gorai.002G185300.2_Paqua	2925	1/1	8	9	NA	17	3415	16	47	53	NA	0.468521229868228
2712_Gorai.002G185300.2_Paqua	2998	1/1	3	12	NA	15	3415	16	20	80	NA	0.468521229868228
2712_Gorai.002G185300.2_Paqua	3001	1/1	3	12	NA	15	3415	16	20	80	NA	0.468521229868228
2712_Gorai.002G185300.2_Paqua	3086	1/1	0	10	NA	10	3415	16	0	100	NA	0.468521229868228
2712_Gorai.002G185300.2_Paqua_3	803	0/1	6	6	NA	12	3415	4	50	50	NA	0.117130307467057
2712_Gorai.002G185300.2_Paqua_3	2311	1/1	0	9	NA	9	3415	4	0	100	NA	0.117130307467057
2712_Gorai.002G185300.2_Paqua_3	2324	1/1	0	9	NA	9	3415	4	0	100	NA	0.117130307467057
2712_Gorai.002G185300.2_Paqua_3	3086	1/1	0	11	NA	11	3415	4	0	100	NA	0.117130307467057
27868_Gorai.009G193000.1_Paqua	1340	1/1	1	16	NA	17	1385	2	6	94	NA	0.144404332129964
27868_Gorai.009G193000.1_Paqua	1341	1/1	1	16	NA	17	1385	2	6	94	NA	0.144404332129964
28497_Gorai.012G187500.1_Paqua	301	1/1	0	41	NA	41	1142	1	0	100	NA	0.0875656742556918
295_Gorai.004G246800.1_Paqua	107	0/1	6	12	NA	18	6070	40	33	67	NA	0.658978583196046
295_Gorai.004G246800.1_Paqua	110	0/1	6	12	NA	18	6070	40	33	67	NA	0.658978583196046
295_Gorai.004G246800.1_Paqua	218	1/1	2	30	NA	32	6070	40	6	94	NA	0.658978583196046
295_Gorai.004G246800.1_Paqua	221	1/1	2	30	NA	32	6070	40	6	94	NA	0.658978583196046
295_Gorai.004G246800.1_Paqua	260	1/1	0	31	NA	31	6070	40	0	100	NA	0.658978583196046
295_Gorai.004G246800.1_Paqua	286	1/1	1	27	NA	28	6070	40	4	96	NA	0.658978583196046
295_Gorai.004G246800.1_Paqua	288	1/1	1	26	NA	27	6070	40	4	96	NA	0.658978583196046
295_Gorai.004G246800.1_Paqua	317	1/1	1	20	NA	21	6070	40	5	95	NA	0.658978583196046
295_Gorai.004G246800.1_Paqua	333	1/1	1	16	NA	17	6070	40	6	94	NA	0.658978583196046
295_Gorai.004G246800.1_Paqua	359	1/1	1	11	NA	12	6070	40	8	92	NA	0.658978583196046
295_Gorai.004G246800.1_Paqua	370	1/1	0	11	NA	11	6070	40	0	100	NA	0.658978583196046
295_Gorai.004G246800.1_Paqua	661	1/1	14	3	NA	17	6070	40	82	18	NA	0.658978583196046
295_Gorai.004G246800.1_Paqua	666	1/1	12	4	NA	16	6070	40	75	25	NA	0.658978583196046
295_Gorai.004G246800.1_Paqua	686	1/1	12	15	NA	27	6070	40	44	56	NA	0.658978583196046
295_Gorai.004G246800.1_Paqua	691	1/1	12	16	NA	28	6070	40	43	57	NA	0.658978583196046
295_Gorai.004G246800.1_Paqua	702	1/1	12	20	NA	32	6070	40	38	62	NA	0.658978583196046
295_Gorai.004G246800.1_Paqua	707	1/1	12	24	NA	36	6070	40	33	67	NA	0.658978583196046
295_Gorai.004G246800.1_Paqua	719	1/1	12	29	NA	41	6070	40	29	71	NA	0.658978583196046
295_Gorai.004G246800.1_Paqua	758	1/1	9	43	NA	52	6070	40	17	83	NA	0.658978583196046
295_Gorai.004G246800.1_Paqua	760	1/1	9	42	NA	51	6070	40	18	82	NA	0.658978583196046
295_Gorai.004G246800.1_Paqua	788	1/1	5	52	NA	57	6070	40	9	91	NA	0.658978583196046
295_Gorai.004G246800.1_Paqua	815	1/1	0	56	NA	56	6070	40	0	100	NA	0.658978583196046
295_Gorai.004G246800.1_Paqua	890	1/1	0	71	NA	71	6070	40	0	100	NA	0.658978583196046
295_Gorai.004G246800.1_Paqua	993	1/1	6	48	NA	54	6070	40	11	89	NA	0.658978583196046
295_Gorai.004G246800.1_Paqua	995	1/1	8	47	NA	55	6070	40	15	85	NA	0.658978583196046
295_Gorai.004G246800.1_Paqua	1037	1/1	20	37	NA	57	6070	40	35	65	NA	0.658978583196046
295_Gorai.004G246800.1_Paqua	1043	1/1	22	36	NA	58	6070	40	38	62	NA	0.658978583196046
295_Gorai.004G246800.1_Paqua	1052	1/1	23	32	NA	55	6070	40	42	58	NA	0.658978583196046
295_Gorai.004G246800.1_Paqua	1079	1/1	23	19	NA	42	6070	40	55	45	NA	0.658978583196046
295_Gorai.004G246800.1_Paqua	1080	1/1	23	19	NA	42	6070	40	55	45	NA	0.658978583196046
295_Gorai.004G246800.1_Paqua	1083	1/1	23	19	NA	42	6070	40	55	45	NA	0.658978583196046
295_Gorai.004G246800.1_Paqua	1095	1/1	24	18	NA	42	6070	40	57	43	NA	0.658978583196046
295_Gorai.004G246800.1_Paqua	1111	1/1	28	14	NA	42	6070	40	67	33	NA	0.658978583196046
295_Gorai.004G246800.1_Paqua	1115	1/1	29	12	NA	41	6070	40	71	29	NA	0.658978583196046
295_Gorai.004G246800.1_Paqua	1128	1/1	31	8	NA	39	6070	40	79	21	NA	0.658978583196046
295_Gorai.004G246800.1_Paqua	1134	1/1	35	6	NA	41	6070	40	85	15	NA	0.658978583196046
295_Gorai.004G246800.1_Paqua	1142	1/1	33	5	NA	38	6070	40	87	13	NA	0.658978583196046
295_Gorai.004G246800.1_Paqua	1149	1/1	38	5	NA	43	6070	40	88	12	NA	0.658978583196046
295_Gorai.004G246800.1_Paqua	1155	1/1	41	4	NA	45	6070	40	91	9	NA	0.658978583196046
295_Gorai.004G246800.1_Paqua	1160	1/1	41	4	NA	45	6070	40	91	9	NA	0.658978583196046
295_Gorai.004G246800.1_Paqua_3	95	0/1	6	9	NA	15	6070	29	40	60	NA	0.477759472817133
295_Gorai.004G246800.1_Paqua_3	106	0/1	6	9	NA	15	6070	29	40	60	NA	0.477759472817133
295_Gorai.004G246800.1_Paqua_3	151	0/1	8	12	NA	20	6070	29	40	60	NA	0.477759472817133
295_Gorai.004G246800.1_Paqua_3	163	0/1	7	12	NA	19	6070	29	37	63	NA	0.477759472817133
295_Gorai.004G246800.1_Paqua_3	164	0/1	7	12	NA	19	6070	29	37	63	NA	0.477759472817133
295_Gorai.004G246800.1_Paqua_3	170	0/1	6	13	NA	19	6070	29	32	68	NA	0.477759472817133
295_Gorai.004G246800.1_Paqua_3	179	0/1	6	14	NA	20	6070	29	30	70	NA	0.477759472817133
295_Gorai.004G246800.1_Paqua_3	182	0/1	6	14	NA	20	6070	29	30	70	NA	0.477759472817133
295_Gorai.004G246800.1_Paqua_3	188	0/1	6	14	NA	20	6070	29	30	70	NA	0.477759472817133
295_Gorai.004G246800.1_Paqua_3	194	0/1	6	15	NA	21	6070	29	29	71	NA	0.477759472817133
295_Gorai.004G246800.1_Paqua_3	197	0/1	4	15	NA	19	6070	29	21	79	NA	0.477759472817133
295_Gorai.004G246800.1_Paqua_3	203	1/1	2	16	NA	18	6070	29	11	89	NA	0.477759472817133
295_Gorai.004G246800.1_Paqua_3	218	1/1	1	17	NA	18	6070	29	6	94	NA	0.477759472817133
295_Gorai.004G246800.1_Paqua_3	221	1/1	1	17	NA	18	6070	29	6	94	NA	0.477759472817133
295_Gorai.004G246800.1_Paqua_3	229	1/1	1	17	NA	18	6070	29	6	94	NA	0.477759472817133
295_Gorai.004G246800.1_Paqua_3	230	1/1	1	17	NA	18	6070	29	6	94	NA	0.477759472817133
295_Gorai.004G246800.1_Paqua_3	233	1/1	1	17	NA	18	6070	29	6	94	NA	0.477759472817133
295_Gorai.004G246800.1_Paqua_3	260	1/1	1	22	NA	23	6070	29	4	96	NA	0.477759472817133
295_Gorai.004G246800.1_Paqua_3	286	1/1	1	22	NA	23	6070	29	4	96	NA	0.477759472817133
295_Gorai.004G246800.1_Paqua_3	288	1/1	1	22	NA	23	6070	29	4	96	NA	0.477759472817133
295_Gorai.004G246800.1_Paqua_3	317	1/1	3	21	NA	24	6070	29	12	88	NA	0.477759472817133
295_Gorai.004G246800.1_Paqua_3	333	1/1	1	21	NA	22	6070	29	5	95	NA	0.477759472817133
295_Gorai.004G246800.1_Paqua_3	359	1/1	1	19	NA	20	6070	29	5	95	NA	0.477759472817133
295_Gorai.004G246800.1_Paqua_3	370	1/1	1	19	NA	20	6070	29	5	95	NA	0.477759472817133
295_Gorai.004G246800.1_Paqua_3	788	1/1	0	69	NA	69	6070	29	0	100	NA	0.477759472817133
295_Gorai.004G246800.1_Paqua_3	815	1/1	0	77	NA	77	6070	29	0	100	NA	0.477759472817133
295_Gorai.004G246800.1_Paqua_3	890	1/1	0	84	NA	84	6070	29	0	100	NA	0.477759472817133
295_Gorai.004G246800.1_Paqua_3	993	1/1	0	85	NA	85	6070	29	0	100	NA	0.477759472817133
295_Gorai.004G246800.1_Paqua_3	995	1/1	0	84	NA	84	6070	29	0	100	NA	0.477759472817133
2952_Gorai.003G119600.1_Paqua	44	1/1	8	6	NA	14	3180	12	57	43	NA	0.377358490566038
2952_Gorai.003G119600.1_Paqua	45	1/1	8	6	NA	14	3180	12	57	43	NA	0.377358490566038
2952_Gorai.003G119600.1_Paqua	54	1/1	8	8	NA	16	3180	12	50	50	NA	0.377358490566038
2952_Gorai.003G119600.1_Paqua	56	1/1	8	8	NA	16	3180	12	50	50	NA	0.377358490566038
2952_Gorai.003G119600.1_Paqua	65	1/1	6	10	NA	16	3180	12	38	62	NA	0.377358490566038
2952_Gorai.003G119600.1_Paqua	72	1/1	6	10	NA	16	3180	12	38	62	NA	0.377358490566038
2952_Gorai.003G119600.1_Paqua	75	1/1	6	10	NA	16	3180	12	38	62	NA	0.377358490566038
2952_Gorai.003G119600.1_Paqua	92	1/1	5	14	NA	19	3180	12	26	74	NA	0.377358490566038
2952_Gorai.003G119600.1_Paqua	119	1/1	0	17	NA	17	3180	12	0	100	NA	0.377358490566038
2952_Gorai.003G119600.1_Paqua	148	1/1	0	23	NA	23	3180	12	0	100	NA	0.377358490566038
2952_Gorai.003G119600.1_Paqua	170	1/1	0	23	NA	23	3180	12	0	100	NA	0.377358490566038
2952_Gorai.003G119600.1_Paqua	203	1/1	0	21	NA	21	3180	12	0	100	NA	0.377358490566038
2952_Gorai.003G119600.1_Paqua_3	39	0/1	12	5	NA	17	3180	6	71	29	NA	0.188679245283019
2952_Gorai.003G119600.1_Paqua_3	92	1/1	1	25	NA	26	3180	6	4	96	NA	0.188679245283019
2952_Gorai.003G119600.1_Paqua_3	119	1/1	1	28	NA	29	3180	6	3	97	NA	0.188679245283019
2952_Gorai.003G119600.1_Paqua_3	148	1/1	0	31	NA	31	3180	6	0	100	NA	0.188679245283019
2952_Gorai.003G119600.1_Paqua_3	170	1/1	1	29	NA	30	3180	6	3	97	NA	0.188679245283019
2952_Gorai.003G119600.1_Paqua_3	203	1/1	1	24	NA	25	3180	6	4	96	NA	0.188679245283019
3168_Gorai.013G033700.2_P1_Paqua	694	0/1	22	14	NA	36	2496	23	61	39	NA	0.921474358974359
3168_Gorai.013G033700.2_P1_Paqua	1622	0/1	16	35	NA	51	2496	23	31	69	NA	0.921474358974359
3168_Gorai.013G033700.2_P1_Paqua	1637	0/1	16	39	NA	55	2496	23	29	71	NA	0.921474358974359
3168_Gorai.013G033700.2_P1_Paqua	1639	0/1	16	41	NA	57	2496	23	28	72	NA	0.921474358974359
3168_Gorai.013G033700.2_P1_Paqua	1658	0/1	16	45	NA	61	2496	23	26	74	NA	0.921474358974359
3168_Gorai.013G033700.2_P1_Paqua	1667	0/1	16	45	NA	61	2496	23	26	74	NA	0.921474358974359
3168_Gorai.013G033700.2_P1_Paqua	1673	0/1	16	45	NA	61	2496	23	26	74	NA	0.921474358974359
3168_Gorai.013G033700.2_P1_Paqua	1679	0/1	16	47	NA	63	2496	23	25	75	NA	0.921474358974359
3168_Gorai.013G033700.2_P1_Paqua	1722	0/1	16	41	NA	57	2496	23	28	72	NA	0.921474358974359
3168_Gorai.013G033700.2_P1_Paqua	1754	0/1	16	34	NA	50	2496	23	32	68	NA	0.921474358974359
3168_Gorai.013G033700.2_P1_Paqua	1758	0/1	16	33	NA	49	2496	23	33	67	NA	0.921474358974359
3168_Gorai.013G033700.2_P1_Paqua	1759	0/1	16	33	NA	49	2496	23	33	67	NA	0.921474358974359
3168_Gorai.013G033700.2_P1_Paqua	1764	0/1	16	33	NA	49	2496	23	33	67	NA	0.921474358974359
3168_Gorai.013G033700.2_P1_Paqua	1773	0/1	18	31	NA	49	2496	23	37	63	NA	0.921474358974359
3168_Gorai.013G033700.2_P1_Paqua	1782	0/1	19	21	NA	40	2496	23	48	52	NA	0.921474358974359
3168_Gorai.013G033700.2_P1_Paqua	1785	0/1	19	20	NA	39	2496	23	49	51	NA	0.921474358974359
3168_Gorai.013G033700.2_P1_Paqua	1786	0/1	19	20	NA	39	2496	23	49	51	NA	0.921474358974359
3168_Gorai.013G033700.2_P1_Paqua	1792	0/1	18	20	NA	38	2496	23	47	53	NA	0.921474358974359
3168_Gorai.013G033700.2_P1_Paqua	1797	0/1	19	20	NA	39	2496	23	49	51	NA	0.921474358974359
3168_Gorai.013G033700.2_P1_Paqua	1804	0/1	18	19	NA	37	2496	23	49	51	NA	0.921474358974359
3168_Gorai.013G033700.2_P1_Paqua	1808	0/1	18	19	NA	37	2496	23	49	51	NA	0.921474358974359
3168_Gorai.013G033700.2_P1_Paqua	1821	0/1	15	12	NA	27	2496	23	56	44	NA	0.921474358974359
3168_Gorai.013G033700.2_P1_Paqua	2242	0/1	6	4	NA	10	2496	23	60	40	NA	0.921474358974359
3168_Gorai.013G033700.2_P2_Paqua	635	0/1	13	3	NA	16	3142	18	81	19	NA	0.572883513685551
3168_Gorai.013G033700.2_P2_Paqua	650	0/1	19	4	NA	23	3142	18	83	17	NA	0.572883513685551
3168_Gorai.013G033700.2_P2_Paqua	652	0/1	20	4	NA	24	3142	18	83	17	NA	0.572883513685551
3168_Gorai.013G033700.2_P2_Paqua	658	0/1	21	5	NA	26	3142	18	81	19	NA	0.572883513685551
3168_Gorai.013G033700.2_P2_Paqua	676	0/1	25	6	NA	31	3142	18	81	19	NA	0.572883513685551
3168_Gorai.013G033700.2_P2_Paqua	680	0/1	25	6	NA	31	3142	18	81	19	NA	0.572883513685551
3168_Gorai.013G033700.2_P2_Paqua	682	0/1	26	6	NA	32	3142	18	81	19	NA	0.572883513685551
3168_Gorai.013G033700.2_P2_Paqua	703	0/1	30	10	NA	40	3142	18	75	25	NA	0.572883513685551
3168_Gorai.013G033700.2_P2_Paqua	727	0/1	30	10	NA	40	3142	18	75	25	NA	0.572883513685551
3168_Gorai.013G033700.2_P2_Paqua	730	0/1	30	10	NA	40	3142	18	75	25	NA	0.572883513685551
3168_Gorai.013G033700.2_P2_Paqua	751	0/1	29	11	NA	40	3142	18	72	28	NA	0.572883513685551
3168_Gorai.013G033700.2_P2_Paqua	2097	0/1	21	10	NA	31	3142	18	68	32	NA	0.572883513685551
3168_Gorai.013G033700.2_P2_Paqua	3020	0/1	7	5	NA	12	3142	18	58	42	NA	0.572883513685551
3168_Gorai.013G033700.2_P2_Paqua	3032	0/1	8	5	NA	13	3142	18	62	38	NA	0.572883513685551
3168_Gorai.013G033700.2_P2_Paqua	3047	0/1	8	5	NA	13	3142	18	62	38	NA	0.572883513685551
3168_Gorai.013G033700.2_P2_Paqua	3080	0/1	8	3	NA	11	3142	18	73	27	NA	0.572883513685551
3168_Gorai.013G033700.2_P2_Paqua	3101	0/1	8	3	NA	11	3142	18	73	27	NA	0.572883513685551
3168_Gorai.013G033700.2_P2_Paqua	3113	0/1	8	3	NA	11	3142	18	73	27	NA	0.572883513685551
3180_Gorai.004G175500.1_P1_Paqua_3	858	1/1	14	42	NA	56	1393	2	25	75	NA	0.143575017946877
3180_Gorai.004G175500.1_P1_Paqua_3	869	1/1	10	45	NA	55	1393	2	18	82	NA	0.143575017946877
3275_Gorai.006G000100.1_Paqua	97	0/1	27	6	NA	33	4647	42	82	18	NA	0.903808908973531
3275_Gorai.006G000100.1_Paqua	106	0/1	30	9	NA	39	4647	42	77	23	NA	0.903808908973531
3275_Gorai.006G000100.1_Paqua	118	0/1	34	9	NA	43	4647	42	79	21	NA	0.903808908973531
3275_Gorai.006G000100.1_Paqua	142	0/1	38	9	NA	47	4647	42	81	19	NA	0.903808908973531
3275_Gorai.006G000100.1_Paqua	147	0/1	41	9	NA	50	4647	42	82	18	NA	0.903808908973531
3275_Gorai.006G000100.1_Paqua	150	0/1	44	9	NA	53	4647	42	83	17	NA	0.903808908973531
3275_Gorai.006G000100.1_Paqua	157	0/1	48	9	NA	57	4647	42	84	16	NA	0.903808908973531
3275_Gorai.006G000100.1_Paqua	172	0/1	49	9	NA	58	4647	42	84	16	NA	0.903808908973531
3275_Gorai.006G000100.1_Paqua	179	0/1	50	10	NA	60	4647	42	83	17	NA	0.903808908973531
3275_Gorai.006G000100.1_Paqua	182	0/1	52	10	NA	62	4647	42	84	16	NA	0.903808908973531
3275_Gorai.006G000100.1_Paqua	216	0/1	51	10	NA	61	4647	42	84	16	NA	0.903808908973531
3275_Gorai.006G000100.1_Paqua	945	1/1	0	3	NA	3	4647	42	0	100	NA	0.903808908973531
3275_Gorai.006G000100.1_Paqua	1032	0/1	45	6	NA	51	4647	42	88	12	NA	0.903808908973531
3275_Gorai.006G000100.1_Paqua	1035	0/1	47	6	NA	53	4647	42	89	11	NA	0.903808908973531
3275_Gorai.006G000100.1_Paqua	1067	0/1	61	8	NA	69	4647	42	88	12	NA	0.903808908973531
3275_Gorai.006G000100.1_Paqua	1133	0/1	71	8	NA	79	4647	42	90	10	NA	0.903808908973531
3275_Gorai.006G000100.1_Paqua	2716	0/1	6	4	NA	10	4647	42	60	40	NA	0.903808908973531
3275_Gorai.006G000100.1_Paqua	2721	0/1	6	4	NA	10	4647	42	60	40	NA	0.903808908973531
3275_Gorai.006G000100.1_Paqua	2724	0/1	6	4	NA	10	4647	42	60	40	NA	0.903808908973531
3275_Gorai.006G000100.1_Paqua	2732	0/1	7	4	NA	11	4647	42	64	36	NA	0.903808908973531
3275_Gorai.006G000100.1_Paqua	2760	0/1	7	4	NA	11	4647	42	64	36	NA	0.903808908973531
3275_Gorai.006G000100.1_Paqua	2762	0/1	7	4	NA	11	4647	42	64	36	NA	0.903808908973531
3275_Gorai.006G000100.1_Paqua	2777	0/1	7	4	NA	11	4647	42	64	36	NA	0.903808908973531
3275_Gorai.006G000100.1_Paqua	2789	0/1	7	4	NA	11	4647	42	64	36	NA	0.903808908973531
3275_Gorai.006G000100.1_Paqua	2825	0/1	7	4	NA	11	4647	42	64	36	NA	0.903808908973531
3275_Gorai.006G000100.1_Paqua	3306	0/1	49	13	NA	62	4647	42	79	21	NA	0.903808908973531
3275_Gorai.006G000100.1_Paqua	3317	0/1	52	13	NA	65	4647	42	80	20	NA	0.903808908973531
3275_Gorai.006G000100.1_Paqua	3318	0/1	52	13	NA	65	4647	42	80	20	NA	0.903808908973531
3275_Gorai.006G000100.1_Paqua	3319	0/1	53	13	NA	66	4647	42	80	20	NA	0.903808908973531
3275_Gorai.006G000100.1_Paqua	3349	0/1	63	20	NA	83	4647	42	76	24	NA	0.903808908973531
3275_Gorai.006G000100.1_Paqua	3357	0/1	64	22	NA	86	4647	42	74	26	NA	0.903808908973531
3275_Gorai.006G000100.1_Paqua	3358	0/1	65	21	NA	86	4647	42	76	24	NA	0.903808908973531
3275_Gorai.006G000100.1_Paqua	3365	0/1	66	22	NA	88	4647	42	75	25	NA	0.903808908973531
3275_Gorai.006G000100.1_Paqua	3443	0/1	87	28	NA	115	4647	42	76	24	NA	0.903808908973531
3275_Gorai.006G000100.1_Paqua	3445	0/1	88	28	NA	116	4647	42	76	24	NA	0.903808908973531
3275_Gorai.006G000100.1_Paqua	3476	0/1	87	27	NA	114	4647	42	76	24	NA	0.903808908973531
3275_Gorai.006G000100.1_Paqua	3485	0/1	85	27	NA	112	4647	42	76	24	NA	0.903808908973531
3275_Gorai.006G000100.1_Paqua	3486	0/1	101	11	NA	112	4647	42	90	10	NA	0.903808908973531
3275_Gorai.006G000100.1_Paqua	3492	0/1	97	15	NA	112	4647	42	87	13	NA	0.903808908973531
3275_Gorai.006G000100.1_Paqua	3506	0/1	97	9	NA	106	4647	42	92	8	NA	0.903808908973531
3275_Gorai.006G000100.1_Paqua	3538	0/1	87	16	NA	103	4647	42	84	16	NA	0.903808908973531
3275_Gorai.006G000100.1_Paqua	3542	0/1	84	15	NA	99	4647	42	85	15	NA	0.903808908973531
3351_Gorai.012G128100.3_P1_Paqua	29	0/1	5	6	NA	11	806	11	45	55	NA	1.36476426799007
3351_Gorai.012G128100.3_P1_Paqua	47	0/1	7	6	NA	13	806	11	54	46	NA	1.36476426799007
3351_Gorai.012G128100.3_P1_Paqua	48	0/1	7	6	NA	13	806	11	54	46	NA	1.36476426799007
3351_Gorai.012G128100.3_P1_Paqua	56	0/1	7	6	NA	13	806	11	54	46	NA	1.36476426799007
3351_Gorai.012G128100.3_P1_Paqua	60	0/1	7	6	NA	13	806	11	54	46	NA	1.36476426799007
3351_Gorai.012G128100.3_P1_Paqua	77	0/1	7	6	NA	13	806	11	54	46	NA	1.36476426799007
3351_Gorai.012G128100.3_P1_Paqua	96	0/1	8	6	NA	14	806	11	57	43	NA	1.36476426799007
3351_Gorai.012G128100.3_P1_Paqua	99	0/1	8	6	NA	14	806	11	57	43	NA	1.36476426799007
3351_Gorai.012G128100.3_P1_Paqua	110	0/1	8	6	NA	14	806	11	57	43	NA	1.36476426799007
3351_Gorai.012G128100.3_P1_Paqua	149	0/1	11	5	NA	16	806	11	69	31	NA	1.36476426799007
3351_Gorai.012G128100.3_P1_Paqua	397	0/1	16	10	NA	26	806	11	62	38	NA	1.36476426799007
3505_Gorai.009G172900.1_P1_Paqua	225	1/1	0	34	NA	34	2614	2	0	100	NA	0.0765110941086457
3505_Gorai.009G172900.1_P1_Paqua	278	0/1	17	12	NA	29	2614	2	59	41	NA	0.0765110941086457
3505_Gorai.009G172900.1_P1_Paqua_3	24	1/1	0	4	NA	4	2614	18	0	100	NA	0.688599846977812
3505_Gorai.009G172900.1_P1_Paqua_3	71	1/1	0	4	NA	4	2614	18	0	100	NA	0.688599846977812
3505_Gorai.009G172900.1_P1_Paqua_3	140	1/1	0	8	NA	8	2614	18	0	100	NA	0.688599846977812
3505_Gorai.009G172900.1_P1_Paqua_3	155	1/1	0	11	NA	11	2614	18	0	100	NA	0.688599846977812
3505_Gorai.009G172900.1_P1_Paqua_3	164	1/1	0	10	NA	10	2614	18	0	100	NA	0.688599846977812
3505_Gorai.009G172900.1_P1_Paqua_3	166	1/1	0	11	NA	11	2614	18	0	100	NA	0.688599846977812
3505_Gorai.009G172900.1_P1_Paqua_3	168	1/1	0	11	NA	11	2614	18	0	100	NA	0.688599846977812
3505_Gorai.009G172900.1_P1_Paqua_3	171	1/1	0	11	NA	11	2614	18	0	100	NA	0.688599846977812
3505_Gorai.009G172900.1_P1_Paqua_3	225	1/1	0	17	NA	17	2614	18	0	100	NA	0.688599846977812
3505_Gorai.009G172900.1_P1_Paqua_3	330	1/1	3	10	NA	13	2614	18	23	77	NA	0.688599846977812
3505_Gorai.009G172900.1_P1_Paqua_3	332	1/1	2	11	NA	13	2614	18	15	85	NA	0.688599846977812
3505_Gorai.009G172900.1_P1_Paqua_3	362	1/1	7	5	NA	12	2614	18	58	42	NA	0.688599846977812
3505_Gorai.009G172900.1_P1_Paqua_3	367	1/1	8	4	NA	12	2614	18	67	33	NA	0.688599846977812
3505_Gorai.009G172900.1_P1_Paqua_3	380	1/1	8	3	NA	11	2614	18	73	27	NA	0.688599846977812
3505_Gorai.009G172900.1_P1_Paqua_3	1905	1/1	8	24	NA	32	2614	18	25	75	NA	0.688599846977812
3505_Gorai.009G172900.1_P1_Paqua_3	1917	1/1	4	29	NA	33	2614	18	12	88	NA	0.688599846977812
3505_Gorai.009G172900.1_P1_Paqua_3	1953	1/1	2	35	NA	37	2614	18	5	95	NA	0.688599846977812
3505_Gorai.009G172900.1_P1_Paqua_3	2388	1/1	1	20	NA	21	2614	18	5	95	NA	0.688599846977812
3505_Gorai.009G172900.1_P2_Paqua	427	1/1	5	15	NA	20	2851	16	25	75	NA	0.561206594177482
3505_Gorai.009G172900.1_P2_Paqua	580	1/1	0	12	NA	12	2851	16	0	100	NA	0.561206594177482
3505_Gorai.009G172900.1_P2_Paqua	1991	1/1	14	14	NA	28	2851	16	50	50	NA	0.561206594177482
3505_Gorai.009G172900.1_P2_Paqua	1993	1/1	14	13	NA	27	2851	16	52	48	NA	0.561206594177482
3505_Gorai.009G172900.1_P2_Paqua	2031	1/1	9	15	NA	24	2851	16	38	62	NA	0.561206594177482
3505_Gorai.009G172900.1_P2_Paqua	2080	1/1	5	24	NA	29	2851	16	17	83	NA	0.561206594177482
3505_Gorai.009G172900.1_P2_Paqua	2092	1/1	5	28	NA	33	2851	16	15	85	NA	0.561206594177482
3505_Gorai.009G172900.1_P2_Paqua	2128	1/1	3	37	NA	40	2851	16	8	92	NA	0.561206594177482
3505_Gorai.009G172900.1_P2_Paqua	2197	1/1	0	56	NA	56	2851	16	0	100	NA	0.561206594177482
3505_Gorai.009G172900.1_P2_Paqua	2323	1/1	0	50	NA	50	2851	16	0	100	NA	0.561206594177482
3505_Gorai.009G172900.1_P2_Paqua	2326	1/1	0	51	NA	51	2851	16	0	100	NA	0.561206594177482
3505_Gorai.009G172900.1_P2_Paqua	2407	1/1	0	30	NA	30	2851	16	0	100	NA	0.561206594177482
3505_Gorai.009G172900.1_P2_Paqua	2434	1/1	0	21	NA	21	2851	16	0	100	NA	0.561206594177482
3505_Gorai.009G172900.1_P2_Paqua	2443	1/1	0	20	NA	20	2851	16	0	100	NA	0.561206594177482
3505_Gorai.009G172900.1_P2_Paqua	2524	1/1	0	20	NA	20	2851	16	0	100	NA	0.561206594177482
3505_Gorai.009G172900.1_P2_Paqua	2563	1/1	0	23	NA	23	2851	16	0	100	NA	0.561206594177482
4304_Gorai.010G125400.1_Paqua_3	1279	0/1	6	6	NA	12	2200	26	50	50	NA	1.18181818181818
4304_Gorai.010G125400.1_Paqua_3	1281	0/1	6	6	NA	12	2200	26	50	50	NA	1.18181818181818
4304_Gorai.010G125400.1_Paqua_3	1282	0/1	6	6	NA	12	2200	26	50	50	NA	1.18181818181818
4304_Gorai.010G125400.1_Paqua_3	1287	0/1	9	6	NA	15	2200	26	60	40	NA	1.18181818181818
4304_Gorai.010G125400.1_Paqua_3	1291	0/1	11	6	NA	17	2200	26	65	35	NA	1.18181818181818
4304_Gorai.010G125400.1_Paqua_3	1303	0/1	8	14	NA	22	2200	26	36	64	NA	1.18181818181818
4304_Gorai.010G125400.1_Paqua_3	1312	0/1	17	8	NA	25	2200	26	68	32	NA	1.18181818181818
4304_Gorai.010G125400.1_Paqua_3	1327	0/1	19	8	NA	27	2200	26	70	30	NA	1.18181818181818
4304_Gorai.010G125400.1_Paqua_3	1330	0/1	19	8	NA	27	2200	26	70	30	NA	1.18181818181818
4304_Gorai.010G125400.1_Paqua_3	1331	0/1	9	19	NA	28	2200	26	32	68	NA	1.18181818181818
4304_Gorai.010G125400.1_Paqua_3	1332	1/2	0	9	19	28	2200	26	0	32	68	1.18181818181818
4304_Gorai.010G125400.1_Paqua_3	1346	0/1	22	10	NA	32	2200	26	69	31	NA	1.18181818181818
4304_Gorai.010G125400.1_Paqua_3	1360	0/1	10	23	NA	33	2200	26	30	70	NA	1.18181818181818
4304_Gorai.010G125400.1_Paqua_3	1363	0/1	9	23	NA	32	2200	26	28	72	NA	1.18181818181818
4304_Gorai.010G125400.1_Paqua_3	1365	0/1	9	23	NA	32	2200	26	28	72	NA	1.18181818181818
4304_Gorai.010G125400.1_Paqua_3	1374	0/1	24	9	NA	33	2200	26	73	27	NA	1.18181818181818
4304_Gorai.010G125400.1_Paqua_3	1384	0/1	11	24	NA	35	2200	26	31	69	NA	1.18181818181818
4304_Gorai.010G125400.1_Paqua_3	1411	1/1	5	25	NA	30	2200	26	17	83	NA	1.18181818181818
4304_Gorai.010G125400.1_Paqua_3	1445	1/1	16	21	NA	37	2200	26	43	57	NA	1.18181818181818
4304_Gorai.010G125400.1_Paqua_3	1453	0/1	16	20	NA	36	2200	26	44	56	NA	1.18181818181818
4304_Gorai.010G125400.1_Paqua_3	1455	0/1	16	20	NA	36	2200	26	44	56	NA	1.18181818181818
4304_Gorai.010G125400.1_Paqua_3	1461	0/1	16	20	NA	36	2200	26	44	56	NA	1.18181818181818
4304_Gorai.010G125400.1_Paqua_3	1470	0/1	18	19	NA	37	2200	26	49	51	NA	1.18181818181818
4304_Gorai.010G125400.1_Paqua_3	1471	0/1	17	19	NA	36	2200	26	47	53	NA	1.18181818181818
4304_Gorai.010G125400.1_Paqua_3	1486	1/1	20	20	NA	40	2200	26	50	50	NA	1.18181818181818
4304_Gorai.010G125400.1_Paqua_3	1517	1/1	20	15	NA	35	2200	26	57	43	NA	1.18181818181818
4306_Gorai.007G049400.1_Paqua	4228	0/1	1	2	NA	3	5132	1	33	67	NA	0.019485580670304
4348_Gorai.013G260900.1_P1_Paqua	1784	1/1	0	7	NA	7	4751	11	0	100	NA	0.231530204167544
4348_Gorai.013G260900.1_P1_Paqua	1829	1/1	0	12	NA	12	4751	11	0	100	NA	0.231530204167544
4348_Gorai.013G260900.1_P1_Paqua	1838	1/1	0	10	NA	10	4751	11	0	100	NA	0.231530204167544
4348_Gorai.013G260900.1_P1_Paqua	1898	0/1	6	9	NA	15	4751	11	40	60	NA	0.231530204167544
4348_Gorai.013G260900.1_P1_Paqua	1908	0/1	6	9	NA	15	4751	11	40	60	NA	0.231530204167544
4348_Gorai.013G260900.1_P1_Paqua	1929	0/1	7	9	NA	16	4751	11	44	56	NA	0.231530204167544
4348_Gorai.013G260900.1_P1_Paqua	1938	0/1	8	8	NA	16	4751	11	50	50	NA	0.231530204167544
4348_Gorai.013G260900.1_P1_Paqua	1944	0/1	8	8	NA	16	4751	11	50	50	NA	0.231530204167544
4348_Gorai.013G260900.1_P1_Paqua	2057	1/1	0	10	NA	10	4751	11	0	100	NA	0.231530204167544
4348_Gorai.013G260900.1_P1_Paqua	2091	1/1	0	6	NA	6	4751	11	0	100	NA	0.231530204167544
4348_Gorai.013G260900.1_P1_Paqua	3600	0/1	26	12	NA	38	4751	11	68	32	NA	0.231530204167544
4348_Gorai.013G260900.1_P1_Paqua_3	1784	1/1	0	7	NA	7	4751	16	0	100	NA	0.336771206061882
4348_Gorai.013G260900.1_P1_Paqua_3	1798	0/1	6	3	NA	9	4751	16	67	33	NA	0.336771206061882
4348_Gorai.013G260900.1_P1_Paqua_3	1829	1/1	0	11	NA	11	4751	16	0	100	NA	0.336771206061882
4348_Gorai.013G260900.1_P1_Paqua_3	1838	1/1	0	12	NA	12	4751	16	0	100	NA	0.336771206061882
4348_Gorai.013G260900.1_P1_Paqua_3	2091	1/1	0	16	NA	16	4751	16	0	100	NA	0.336771206061882
4348_Gorai.013G260900.1_P1_Paqua_3	2795	0/1	49	9	NA	58	4751	16	84	16	NA	0.336771206061882
4348_Gorai.013G260900.1_P1_Paqua_3	2821	0/1	49	9	NA	58	4751	16	84	16	NA	0.336771206061882
4348_Gorai.013G260900.1_P1_Paqua_3	2836	0/1	47	9	NA	56	4751	16	84	16	NA	0.336771206061882
4348_Gorai.013G260900.1_P1_Paqua_3	2842	0/1	46	9	NA	55	4751	16	84	16	NA	0.336771206061882
4348_Gorai.013G260900.1_P1_Paqua_3	2851	0/1	45	9	NA	54	4751	16	83	17	NA	0.336771206061882
4348_Gorai.013G260900.1_P1_Paqua_3	2852	0/1	46	9	NA	55	4751	16	84	16	NA	0.336771206061882
4348_Gorai.013G260900.1_P1_Paqua_3	2863	0/1	44	9	NA	53	4751	16	83	17	NA	0.336771206061882
4348_Gorai.013G260900.1_P1_Paqua_3	2884	0/1	41	10	NA	51	4751	16	80	20	NA	0.336771206061882
4348_Gorai.013G260900.1_P1_Paqua_3	2899	0/1	39	8	NA	47	4751	16	83	17	NA	0.336771206061882
4348_Gorai.013G260900.1_P1_Paqua_3	2908	0/1	40	7	NA	47	4751	16	85	15	NA	0.336771206061882
4348_Gorai.013G260900.1_P1_Paqua_3	2935	1/1	33	5	NA	38	4751	16	87	13	NA	0.336771206061882
443_Gorai.006G135500.1_Paqua	5472	0/1	6	3	NA	9	5751	1	67	33	NA	0.0173882802990784
4453_Gorai.002G114100.1_Paqua	988	1/1	3	28	NA	31	3227	3	10	90	NA	0.092965602726991
4453_Gorai.002G114100.1_Paqua	1442	1/1	3	26	NA	29	3227	3	10	90	NA	0.092965602726991
4453_Gorai.002G114100.1_Paqua	1443	1/1	3	26	NA	29	3227	3	10	90	NA	0.092965602726991
4453_Gorai.002G114100.1_Paqua_3	988	1/1	6	16	NA	22	3227	1	27	73	NA	0.0309885342423303
4874_Gorai.011G067700.3_Paqua	2515	1/1	0	8	NA	8	3092	12	0	100	NA	0.388098318240621
4874_Gorai.011G067700.3_Paqua	2530	1/1	0	14	NA	14	3092	12	0	100	NA	0.388098318240621
4874_Gorai.011G067700.3_Paqua	2576	1/1	0	27	NA	27	3092	12	0	100	NA	0.388098318240621
4874_Gorai.011G067700.3_Paqua	2609	1/1	0	36	NA	36	3092	12	0	100	NA	0.388098318240621
4874_Gorai.011G067700.3_Paqua	2708	1/1	21	45	NA	66	3092	12	32	68	NA	0.388098318240621
4874_Gorai.011G067700.3_Paqua	2750	1/1	37	42	NA	79	3092	12	47	53	NA	0.388098318240621
4874_Gorai.011G067700.3_Paqua	2786	0/1	55	28	NA	83	3092	12	66	34	NA	0.388098318240621
4874_Gorai.011G067700.3_Paqua	2822	0/1	68	15	NA	83	3092	12	82	18	NA	0.388098318240621
4874_Gorai.011G067700.3_Paqua	2823	0/1	69	15	NA	84	3092	12	82	18	NA	0.388098318240621
4874_Gorai.011G067700.3_Paqua	2825	0/1	69	15	NA	84	3092	12	82	18	NA	0.388098318240621
4874_Gorai.011G067700.3_Paqua	2837	0/1	69	15	NA	84	3092	12	82	18	NA	0.388098318240621
4874_Gorai.011G067700.3_Paqua	2854	0/1	72	11	NA	83	3092	12	87	13	NA	0.388098318240621
4874_Gorai.011G067700.3_Paqua_3	2576	1/1	0	50	NA	50	3092	5	0	100	NA	0.161707632600259
4874_Gorai.011G067700.3_Paqua_3	2609	1/1	0	57	NA	57	3092	5	0	100	NA	0.161707632600259
4874_Gorai.011G067700.3_Paqua_3	2708	1/1	15	57	NA	72	3092	5	21	79	NA	0.161707632600259
4874_Gorai.011G067700.3_Paqua_3	2750	1/1	22	45	NA	67	3092	5	33	67	NA	0.161707632600259
4874_Gorai.011G067700.3_Paqua_3	2786	1/1	26	28	NA	54	3092	5	48	52	NA	0.161707632600259
5129_Gorai.008G298300.1_Paqua	11	1/1	0	2	NA	2	2460	1	0	100	NA	0.040650406504065
5302_Gorai.011G200900.2_Paqua	34	0/1	5	4	NA	9	2068	3	56	44	NA	0.145067698259188
5302_Gorai.011G200900.2_Paqua	285	0/1	12	5	NA	17	2068	3	71	29	NA	0.145067698259188
5302_Gorai.011G200900.2_Paqua	347	0/1	11	4	NA	15	2068	3	73	27	NA	0.145067698259188
5533_Gorai.003G156900.1_P1_Paqua	425	1/1	0	24	NA	24	2249	2	0	100	NA	0.0889284126278346
5533_Gorai.003G156900.1_P1_Paqua	493	1/1	0	18	NA	18	2249	2	0	100	NA	0.0889284126278346
5533_Gorai.003G156900.1_P1_Paqua_3	283	1/1	19	6	NA	25	2249	11	76	24	NA	0.48910626945309
5533_Gorai.003G156900.1_P1_Paqua_3	308	1/1	17	10	NA	27	2249	11	63	37	NA	0.48910626945309
5533_Gorai.003G156900.1_P1_Paqua_3	313	1/1	16	11	NA	27	2249	11	59	41	NA	0.48910626945309
5533_Gorai.003G156900.1_P1_Paqua_3	343	0/1	18	7	NA	25	2249	11	72	28	NA	0.48910626945309
5533_Gorai.003G156900.1_P1_Paqua_3	355	1/2	9	8	7	24	2249	11	38	33	29	0.48910626945309
5533_Gorai.003G156900.1_P1_Paqua_3	368	1/1	4	15	NA	19	2249	11	21	79	NA	0.48910626945309
5533_Gorai.003G156900.1_P1_Paqua_3	370	1/1	4	15	NA	19	2249	11	21	79	NA	0.48910626945309
5533_Gorai.003G156900.1_P1_Paqua_3	383	1/1	3	15	NA	18	2249	11	17	83	NA	0.48910626945309
5533_Gorai.003G156900.1_P1_Paqua_3	403	0/1	10	8	NA	18	2249	11	56	44	NA	0.48910626945309
5533_Gorai.003G156900.1_P1_Paqua_3	425	1/1	0	18	NA	18	2249	11	0	100	NA	0.48910626945309
5533_Gorai.003G156900.1_P1_Paqua_3	493	0/1	6	15	NA	21	2249	11	29	71	NA	0.48910626945309
5691_Gorai.012G163300.2_P2_Paqua	20	1/1	0	13	NA	13	2305	4	0	100	NA	0.17353579175705
5691_Gorai.012G163300.2_P2_Paqua	23	1/1	0	13	NA	13	2305	4	0	100	NA	0.17353579175705
5691_Gorai.012G163300.2_P2_Paqua	25	1/1	0	13	NA	13	2305	4	0	100	NA	0.17353579175705
5691_Gorai.012G163300.2_P2_Paqua	31	1/1	0	13	NA	13	2305	4	0	100	NA	0.17353579175705
5691_Gorai.012G163300.2_P2_Paqua_3	31	1/1	0	16	NA	16	2305	4	0	100	NA	0.17353579175705
5691_Gorai.012G163300.2_P2_Paqua_3	55	1/1	0	22	NA	22	2305	4	0	100	NA	0.17353579175705
5691_Gorai.012G163300.2_P2_Paqua_3	57	1/1	0	22	NA	22	2305	4	0	100	NA	0.17353579175705
5691_Gorai.012G163300.2_P2_Paqua_3	61	1/1	0	22	NA	22	2305	4	0	100	NA	0.17353579175705
5895_Gorai.004G031700.6_P2_Paqua	722	1/1	0	9	NA	9	1400	2	0	100	NA	0.142857142857143
5895_Gorai.004G031700.6_P2_Paqua	761	1/1	0	21	NA	21	1400	2	0	100	NA	0.142857142857143
5895_Gorai.004G031700.6_P2_Paqua_3	607	1/1	3	11	NA	14	1400	10	21	79	NA	0.714285714285714
5895_Gorai.004G031700.6_P2_Paqua_3	652	1/1	3	11	NA	14	1400	10	21	79	NA	0.714285714285714
5895_Gorai.004G031700.6_P2_Paqua_3	722	1/1	0	13	NA	13	1400	10	0	100	NA	0.714285714285714
5895_Gorai.004G031700.6_P2_Paqua_3	761	1/1	0	13	NA	13	1400	10	0	100	NA	0.714285714285714
5895_Gorai.004G031700.6_P2_Paqua_3	784	1/1	2	12	NA	14	1400	10	14	86	NA	0.714285714285714
5895_Gorai.004G031700.6_P2_Paqua_3	786	1/1	2	12	NA	14	1400	10	14	86	NA	0.714285714285714
5895_Gorai.004G031700.6_P2_Paqua_3	787	1/1	2	12	NA	14	1400	10	14	86	NA	0.714285714285714
5895_Gorai.004G031700.6_P2_Paqua_3	790	1/1	3	12	NA	15	1400	10	20	80	NA	0.714285714285714
5895_Gorai.004G031700.6_P2_Paqua_3	835	1/1	9	10	NA	19	1400	10	47	53	NA	0.714285714285714
5895_Gorai.004G031700.6_P2_Paqua_3	856	1/1	10	5	NA	15	1400	10	67	33	NA	0.714285714285714
6171_Gorai.008G228900.3_P1_Paqua	566	1/1	1	16	NA	17	2270	2	6	94	NA	0.0881057268722467
6171_Gorai.008G228900.3_P1_Paqua	1339	1/1	18	21	NA	39	2270	2	46	54	NA	0.0881057268722467
6171_Gorai.008G228900.3_P3_Paqua	30	1/1	0	22	NA	22	2098	19	0	100	NA	0.905624404194471
6171_Gorai.008G228900.3_P3_Paqua	31	1/1	0	22	NA	22	2098	19	0	100	NA	0.905624404194471
6171_Gorai.008G228900.3_P3_Paqua	46	1/1	17	26	NA	43	2098	19	40	60	NA	0.905624404194471
6171_Gorai.008G228900.3_P3_Paqua	72	1/1	22	28	NA	50	2098	19	44	56	NA	0.905624404194471
6171_Gorai.008G228900.3_P3_Paqua	93	1/1	18	23	NA	41	2098	19	44	56	NA	0.905624404194471
6171_Gorai.008G228900.3_P3_Paqua	96	1/1	15	26	NA	41	2098	19	37	63	NA	0.905624404194471
6171_Gorai.008G228900.3_P3_Paqua	144	1/1	5	34	NA	39	2098	19	13	87	NA	0.905624404194471
6171_Gorai.008G228900.3_P3_Paqua	234	1/1	14	11	NA	25	2098	19	56	44	NA	0.905624404194471
6171_Gorai.008G228900.3_P3_Paqua	240	1/1	4	19	NA	23	2098	19	17	83	NA	0.905624404194471
6171_Gorai.008G228900.3_P3_Paqua	1411	0/1	32	21	NA	53	2098	19	60	40	NA	0.905624404194471
6171_Gorai.008G228900.3_P3_Paqua	1438	0/1	33	23	NA	56	2098	19	59	41	NA	0.905624404194471
6171_Gorai.008G228900.3_P3_Paqua	1464	0/1	28	29	NA	57	2098	19	49	51	NA	0.905624404194471
6171_Gorai.008G228900.3_P3_Paqua	1500	0/1	29	33	NA	62	2098	19	47	53	NA	0.905624404194471
6171_Gorai.008G228900.3_P3_Paqua	1502	0/1	30	32	NA	62	2098	19	48	52	NA	0.905624404194471
6171_Gorai.008G228900.3_P3_Paqua	1510	0/1	36	27	NA	63	2098	19	57	43	NA	0.905624404194471
6171_Gorai.008G228900.3_P3_Paqua	1524	0/1	24	35	NA	59	2098	19	41	59	NA	0.905624404194471
6171_Gorai.008G228900.3_P3_Paqua	1530	0/1	20	38	NA	58	2098	19	34	66	NA	0.905624404194471
6171_Gorai.008G228900.3_P3_Paqua	1562	1/1	5	41	NA	46	2098	19	11	89	NA	0.905624404194471
6171_Gorai.008G228900.3_P3_Paqua	1689	1/1	2	25	NA	27	2098	19	7	93	NA	0.905624404194471
6171_Gorai.008G228900.3_P3_Paqua_3	240	1/1	0	39	NA	39	2098	7	0	100	NA	0.333651096282173
6171_Gorai.008G228900.3_P3_Paqua_3	1500	0/1	20	32	NA	52	2098	7	38	62	NA	0.333651096282173
6171_Gorai.008G228900.3_P3_Paqua_3	1502	0/1	20	31	NA	51	2098	7	39	61	NA	0.333651096282173
6171_Gorai.008G228900.3_P3_Paqua_3	1524	1/1	15	32	NA	47	2098	7	32	68	NA	0.333651096282173
6171_Gorai.008G228900.3_P3_Paqua_3	1530	1/1	15	33	NA	48	2098	7	31	69	NA	0.333651096282173
6171_Gorai.008G228900.3_P3_Paqua_3	1562	1/1	3	36	NA	39	2098	7	8	92	NA	0.333651096282173
6171_Gorai.008G228900.3_P3_Paqua_3	1796	0/1	1	3	NA	4	2098	7	25	75	NA	0.333651096282173
7126_Gorai.012G081300.2_Paqua_3	1163	1/1	0	21	NA	21	3014	1	0	100	NA	0.033178500331785
7148_Gorai.008G046800.2_Paqua_3	2701	0/1	8	9	NA	17	3462	4	47	53	NA	0.115540150202195
7148_Gorai.008G046800.2_Paqua_3	2772	0/1	18	5	NA	23	3462	4	78	22	NA	0.115540150202195
7148_Gorai.008G046800.2_Paqua_3	2819	0/1	10	12	NA	22	3462	4	45	55	NA	0.115540150202195
7148_Gorai.008G046800.2_Paqua_3	2834	0/1	18	5	NA	23	3462	4	78	22	NA	0.115540150202195
7167_Gorai.001G275200.4_Paqua	11	1/1	1	4	NA	5	1908	1	20	80	NA	0.0524109014675052
7167_Gorai.001G275200.4_Paqua_3	220	1/1	3	6	NA	9	1908	2	33	67	NA	0.10482180293501
7167_Gorai.001G275200.4_Paqua_3	1514	1/1	0	52	NA	52	1908	2	0	100	NA	0.10482180293501
727_Gorai.011G026100.1_Paqua	4527	0/1	10	6	NA	16	5099	1	62	38	NA	0.0196116885663856
7271_Gorai.005G267000.2_P1_Paqua	1305	1/1	28	45	NA	73	2217	22	38	62	NA	0.99233198015336
7271_Gorai.005G267000.2_P1_Paqua	1335	1/1	18	52	NA	70	2217	22	26	74	NA	0.99233198015336
7271_Gorai.005G267000.2_P1_Paqua	1344	1/1	15	53	NA	68	2217	22	22	78	NA	0.99233198015336
7271_Gorai.005G267000.2_P1_Paqua	1345	0/1	32	35	NA	67	2217	22	48	52	NA	0.99233198015336
7271_Gorai.005G267000.2_P1_Paqua	1378	1/1	0	59	NA	59	2217	22	0	100	NA	0.99233198015336
7271_Gorai.005G267000.2_P1_Paqua	1416	0/1	19	38	NA	57	2217	22	33	67	NA	0.99233198015336
7271_Gorai.005G267000.2_P1_Paqua	1929	0/1	2	19	NA	21	2217	22	10	90	NA	0.99233198015336
7271_Gorai.005G267000.2_P1_Paqua	2010	1/1	7	31	NA	38	2217	22	18	82	NA	0.99233198015336
7271_Gorai.005G267000.2_P1_Paqua	2013	1/1	1	37	NA	38	2217	22	3	97	NA	0.99233198015336
7271_Gorai.005G267000.2_P1_Paqua	2022	1/1	7	31	NA	38	2217	22	18	82	NA	0.99233198015336
7271_Gorai.005G267000.2_P1_Paqua	2025	1/1	7	31	NA	38	2217	22	18	82	NA	0.99233198015336
7271_Gorai.005G267000.2_P1_Paqua	2034	1/1	0	31	NA	31	2217	22	0	100	NA	0.99233198015336
7271_Gorai.005G267000.2_P1_Paqua	2037	1/1	0	31	NA	31	2217	22	0	100	NA	0.99233198015336
7271_Gorai.005G267000.2_P1_Paqua	2063	1/1	7	28	NA	35	2217	22	20	80	NA	0.99233198015336
7271_Gorai.005G267000.2_P1_Paqua	2077	1/1	0	35	NA	35	2217	22	0	100	NA	0.99233198015336
7271_Gorai.005G267000.2_P1_Paqua	2092	1/1	7	25	NA	32	2217	22	22	78	NA	0.99233198015336
7271_Gorai.005G267000.2_P1_Paqua	2098	1/1	0	32	NA	32	2217	22	0	100	NA	0.99233198015336
7271_Gorai.005G267000.2_P1_Paqua	2100	1/1	7	25	NA	32	2217	22	22	78	NA	0.99233198015336
7271_Gorai.005G267000.2_P1_Paqua	2127	1/1	7	21	NA	28	2217	22	25	75	NA	0.99233198015336
7271_Gorai.005G267000.2_P1_Paqua	2160	1/1	0	11	NA	11	2217	22	0	100	NA	0.99233198015336
7271_Gorai.005G267000.2_P1_Paqua	2194	1/1	0	10	NA	10	2217	22	0	100	NA	0.99233198015336
7271_Gorai.005G267000.2_P1_Paqua	2208	1/1	1	2	NA	3	2217	22	33	67	NA	0.99233198015336
7271_Gorai.005G267000.2_P1_Paqua_3	1378	1/1	0	90	NA	90	2217	6	0	100	NA	0.27063599458728
7271_Gorai.005G267000.2_P1_Paqua_3	1926	1/1	4	17	NA	21	2217	6	19	81	NA	0.27063599458728
7271_Gorai.005G267000.2_P1_Paqua_3	1929	1/1	0	18	NA	18	2217	6	0	100	NA	0.27063599458728
7271_Gorai.005G267000.2_P1_Paqua_3	2013	1/1	7	41	NA	48	2217	6	15	85	NA	0.27063599458728
7271_Gorai.005G267000.2_P1_Paqua_3	2077	1/1	4	45	NA	49	2217	6	8	92	NA	0.27063599458728
7271_Gorai.005G267000.2_P1_Paqua_3	2098	1/1	2	44	NA	46	2217	6	4	96	NA	0.27063599458728
7369_Gorai.009G002100.4_Paqua	30	0/1	24	20	NA	44	1648	26	55	45	NA	1.57766990291262
7369_Gorai.009G002100.4_Paqua	42	0/1	24	25	NA	49	1648	26	49	51	NA	1.57766990291262
7369_Gorai.009G002100.4_Paqua	147	0/1	51	62	NA	113	1648	26	45	55	NA	1.57766990291262
7369_Gorai.009G002100.4_Paqua	150	0/1	52	64	NA	116	1648	26	45	55	NA	1.57766990291262
7369_Gorai.009G002100.4_Paqua	191	1/1	43	98	NA	141	1648	26	30	70	NA	1.57766990291262
7369_Gorai.009G002100.4_Paqua	249	1/1	77	81	NA	158	1648	26	49	51	NA	1.57766990291262
7369_Gorai.009G002100.4_Paqua	264	1/1	84	79	NA	163	1648	26	52	48	NA	1.57766990291262
7369_Gorai.009G002100.4_Paqua	348	1/1	77	86	NA	163	1648	26	47	53	NA	1.57766990291262
7369_Gorai.009G002100.4_Paqua	447	1/1	58	101	NA	159	1648	26	36	64	NA	1.57766990291262
7369_Gorai.009G002100.4_Paqua	453	1/1	56	106	NA	162	1648	26	35	65	NA	1.57766990291262
7369_Gorai.009G002100.4_Paqua	517	1/1	51	99	NA	150	1648	26	34	66	NA	1.57766990291262
7369_Gorai.009G002100.4_Paqua	588	0/1	95	64	NA	159	1648	26	60	40	NA	1.57766990291262
7369_Gorai.009G002100.4_Paqua	606	0/1	66	91	NA	157	1648	26	42	58	NA	1.57766990291262
7369_Gorai.009G002100.4_Paqua	609	0/1	66	92	NA	158	1648	26	42	58	NA	1.57766990291262
7369_Gorai.009G002100.4_Paqua	618	0/1	58	103	NA	161	1648	26	36	64	NA	1.57766990291262
7369_Gorai.009G002100.4_Paqua	632	0/1	107	43	NA	150	1648	26	71	29	NA	1.57766990291262
7369_Gorai.009G002100.4_Paqua	642	0/1	37	113	NA	150	1648	26	25	75	NA	1.57766990291262
7369_Gorai.009G002100.4_Paqua	678	1/1	23	130	NA	153	1648	26	15	85	NA	1.57766990291262
7369_Gorai.009G002100.4_Paqua	816	0/1	93	71	NA	164	1648	26	57	43	NA	1.57766990291262
7369_Gorai.009G002100.4_Paqua	819	0/1	93	70	NA	163	1648	26	57	43	NA	1.57766990291262
7369_Gorai.009G002100.4_Paqua	831	0/1	64	95	NA	159	1648	26	40	60	NA	1.57766990291262
7369_Gorai.009G002100.4_Paqua	900	1/1	41	115	NA	156	1648	26	26	74	NA	1.57766990291262
7369_Gorai.009G002100.4_Paqua	933	1/1	34	124	NA	158	1648	26	22	78	NA	1.57766990291262
7369_Gorai.009G002100.4_Paqua	951	1/1	33	117	NA	150	1648	26	22	78	NA	1.57766990291262
7369_Gorai.009G002100.4_Paqua	1034	1/1	1	131	NA	132	1648	26	1	99	NA	1.57766990291262
7369_Gorai.009G002100.4_Paqua	1098	1/1	2	121	NA	123	1648	26	2	98	NA	1.57766990291262
7369_Gorai.009G002100.4_Paqua_3	30	0/1	11	21	NA	32	1648	36	34	66	NA	2.18446601941748
7369_Gorai.009G002100.4_Paqua_3	191	1/1	42	80	NA	122	1648	36	34	66	NA	2.18446601941748
7369_Gorai.009G002100.4_Paqua_3	249	0/1	79	70	NA	149	1648	36	53	47	NA	2.18446601941748
7369_Gorai.009G002100.4_Paqua_3	264	1/1	81	70	NA	151	1648	36	54	46	NA	2.18446601941748
7369_Gorai.009G002100.4_Paqua_3	348	0/1	70	85	NA	155	1648	36	45	55	NA	2.18446601941748
7369_Gorai.009G002100.4_Paqua_3	435	0/1	92	55	NA	147	1648	36	63	37	NA	2.18446601941748
7369_Gorai.009G002100.4_Paqua_3	447	0/1	56	93	NA	149	1648	36	38	62	NA	2.18446601941748
7369_Gorai.009G002100.4_Paqua_3	453	0/1	57	95	NA	152	1648	36	38	62	NA	2.18446601941748
7369_Gorai.009G002100.4_Paqua_3	517	1/1	62	96	NA	158	1648	36	39	61	NA	2.18446601941748
7369_Gorai.009G002100.4_Paqua_3	588	0/1	112	54	NA	166	1648	36	67	33	NA	2.18446601941748
7369_Gorai.009G002100.4_Paqua_3	606	0/1	51	113	NA	164	1648	36	31	69	NA	2.18446601941748
7369_Gorai.009G002100.4_Paqua_3	609	0/1	50	112	NA	162	1648	36	31	69	NA	2.18446601941748
7369_Gorai.009G002100.4_Paqua_3	618	0/1	45	121	NA	166	1648	36	27	73	NA	2.18446601941748
7369_Gorai.009G002100.4_Paqua_3	632	0/1	124	40	NA	164	1648	36	76	24	NA	2.18446601941748
7369_Gorai.009G002100.4_Paqua_3	642	0/1	37	125	NA	162	1648	36	23	77	NA	2.18446601941748
7369_Gorai.009G002100.4_Paqua_3	678	1/1	26	138	NA	164	1648	36	16	84	NA	2.18446601941748
7369_Gorai.009G002100.4_Paqua_3	816	0/1	82	66	NA	148	1648	36	55	45	NA	2.18446601941748
7369_Gorai.009G002100.4_Paqua_3	819	0/1	83	63	NA	146	1648	36	57	43	NA	2.18446601941748
7369_Gorai.009G002100.4_Paqua_3	831	0/1	61	80	NA	141	1648	36	43	57	NA	2.18446601941748
7369_Gorai.009G002100.4_Paqua_3	900	1/1	38	90	NA	128	1648	36	30	70	NA	2.18446601941748
7369_Gorai.009G002100.4_Paqua_3	933	1/1	29	92	NA	121	1648	36	24	76	NA	2.18446601941748
7369_Gorai.009G002100.4_Paqua_3	951	1/1	23	98	NA	121	1648	36	19	81	NA	2.18446601941748
7369_Gorai.009G002100.4_Paqua_3	1034	1/1	0	105	NA	105	1648	36	0	100	NA	2.18446601941748
7369_Gorai.009G002100.4_Paqua_3	1098	1/1	0	83	NA	83	1648	36	0	100	NA	2.18446601941748
7369_Gorai.009G002100.4_Paqua_3	1138	1/1	9	58	NA	67	1648	36	13	87	NA	2.18446601941748
7369_Gorai.009G002100.4_Paqua_3	1152	1/1	10	54	NA	64	1648	36	16	84	NA	2.18446601941748
7369_Gorai.009G002100.4_Paqua_3	1178	1/1	19	38	NA	57	1648	36	33	67	NA	2.18446601941748
7369_Gorai.009G002100.4_Paqua_3	1194	1/1	25	15	NA	40	1648	36	62	38	NA	2.18446601941748
7369_Gorai.009G002100.4_Paqua_3	1197	1/1	24	15	NA	39	1648	36	62	38	NA	2.18446601941748
7369_Gorai.009G002100.4_Paqua_3	1211	1/1	25	16	NA	41	1648	36	61	39	NA	2.18446601941748
7369_Gorai.009G002100.4_Paqua_3	1213	1/1	28	16	NA	44	1648	36	64	36	NA	2.18446601941748
7369_Gorai.009G002100.4_Paqua_3	1227	1/1	37	15	NA	52	1648	36	71	29	NA	2.18446601941748
7369_Gorai.009G002100.4_Paqua_3	1229	1/1	38	14	NA	52	1648	36	73	27	NA	2.18446601941748
7369_Gorai.009G002100.4_Paqua_3	1231	1/1	39	14	NA	53	1648	36	74	26	NA	2.18446601941748
7369_Gorai.009G002100.4_Paqua_3	1234	1/1	40	15	NA	55	1648	36	73	27	NA	2.18446601941748
7369_Gorai.009G002100.4_Paqua_3	1252	1/1	46	10	NA	56	1648	36	82	18	NA	2.18446601941748
7442_Gorai.012G040400.1_P1_Paqua_3	837	1/1	0	15	NA	15	2057	1	0	100	NA	0.0486144871171609
7606_Gorai.004G131300.1_Paqua	1962	1/1	4	32	NA	36	3486	2	11	89	NA	0.057372346528973
7606_Gorai.004G131300.1_Paqua	2812	1/1	0	15	NA	15	3486	2	0	100	NA	0.057372346528973
7606_Gorai.004G131300.1_Paqua_3	1962	1/1	2	40	NA	42	3486	2	5	95	NA	0.057372346528973
7606_Gorai.004G131300.1_Paqua_3	2393	1/1	0	10	NA	10	3486	2	0	100	NA	0.057372346528973
7782_Gorai.008G118200.1_Paqua	1530	1/1	0	2	NA	2	2097	1	0	100	NA	0.0476871721506915
7856_Gorai.003G086000.1_P1_Paqua	1079	1/1	0	5	NA	5	1798	5	0	100	NA	0.278086763070078
7856_Gorai.003G086000.1_P1_Paqua	1109	1/1	3	12	NA	15	1798	5	20	80	NA	0.278086763070078
7856_Gorai.003G086000.1_P1_Paqua	1183	1/1	0	38	NA	38	1798	5	0	100	NA	0.278086763070078
7856_Gorai.003G086000.1_P1_Paqua	1234	1/1	0	48	NA	48	1798	5	0	100	NA	0.278086763070078
7856_Gorai.003G086000.1_P1_Paqua	1247	1/1	0	46	NA	46	1798	5	0	100	NA	0.278086763070078
8031_Gorai.003G035200.6_P1_Paqua_3	609	1/1	7	16	NA	23	1243	6	30	70	NA	0.482703137570394
8031_Gorai.003G035200.6_P1_Paqua_3	756	1/1	1	24	NA	25	1243	6	4	96	NA	0.482703137570394
8031_Gorai.003G035200.6_P1_Paqua_3	810	1/1	3	15	NA	18	1243	6	17	83	NA	0.482703137570394
8031_Gorai.003G035200.6_P1_Paqua_3	832	1/1	4	12	NA	16	1243	6	25	75	NA	0.482703137570394
8031_Gorai.003G035200.6_P1_Paqua_3	854	1/1	4	7	NA	11	1243	6	36	64	NA	0.482703137570394
8031_Gorai.003G035200.6_P1_Paqua_3	868	1/1	4	6	NA	10	1243	6	40	60	NA	0.482703137570394
8173_Gorai.002G128400.2_Paqua	2119	0/1	24	14	NA	38	2658	2	63	37	NA	0.0752445447705041
8173_Gorai.002G128400.2_Paqua	2294	1/1	0	20	NA	20	2658	2	0	100	NA	0.0752445447705041
8173_Gorai.002G128400.2_Paqua_3	2119	1/1	15	14	NA	29	2658	3	52	48	NA	0.112866817155756
8173_Gorai.002G128400.2_Paqua_3	2294	1/1	2	11	NA	13	2658	3	15	85	NA	0.112866817155756
8173_Gorai.002G128400.2_Paqua_3	2329	1/1	2	6	NA	8	2658	3	25	75	NA	0.112866817155756
8187_Gorai.006G138300.1_Paqua	221	1/1	0	12	NA	12	3557	2	0	100	NA	0.0562271577171774
8187_Gorai.006G138300.1_Paqua	3260	0/1	3	30	NA	33	3557	2	9	91	NA	0.0562271577171774
8902_Gorai.009G043400.2_P3_Paqua	115	1/1	24	7	NA	31	1204	38	77	23	NA	3.15614617940199
8902_Gorai.009G043400.2_P3_Paqua	136	1/1	25	7	NA	32	1204	38	78	22	NA	3.15614617940199
8902_Gorai.009G043400.2_P3_Paqua	139	1/1	25	8	NA	33	1204	38	76	24	NA	3.15614617940199
8902_Gorai.009G043400.2_P3_Paqua	145	1/1	25	8	NA	33	1204	38	76	24	NA	3.15614617940199
8902_Gorai.009G043400.2_P3_Paqua	163	1/1	26	8	NA	34	1204	38	76	24	NA	3.15614617940199
8902_Gorai.009G043400.2_P3_Paqua	166	1/1	25	8	NA	33	1204	38	76	24	NA	3.15614617940199
8902_Gorai.009G043400.2_P3_Paqua	184	1/1	9	10	NA	19	1204	38	47	53	NA	3.15614617940199
8902_Gorai.009G043400.2_P3_Paqua	202	0/1	30	14	NA	44	1204	38	68	32	NA	3.15614617940199
8902_Gorai.009G043400.2_P3_Paqua	205	0/1	31	12	NA	43	1204	38	72	28	NA	3.15614617940199
8902_Gorai.009G043400.2_P3_Paqua	217	1/1	5	43	NA	48	1204	38	10	90	NA	3.15614617940199
8902_Gorai.009G043400.2_P3_Paqua	219	0/1	34	14	NA	48	1204	38	71	29	NA	3.15614617940199
8902_Gorai.009G043400.2_P3_Paqua	247	0/1	29	21	NA	50	1204	38	58	42	NA	3.15614617940199
8902_Gorai.009G043400.2_P3_Paqua	256	0/1	32	18	NA	50	1204	38	64	36	NA	3.15614617940199
8902_Gorai.009G043400.2_P3_Paqua	265	0/1	30	17	NA	47	1204	38	64	36	NA	3.15614617940199
8902_Gorai.009G043400.2_P3_Paqua	276	0/1	36	20	NA	56	1204	38	64	36	NA	3.15614617940199
8902_Gorai.009G043400.2_P3_Paqua	277	0/1	37	20	NA	57	1204	38	65	35	NA	3.15614617940199
8902_Gorai.009G043400.2_P3_Paqua	286	0/1	28	23	NA	51	1204	38	55	45	NA	3.15614617940199
8902_Gorai.009G043400.2_P3_Paqua	298	0/1	30	25	NA	55	1204	38	55	45	NA	3.15614617940199
8902_Gorai.009G043400.2_P3_Paqua	313	0/1	27	28	NA	55	1204	38	49	51	NA	3.15614617940199
8902_Gorai.009G043400.2_P3_Paqua	351	0/1	32	31	NA	63	1204	38	51	49	NA	3.15614617940199
8902_Gorai.009G043400.2_P3_Paqua	358	0/1	39	22	NA	61	1204	38	64	36	NA	3.15614617940199
8902_Gorai.009G043400.2_P3_Paqua	367	0/1	41	21	NA	62	1204	38	66	34	NA	3.15614617940199
8902_Gorai.009G043400.2_P3_Paqua	370	0/1	39	23	NA	62	1204	38	63	37	NA	3.15614617940199
8902_Gorai.009G043400.2_P3_Paqua	394	0/1	48	19	NA	67	1204	38	72	28	NA	3.15614617940199
8902_Gorai.009G043400.2_P3_Paqua	400	0/1	44	18	NA	62	1204	38	71	29	NA	3.15614617940199
8902_Gorai.009G043400.2_P3_Paqua	415	0/1	36	28	NA	64	1204	38	56	44	NA	3.15614617940199
8902_Gorai.009G043400.2_P3_Paqua	424	0/1	24	44	NA	68	1204	38	35	65	NA	3.15614617940199
8902_Gorai.009G043400.2_P3_Paqua	427	0/1	43	24	NA	67	1204	38	64	36	NA	3.15614617940199
8902_Gorai.009G043400.2_P3_Paqua	433	0/1	49	15	NA	64	1204	38	77	23	NA	3.15614617940199
8902_Gorai.009G043400.2_P3_Paqua	445	0/1	26	35	NA	61	1204	38	43	57	NA	3.15614617940199
8902_Gorai.009G043400.2_P3_Paqua	465	0/1	32	27	NA	59	1204	38	54	46	NA	3.15614617940199
8902_Gorai.009G043400.2_P3_Paqua	484	0/1	46	11	NA	57	1204	38	81	19	NA	3.15614617940199
8902_Gorai.009G043400.2_P3_Paqua	490	0/1	32	25	NA	57	1204	38	56	44	NA	3.15614617940199
8902_Gorai.009G043400.2_P3_Paqua	625	0/1	31	14	NA	45	1204	38	69	31	NA	3.15614617940199
8902_Gorai.009G043400.2_P3_Paqua	633	0/1	32	13	NA	45	1204	38	71	29	NA	3.15614617940199
8902_Gorai.009G043400.2_P3_Paqua	776	1/1	12	38	NA	50	1204	38	24	76	NA	3.15614617940199
8902_Gorai.009G043400.2_P3_Paqua	869	1/1	32	19	NA	51	1204	38	63	37	NA	3.15614617940199
8902_Gorai.009G043400.2_P3_Paqua	908	0/1	15	30	NA	45	1204	38	33	67	NA	3.15614617940199
8902_Gorai.009G043400.2_P3_Paqua_3	184	0/1	5	25	NA	30	1204	29	17	83	NA	2.40863787375415
8902_Gorai.009G043400.2_P3_Paqua_3	217	1/1	5	26	NA	31	1204	29	16	84	NA	2.40863787375415
8902_Gorai.009G043400.2_P3_Paqua_3	313	1/1	7	24	NA	31	1204	29	23	77	NA	2.40863787375415
8902_Gorai.009G043400.2_P3_Paqua_3	372	0/1	35	10	NA	45	1204	29	78	22	NA	2.40863787375415
8902_Gorai.009G043400.2_P3_Paqua_3	387	0/1	34	12	NA	46	1204	29	74	26	NA	2.40863787375415
8902_Gorai.009G043400.2_P3_Paqua_3	405	0/1	34	11	NA	45	1204	29	76	24	NA	2.40863787375415
8902_Gorai.009G043400.2_P3_Paqua_3	424	0/1	22	24	NA	46	1204	29	48	52	NA	2.40863787375415
8902_Gorai.009G043400.2_P3_Paqua_3	427	0/1	25	22	NA	47	1204	29	53	47	NA	2.40863787375415
8902_Gorai.009G043400.2_P3_Paqua_3	433	0/1	29	19	NA	48	1204	29	60	40	NA	2.40863787375415
8902_Gorai.009G043400.2_P3_Paqua_3	445	0/1	25	23	NA	48	1204	29	52	48	NA	2.40863787375415
8902_Gorai.009G043400.2_P3_Paqua_3	460	0/1	36	11	NA	47	1204	29	77	23	NA	2.40863787375415
8902_Gorai.009G043400.2_P3_Paqua_3	484	0/1	29	19	NA	48	1204	29	60	40	NA	2.40863787375415
8902_Gorai.009G043400.2_P3_Paqua_3	490	1/1	17	31	NA	48	1204	29	35	65	NA	2.40863787375415
8902_Gorai.009G043400.2_P3_Paqua_3	496	0/1	37	10	NA	47	1204	29	79	21	NA	2.40863787375415
8902_Gorai.009G043400.2_P3_Paqua_3	505	0/1	35	10	NA	45	1204	29	78	22	NA	2.40863787375415
8902_Gorai.009G043400.2_P3_Paqua_3	514	0/1	24	16	NA	40	1204	29	60	40	NA	2.40863787375415
8902_Gorai.009G043400.2_P3_Paqua_3	547	0/1	28	4	NA	32	1204	29	88	12	NA	2.40863787375415
8902_Gorai.009G043400.2_P3_Paqua_3	562	0/1	28	4	NA	32	1204	29	88	12	NA	2.40863787375415
8902_Gorai.009G043400.2_P3_Paqua_3	574	1/1	21	4	NA	25	1204	29	84	16	NA	2.40863787375415
8902_Gorai.009G043400.2_P3_Paqua_3	755	0/1	17	10	NA	27	1204	29	63	37	NA	2.40863787375415
8902_Gorai.009G043400.2_P3_Paqua_3	776	0/1	15	17	NA	32	1204	29	47	53	NA	2.40863787375415
8902_Gorai.009G043400.2_P3_Paqua_3	788	0/1	14	19	NA	33	1204	29	42	58	NA	2.40863787375415
8902_Gorai.009G043400.2_P3_Paqua_3	791	0/1	19	14	NA	33	1204	29	58	42	NA	2.40863787375415
8902_Gorai.009G043400.2_P3_Paqua_3	815	0/1	22	19	NA	41	1204	29	54	46	NA	2.40863787375415
8902_Gorai.009G043400.2_P3_Paqua_3	830	0/1	22	20	NA	42	1204	29	52	48	NA	2.40863787375415
8902_Gorai.009G043400.2_P3_Paqua_3	836	0/1	26	15	NA	41	1204	29	63	37	NA	2.40863787375415
8902_Gorai.009G043400.2_P3_Paqua_3	839	0/1	21	20	NA	41	1204	29	51	49	NA	2.40863787375415
8902_Gorai.009G043400.2_P3_Paqua_3	908	0/1	20	19	NA	39	1204	29	51	49	NA	2.40863787375415
8902_Gorai.009G043400.2_P3_Paqua_3	935	0/1	20	21	NA	41	1204	29	49	51	NA	2.40863787375415
9057_Gorai.009G271600.2_P1_Paqua	1106	0/1	49	7	NA	56	1659	22	88	12	NA	1.32610006027728
9057_Gorai.009G271600.2_P1_Paqua	1178	0/1	58	12	NA	70	1659	22	83	17	NA	1.32610006027728
9057_Gorai.009G271600.2_P1_Paqua	1184	0/1	65	7	NA	72	1659	22	90	10	NA	1.32610006027728
9057_Gorai.009G271600.2_P1_Paqua	1205	0/1	51	20	NA	71	1659	22	72	28	NA	1.32610006027728
9057_Gorai.009G271600.2_P1_Paqua	1211	0/1	64	10	NA	74	1659	22	86	14	NA	1.32610006027728
9057_Gorai.009G271600.2_P1_Paqua	1226	0/1	48	25	NA	73	1659	22	66	34	NA	1.32610006027728
9057_Gorai.009G271600.2_P1_Paqua	1289	0/1	61	21	NA	82	1659	22	74	26	NA	1.32610006027728
9057_Gorai.009G271600.2_P1_Paqua	1309	0/1	68	9	NA	77	1659	22	88	12	NA	1.32610006027728
9057_Gorai.009G271600.2_P1_Paqua	1312	0/1	68	9	NA	77	1659	22	88	12	NA	1.32610006027728
9057_Gorai.009G271600.2_P1_Paqua	1313	0/1	69	9	NA	78	1659	22	88	12	NA	1.32610006027728
9057_Gorai.009G271600.2_P1_Paqua	1315	0/1	59	18	NA	77	1659	22	77	23	NA	1.32610006027728
9057_Gorai.009G271600.2_P1_Paqua	1319	0/1	68	9	NA	77	1659	22	88	12	NA	1.32610006027728
9057_Gorai.009G271600.2_P1_Paqua	1327	0/1	67	8	NA	75	1659	22	89	11	NA	1.32610006027728
9057_Gorai.009G271600.2_P1_Paqua	1328	0/1	68	9	NA	77	1659	22	88	12	NA	1.32610006027728
9057_Gorai.009G271600.2_P1_Paqua	1329	0/1	60	17	NA	77	1659	22	78	22	NA	1.32610006027728
9057_Gorai.009G271600.2_P1_Paqua	1331	0/1	68	8	NA	76	1659	22	89	11	NA	1.32610006027728
9057_Gorai.009G271600.2_P1_Paqua	1335	0/1	60	17	NA	77	1659	22	78	22	NA	1.32610006027728
9057_Gorai.009G271600.2_P1_Paqua	1347	0/1	71	9	NA	80	1659	22	89	11	NA	1.32610006027728
9057_Gorai.009G271600.2_P1_Paqua	1353	0/1	70	8	NA	78	1659	22	90	10	NA	1.32610006027728
9057_Gorai.009G271600.2_P1_Paqua	1357	0/1	71	8	NA	79	1659	22	90	10	NA	1.32610006027728
9057_Gorai.009G271600.2_P1_Paqua	1410	0/1	70	12	NA	82	1659	22	85	15	NA	1.32610006027728
9057_Gorai.009G271600.2_P1_Paqua	1653	0/1	6	2	NA	8	1659	22	75	25	NA	1.32610006027728
9057_Gorai.009G271600.2_P2_Paqua_3	35	1/1	4	5	NA	9	1019	16	44	56	NA	1.57016683022571
9057_Gorai.009G271600.2_P2_Paqua_3	53	1/1	8	7	NA	15	1019	16	53	47	NA	1.57016683022571
9057_Gorai.009G271600.2_P2_Paqua_3	73	1/1	13	9	NA	22	1019	16	59	41	NA	1.57016683022571
9057_Gorai.009G271600.2_P2_Paqua_3	74	1/1	13	6	NA	19	1019	16	68	32	NA	1.57016683022571
9057_Gorai.009G271600.2_P2_Paqua_3	90	1/1	17	6	NA	23	1019	16	74	26	NA	1.57016683022571
9057_Gorai.009G271600.2_P2_Paqua_3	99	1/1	19	6	NA	25	1019	16	76	24	NA	1.57016683022571
9057_Gorai.009G271600.2_P2_Paqua_3	117	1/1	17	9	NA	26	1019	16	65	35	NA	1.57016683022571
9057_Gorai.009G271600.2_P2_Paqua_3	124	1/1	20	9	NA	29	1019	16	69	31	NA	1.57016683022571
9057_Gorai.009G271600.2_P2_Paqua_3	136	1/1	24	6	NA	30	1019	16	80	20	NA	1.57016683022571
9057_Gorai.009G271600.2_P2_Paqua_3	137	1/1	21	9	NA	30	1019	16	70	30	NA	1.57016683022571
9057_Gorai.009G271600.2_P2_Paqua_3	149	1/1	25	9	NA	34	1019	16	74	26	NA	1.57016683022571
9057_Gorai.009G271600.2_P2_Paqua_3	212	1/1	30	6	NA	36	1019	16	83	17	NA	1.57016683022571
9057_Gorai.009G271600.2_P2_Paqua_3	221	1/1	29	5	NA	34	1019	16	85	15	NA	1.57016683022571
9057_Gorai.009G271600.2_P2_Paqua_3	236	1/1	28	4	NA	32	1019	16	88	12	NA	1.57016683022571
9057_Gorai.009G271600.2_P2_Paqua_3	248	1/1	25	4	NA	29	1019	16	86	14	NA	1.57016683022571
9057_Gorai.009G271600.2_P2_Paqua_3	257	1/1	25	4	NA	29	1019	16	86	14	NA	1.57016683022571
9076_Gorai.001G120700.4_Paqua	681	1/1	0	24	NA	24	3031	3	0	100	NA	0.0989772352358957
9076_Gorai.001G120700.4_Paqua	1986	1/1	0	46	NA	46	3031	3	0	100	NA	0.0989772352358957
9076_Gorai.001G120700.4_Paqua	1989	1/1	0	46	NA	46	3031	3	0	100	NA	0.0989772352358957
9156_Gorai.009G268200.2_P2_Paqua	1500	1/1	42	23	NA	65	2374	6	65	35	NA	0.25273799494524
9156_Gorai.009G268200.2_P2_Paqua	1512	1/1	50	21	NA	71	2374	6	70	30	NA	0.25273799494524
9156_Gorai.009G268200.2_P2_Paqua	1560	0/1	67	29	NA	96	2374	6	70	30	NA	0.25273799494524
9156_Gorai.009G268200.2_P2_Paqua	1587	0/1	85	21	NA	106	2374	6	80	20	NA	0.25273799494524
9156_Gorai.009G268200.2_P2_Paqua	1695	1/1	24	100	NA	124	2374	6	19	81	NA	0.25273799494524
9156_Gorai.009G268200.2_P2_Paqua	2052	1/1	22	79	NA	101	2374	6	22	78	NA	0.25273799494524
9156_Gorai.009G268200.2_P2_Paqua_3	1500	1/1	51	23	NA	74	2374	30	69	31	NA	1.2636899747262
9156_Gorai.009G268200.2_P2_Paqua_3	1560	0/1	64	26	NA	90	2374	30	71	29	NA	1.2636899747262
9156_Gorai.009G268200.2_P2_Paqua_3	1587	0/1	58	46	NA	104	2374	30	56	44	NA	1.2636899747262
9156_Gorai.009G268200.2_P2_Paqua_3	1608	0/1	63	53	NA	116	2374	30	54	46	NA	1.2636899747262
9156_Gorai.009G268200.2_P2_Paqua_3	1629	0/1	79	43	NA	122	2374	30	65	35	NA	1.2636899747262
9156_Gorai.009G268200.2_P2_Paqua_3	1689	0/1	67	66	NA	133	2374	30	50	50	NA	1.2636899747262
9156_Gorai.009G268200.2_P2_Paqua_3	1695	1/1	14	119	NA	133	2374	30	11	89	NA	1.2636899747262
9156_Gorai.009G268200.2_P2_Paqua_3	1710	0/1	66	66	NA	132	2374	30	50	50	NA	1.2636899747262
9156_Gorai.009G268200.2_P2_Paqua_3	1740	0/1	62	58	NA	120	2374	30	52	48	NA	1.2636899747262
9156_Gorai.009G268200.2_P2_Paqua_3	1776	0/1	60	56	NA	116	2374	30	52	48	NA	1.2636899747262
9156_Gorai.009G268200.2_P2_Paqua_3	1839	0/1	46	46	NA	92	2374	30	50	50	NA	1.2636899747262
9156_Gorai.009G268200.2_P2_Paqua_3	1863	1/1	6	70	NA	76	2374	30	8	92	NA	1.2636899747262
9156_Gorai.009G268200.2_P2_Paqua_3	1866	0/1	44	32	NA	76	2374	30	58	42	NA	1.2636899747262
9156_Gorai.009G268200.2_P2_Paqua_3	1884	0/1	47	27	NA	74	2374	30	64	36	NA	1.2636899747262
9156_Gorai.009G268200.2_P2_Paqua_3	1890	0/1	45	31	NA	76	2374	30	59	41	NA	1.2636899747262
9156_Gorai.009G268200.2_P2_Paqua_3	1896	0/1	45	29	NA	74	2374	30	61	39	NA	1.2636899747262
9156_Gorai.009G268200.2_P2_Paqua_3	1902	0/1	49	15	NA	64	2374	30	77	23	NA	1.2636899747262
9156_Gorai.009G268200.2_P2_Paqua_3	1905	0/1	47	15	NA	62	2374	30	76	24	NA	1.2636899747262
9156_Gorai.009G268200.2_P2_Paqua_3	1915	0/1	39	15	NA	54	2374	30	72	28	NA	1.2636899747262
9156_Gorai.009G268200.2_P2_Paqua_3	1917	0/1	38	13	NA	51	2374	30	75	25	NA	1.2636899747262
9156_Gorai.009G268200.2_P2_Paqua_3	1922	1/1	30	18	NA	48	2374	30	62	38	NA	1.2636899747262
9156_Gorai.009G268200.2_P2_Paqua_3	1925	1/1	32	17	NA	49	2374	30	65	35	NA	1.2636899747262
9156_Gorai.009G268200.2_P2_Paqua_3	2043	1/1	46	37	NA	83	2374	30	55	45	NA	1.2636899747262
9156_Gorai.009G268200.2_P2_Paqua_3	2052	1/1	44	58	NA	102	2374	30	43	57	NA	1.2636899747262
9156_Gorai.009G268200.2_P2_Paqua_3	2064	1/1	61	45	NA	106	2374	30	58	42	NA	1.2636899747262
9156_Gorai.009G268200.2_P2_Paqua_3	2098	1/1	53	61	NA	114	2374	30	46	54	NA	1.2636899747262
9156_Gorai.009G268200.2_P2_Paqua_3	2114	1/1	47	67	NA	114	2374	30	41	59	NA	1.2636899747262
9156_Gorai.009G268200.2_P2_Paqua_3	2124	1/1	24	68	NA	92	2374	30	26	74	NA	1.2636899747262
9156_Gorai.009G268200.2_P2_Paqua_3	2160	1/1	23	70	NA	93	2374	30	25	75	NA	1.2636899747262
9156_Gorai.009G268200.2_P2_Paqua_3	2161	0/1	60	32	NA	92	2374	30	65	35	NA	1.2636899747262
9263_Gorai.004G098000.1_P1_Paqua	261	0/1	27	67	NA	94	1251	9	29	71	NA	0.719424460431655
9263_Gorai.004G098000.1_P1_Paqua	312	0/1	35	59	NA	94	1251	9	37	63	NA	0.719424460431655
9263_Gorai.004G098000.1_P1_Paqua	360	0/1	58	41	NA	99	1251	9	59	41	NA	0.719424460431655
9263_Gorai.004G098000.1_P1_Paqua	384	0/1	48	47	NA	95	1251	9	51	49	NA	0.719424460431655
9263_Gorai.004G098000.1_P1_Paqua	404	0/1	45	42	NA	87	1251	9	52	48	NA	0.719424460431655
9263_Gorai.004G098000.1_P1_Paqua	405	0/1	45	42	NA	87	1251	9	52	48	NA	0.719424460431655
9263_Gorai.004G098000.1_P1_Paqua	576	1/1	12	75	NA	87	1251	9	14	86	NA	0.719424460431655
9263_Gorai.004G098000.1_P1_Paqua	606	1/1	13	71	NA	84	1251	9	15	85	NA	0.719424460431655
9263_Gorai.004G098000.1_P1_Paqua	759	0/1	32	31	NA	63	1251	9	51	49	NA	0.719424460431655
9263_Gorai.004G098000.1_P1_Paqua_3	138	0/1	32	15	NA	47	1251	22	68	32	NA	1.7585931254996
9263_Gorai.004G098000.1_P1_Paqua_3	156	0/1	30	22	NA	52	1251	22	58	42	NA	1.7585931254996
9263_Gorai.004G098000.1_P1_Paqua_3	174	0/1	34	25	NA	59	1251	22	58	42	NA	1.7585931254996
9263_Gorai.004G098000.1_P1_Paqua_3	177	0/1	35	26	NA	61	1251	22	57	43	NA	1.7585931254996
9263_Gorai.004G098000.1_P1_Paqua_3	195	0/1	38	27	NA	65	1251	22	58	42	NA	1.7585931254996
9263_Gorai.004G098000.1_P1_Paqua_3	217	0/1	39	34	NA	73	1251	22	53	47	NA	1.7585931254996
9263_Gorai.004G098000.1_P1_Paqua_3	222	0/1	41	34	NA	75	1251	22	55	45	NA	1.7585931254996
9263_Gorai.004G098000.1_P1_Paqua_3	225	0/1	41	33	NA	74	1251	22	55	45	NA	1.7585931254996
9263_Gorai.004G098000.1_P1_Paqua_3	228	0/1	40	33	NA	73	1251	22	55	45	NA	1.7585931254996
9263_Gorai.004G098000.1_P1_Paqua_3	240	0/1	44	35	NA	79	1251	22	56	44	NA	1.7585931254996
9263_Gorai.004G098000.1_P1_Paqua_3	243	0/1	44	38	NA	82	1251	22	54	46	NA	1.7585931254996
9263_Gorai.004G098000.1_P1_Paqua_3	249	0/1	45	39	NA	84	1251	22	54	46	NA	1.7585931254996
9263_Gorai.004G098000.1_P1_Paqua_3	261	0/1	45	41	NA	86	1251	22	52	48	NA	1.7585931254996
9263_Gorai.004G098000.1_P1_Paqua_3	312	0/1	39	49	NA	88	1251	22	44	56	NA	1.7585931254996
9263_Gorai.004G098000.1_P1_Paqua_3	360	0/1	41	43	NA	84	1251	22	49	51	NA	1.7585931254996
9263_Gorai.004G098000.1_P1_Paqua_3	420	0/1	35	51	NA	86	1251	22	41	59	NA	1.7585931254996
9263_Gorai.004G098000.1_P1_Paqua_3	513	1/1	18	44	NA	62	1251	22	29	71	NA	1.7585931254996
9263_Gorai.004G098000.1_P1_Paqua_3	576	1/1	17	48	NA	65	1251	22	26	74	NA	1.7585931254996
9263_Gorai.004G098000.1_P1_Paqua_3	606	1/1	17	52	NA	69	1251	22	25	75	NA	1.7585931254996
9263_Gorai.004G098000.1_P1_Paqua_3	780	1/1	15	39	NA	54	1251	22	28	72	NA	1.7585931254996
9263_Gorai.004G098000.1_P1_Paqua_3	834	1/1	13	9	NA	22	1251	22	59	41	NA	1.7585931254996
9263_Gorai.004G098000.1_P1_Paqua_3	1144	1/1	0	15	NA	15	1251	22	0	100	NA	1.7585931254996
9657_Gorai.004G033500.2_Paqua	1961	1/1	18	13	NA	31	2301	8	58	42	NA	0.34767492394611
9657_Gorai.004G033500.2_Paqua	1975	1/1	17	18	NA	35	2301	8	49	51	NA	0.34767492394611
9657_Gorai.004G033500.2_Paqua	1988	1/1	15	21	NA	36	2301	8	42	58	NA	0.34767492394611
9657_Gorai.004G033500.2_Paqua	1989	1/1	15	21	NA	36	2301	8	42	58	NA	0.34767492394611
9657_Gorai.004G033500.2_Paqua	1993	1/1	15	23	NA	38	2301	8	39	61	NA	0.34767492394611
9657_Gorai.004G033500.2_Paqua	2003	1/1	12	24	NA	36	2301	8	33	67	NA	0.34767492394611
9657_Gorai.004G033500.2_Paqua	2009	1/1	11	26	NA	37	2301	8	30	70	NA	0.34767492394611
9657_Gorai.004G033500.2_Paqua	2132	0/1	1	21	NA	22	2301	8	5	95	NA	0.34767492394611
9657_Gorai.004G033500.2_Paqua_3	2009	1/1	1	31	NA	32	2301	3	3	97	NA	0.130378096479791
9657_Gorai.004G033500.2_Paqua_3	2132	1/1	0	21	NA	21	2301	3	0	100	NA	0.130378096479791
9657_Gorai.004G033500.2_Paqua_3	2140	1/1	0	20	NA	20	2301	3	0	100	NA	0.130378096479791
